100 2544
70 42 1 5803
96 17 1 6485
78 31 1 8144
97 24 0 2572
78 61 0 4653
85 60 0 6269
3 33 1 4732
58 25 1 9456
25 35 1 1747
38 14 1 4300
33 59 1 9288
92 3 1 5831
81 3 0 1819
18 56 0 9793
12 66 0 7636
97 69 0 272
92 33 0 8510
75 16 1 2711
77 1 1 6913
60 13 0 1563
62 82 0 8962
44 25 1 8387
6 27 1 4159
57 92 1 4020
13 49 0 5409
36 21 0 96
79 75 0 5811
79 49 1 3591
42 81 0 9061
60 20 1 3813
76 55 0 8105
32 27 1 2372
78 44 1 5433
19 29 0 9724
61 73 0 3978
3 24 1 288
7 52 0 4734
2 57 1 4518
51 25 1 7912
95 48 0 7815
72 35 0 920
78 69 1 6356
19 34 0 1634
19 31 0 8824
87 23 0 6078
84 36 0 1848
72 56 0 5730
26 86 0 7736
5 89 1 897
33 16 0 333
58 13 1 3334
82 38 0 9544
17 80 1 4970
50 95 1 5737
62 31 0 6220
42 28 1 8675
53 28 1 687
53 38 0 1193
66 32 1 9528
38 84 1 6663
68 38 0 6336
83 3 0 4332
19 57 0 2437
38 98 1 7761
82 6 1 4072
46 34 0 6497
37 73 0 2599
85 31 0 4708
53 100 1 1528
90 38 1 1037
86 45 1 5522
27 79 0 4109
69 94 1 4194
29 15 1 7312
63 79 1 4724
98 61 0 716
66 83 0 2394
38 41 1 2952
22 40 0 7091
52 87 0 7568
29 7 1 8293
46 53 0 5226
78 37 1 9092
68 47 1 1691
92 65 1 8997
17 52 0 6142
57 97 1 1766
7 3 0 1693
64 73 0 9815
84 43 1 82
64 47 0 4059
17 78 0 5502
10 14 0 5020
57 4 1 9165
84 86 1 5859
22 34 1 3157
16 93 0 7049
70 62 1 8049
96 55 1 3218
77 53 1 9330
42 17 0 6071
47 51 0 7312
53 66 0 4398
36 7 1 3104
26 43 1 7216
94 48 0 7169
40 86 0 7241
76 34 1 2802
70 36 1 7902
35 57 0 8172
33 54 0 4185
46 43 0 8363
31 53 1 5175
49 45 0 3701
92 10 1 7248
55 9 1 5978
87 100 1 8555
10 97 0 6330
18 67 1 7559
71 49 0 2721
20 19 0 3575
37 84 1 45
33 93 1 423
92 78 0 2376
16 99 0 8509
3 100 0 4967
74 45 0 1753
65 56 1 9456
83 58 0 5751
21 35 0 2241
95 68 1 749
25 40 0 4660
92 83 0 2332
89 97 0 501
73 52 0 2910
91 7 0 840
92 99 1 632
73 1 1 970
90 39 0 7471
57 11 0 5338
75 10 1 8847
45 94 0 8290
82 5 0 7185
21 8 1 9216
77 57 1 8465
53 5 0 2928
69 8 0 7904
18 1 0 3988
34 93 1 7378
48 66 0 5619
88 67 1 9477
91 49 1 3106
65 58 0 6599
56 43 0 5762
38 80 1 283
36 3 1 5566
40 52 1 9932
48 71 0 6001
86 12 1 3269
65 81 0 3513
54 26 0 7690
57 36 1 1539
69 65 1 6844
86 67 0 3994
29 62 0 758
64 88 0 1599
15 94 1 5641
45 100 0 5826
4 54 1 2995
67 72 1 6066
45 98 0 7732
69 64 0 2696
83 37 0 6301
92 94 0 1740
99 57 1 3506
60 47 1 2252
33 6 1 1863
47 33 1 6082
46 18 1 1256
52 48 0 8929
61 98 1 9332
85 29 1 548
73 95 1 883
66 90 1 9178
7 90 1 3882
15 37 1 6970
35 30 0 2526
61 94 0 671
7 79 1 9779
15 67 1 3661
88 57 0 9328
93 12 1 8780
1 79 1 294
1 43 1 4963
85 44 1 9600
13 92 1 5002
14 3 1 3010
69 4 1 7348
81 12 1 4648
23 2 0 536
6 77 0 8807
2 49 1 9747
99 46 0 3062
99 15 0 2453
30 60 0 6244
6 58 0 815
46 3 0 9123
29 97 1 2663
34 37 1 2737
20 8 0 6890
55 98 1 6398
31 17 0 3827
53 58 1 4108
31 62 0 4906
93 90 1 4623
40 36 0 4009
59 18 0 2411
34 76 1 7528
80 35 0 7742
4 16 0 5982
60 65 0 6398
46 59 1 4781
19 66 1 4849
21 43 1 8810
31 96 0 3716
15 18 0 7748
92 7 0 2990
16 54 0 1008
60 96 1 9911
18 50 0 9250
91 59 1 6549
58 98 1 9674
16 19 0 8760
96 42 1 7882
30 18 0 2369
60 90 0 7565
36 47 0 7321
88 3 1 5310
83 12 1 6562
67 100 1 1050
51 82 0 7753
58 66 0 4761
62 8 0 9114
48 13 0 6655
98 69 0 2714
66 8 0 4995
43 86 0 4463
88 97 0 6493
20 37 0 9518
32 75 1 1520
30 53 1 7794
82 51 1 903
25 41 0 4149
14 97 0 6646
24 36 1 3271
39 1 0 8682
42 78 0 6806
6 37 1 5765
97 63 1 7845
87 35 0 6029
98 10 1 9160
58 31 1 8712
91 62 1 4815
59 20 0 4072
67 13 1 460
53 96 1 7000
30 9 1 7905
19 82 1 369
45 81 0 9000
60 43 1 7368
65 77 0 6236
42 14 0 5066
34 44 1 7710
94 73 0 2839
41 32 0 1136
75 96 1 4488
53 23 0 9552
55 47 0 4662
68 28 0 4616
5 99 1 2800
39 67 0 7276
32 50 0 8675
12 23 1 4641
12 73 0 6521
20 79 1 7546
92 58 0 6521
82 53 0 3963
41 60 1 8766
93 79 1 9439
32 86 1 7018
64 59 1 934
34 78 0 5379
95 72 0 5242
49 42 0 2816
79 19 1 784
51 97 0 8790
28 67 0 9421
84 49 1 9945
91 15 1 1603
75 30 1 1774
78 86 1 6409
83 47 0 6466
15 83 0 6810
23 65 1 3266
15 47 1 1495
78 18 0 8036
8 38 0 5660
73 94 0 6111
98 25 0 8656
54 77 0 2098
64 1 0 223
6 47 1 5479
60 62 1 8573
24 21 0 6527
4 9 1 6666
32 48 1 613
46 100 1 1499
86 31 0 7599
58 56 1 6650
76 16 1 5682
96 60 0 2935
97 76 1 537
63 88 1 9218
39 74 0 1059
48 2 1 8696
32 87 1 1190
52 82 1 6413
13 75 1 5471
11 70 1 2377
95 60 1 6856
100 55 1 631
32 61 1 9259
25 62 0 7297
48 69 1 7373
98 43 1 4583
46 37 0 1657
11 77 0 1182
5 93 1 2560
20 59 1 4866
93 53 1 625
42 44 0 4666
19 4 0 6096
92 56 1 374
45 30 0 6092
3 17 1 3305
44 90 1 1387
87 9 1 6907
21 55 0 938
91 44 0 6596
86 57 0 498
11 73 1 9481
26 58 1 3808
39 98 0 5380
52 49 1 4661
18 53 1 7799
8 21 1 3281
98 26 1 2073
23 48 0 2737
13 91 1 744
5 44 0 7217
72 57 1 9873
14 99 1 6253
17 14 1 4681
62 64 1 3831
66 61 0 8435
16 80 0 9854
24 47 1 7951
68 52 1 6830
94 58 0 353
2 21 1 1201
30 77 0 3589
48 32 0 1824
91 65 0 292
72 52 1 4568
56 37 1 596
78 58 1 7022
4 17 1 4475
80 86 1 3953
45 74 0 9326
78 77 0 944
7 74 1 2188
51 39 0 7645
74 68 1 277
66 33 1 8496
89 62 0 2328
81 92 0 1540
55 45 0 2669
63 30 1 466
99 69 0 5508
67 34 0 6964
92 32 0 5722
45 1 0 3777
5 43 0 246
49 23 0 4919
26 62 1 7488
17 73 0 5417
71 68 0 6124
43 87 1 5626
11 47 1 8217
58 49 1 76
27 21 1 6588
47 23 0 6283
85 2 0 2539
89 21 0 3381
56 84 1 1895
37 58 1 3758
1 86 0 1307
64 66 0 939
19 22 0 6573
79 41 1 7772
44 67 1 8391
98 39 1 9951
59 71 1 1990
89 6 0 6983
16 33 0 8470
36 69 0 9722
26 36 1 2748
79 12 1 6354
90 62 1 978
99 25 0 3351
29 30 0 7644
87 7 0 5526
34 97 1 4437
51 54 1 1378
8 96 0 442
81 67 1 1
28 70 1 1638
41 26 0 7148
50 85 0 6451
23 12 1 7960
10 29 0 4421
6 15 0 914
71 90 1 9327
69 25 0 1721
62 51 0 8061
5 34 0 4927
58 64 0 6484
66 87 1 9483
66 77 0 4339
57 19 1 7893
6 98 1 8403
14 62 1 8296
92 14 0 7834
48 43 1 2231
91 93 0 2153
13 98 0 4977
21 59 1 2141
57 81 1 9719
94 50 0 3112
82 2 1 4531
90 68 0 1248
13 51 1 5343
23 56 1 8264
68 2 0 9403
90 43 1 2385
3 26 0 3927
18 37 0 2820
19 60 1 5662
58 17 1 7207
62 3 1 1783
75 86 0 8437
69 67 0 7363
26 31 0 2534
97 28 1 6934
90 5 1 2357
92 96 1 5135
89 13 1 3566
29 84 0 3103
11 40 1 6835
72 24 0 1699
77 94 1 6260
3 75 0 8519
14 54 0 5187
86 73 0 471
74 35 0 7008
90 70 0 2350
49 88 1 8399
59 61 1 722
68 78 0 4034
83 26 1 1229
72 27 1 1328
81 61 0 328
99 12 0 5106
19 36 1 3164
47 68 0 8489
39 4 0 7711
34 17 1 6187
6 94 1 5103
27 72 0 2586
31 60 0 5935
72 7 1 9108
89 88 1 3902
48 19 1 2367
36 20 1 4523
93 30 0 4007
37 90 0 6176
80 27 1 2283
56 88 1 9357
24 78 1 2353
46 69 0 9036
51 52 0 4326
33 82 0 9239
70 44 1 4529
40 64 0 7374
1 15 0 2472
46 82 1 4664
72 84 0 656
69 47 1 9421
16 78 1 3764
49 78 0 7409
71 24 0 1189
78 13 0 1136
12 91 0 1163
54 1 1 9895
37 69 1 5015
99 34 1 4778
40 89 0 5922
48 75 0 8191
93 17 1 1732
87 97 1 7141
79 23 0 7451
44 68 0 1763
63 28 1 1865
28 59 0 6792
34 12 1 5051
50 18 0 8871
30 54 1 2306
97 10 1 4587
53 74 1 7466
7 22 0 5046
55 16 1 3126
47 13 0 8602
100 31 0 6036
18 14 1 5803
11 32 1 5912
95 63 1 5215
85 15 0 4976
68 50 1 1618
2 4 1 5341
4 30 0 9633
81 2 0 5014
17 5 0 2457
86 72 0 7746
74 82 1 5590
37 2 0 8356
99 45 0 7912
30 49 0 6668
3 77 0 1858
16 39 0 7882
61 29 0 2148
84 66 0 3417
53 12 0 8027
75 18 1 7232
26 96 1 3237
36 92 1 9920
77 14 0 8507
3 49 1 2293
73 71 1 9962
89 5 0 6236
58 96 0 9877
78 47 1 1379
90 4 0 8288
40 43 1 403
53 89 1 6090
14 88 1 346
36 99 0 5044
20 24 1 651
95 11 1 4510
49 79 0 9132
60 38 0 1819
100 57 0 587
54 95 1 8244
87 81 0 5126
55 14 0 1560
48 56 1 5176
3 81 0 9172
45 57 0 3169
3 95 1 4340
13 15 0 19
16 100 1 7896
44 35 1 1966
90 57 1 33
33 14 0 471
7 38 0 8579
62 26 0 5015
74 69 1 5333
97 65 1 3256
92 39 1 9486
7 92 1 9568
11 9 0 3187
1 20 1 8588
96 61 1 30
45 49 1 2996
2 72 0 4176
15 99 0 2154
12 45 1 8648
84 38 0 4510
92 66 1 999
98 84 0 9977
56 33 1 6948
99 37 1 1186
23 25 1 3150
52 54 0 8066
70 38 0 6136
79 57 0 7426
14 77 0 1074
89 94 0 4033
89 67 1 8852
53 6 0 5312
54 38 0 9874
90 8 0 8805
38 22 0 5196
17 96 0 124
53 80 1 796
83 14 0 9042
52 45 1 2425
97 75 0 3215
16 51 1 1876
74 26 1 9204
56 35 0 8395
45 8 0 4777
60 45 0 2042
46 76 0 9146
6 20 1 2184
98 85 1 256
92 26 1 2166
87 72 1 8506
85 89 1 1313
25 33 1 8134
42 48 1 6763
98 78 1 3803
66 59 1 918
41 88 0 3404
27 39 1 8038
92 69 1 7134
65 100 1 3394
3 83 1 4139
60 78 0 1254
59 8 0 9537
40 95 0 8225
90 14 1 5427
1 72 0 4200
95 31 0 2471
84 18 0 6100
50 44 1 5735
14 26 1 3748
18 40 1 4883
68 91 0 3414
53 98 1 6826
81 77 0 9990
97 88 1 962
72 4 0 357
34 64 1 9243
30 1 0 250
39 82 0 8978
25 48 1 4339
21 54 0 304
48 31 1 1768
40 24 0 4074
88 32 0 1353
10 94 1 5972
62 40 1 4607
9 56 1 1015
17 57 1 6908
75 11 1 6842
5 27 0 65
2 81 0 7963
27 12 1 2156
71 97 0 5919
88 68 1 5731
95 76 0 3837
38 45 0 3979
20 34 1 1281
53 7 1 4836
95 73 1 1075
94 3 0 9360
98 21 0 1854
26 75 1 1241
16 59 1 789
95 67 0 4564
54 71 0 8933
78 16 1 9198
55 25 1 9554
9 51 1 1032
73 98 1 3291
84 85 0 3921
39 8 0 7443
47 2 1 7213
77 36 0 9674
38 7 0 8689
25 31 0 4789
75 50 0 6752
35 52 1 9155
51 8 0 8411
36 29 0 5614
97 44 1 6202
35 16 1 2574
88 52 1 521
32 100 0 8184
39 97 0 1829
75 26 0 1946
20 1 0 9495
90 54 0 6858
99 73 1 4324
55 35 0 7901
86 89 1 9860
46 57 0 2547
71 100 0 855
87 61 1 4108
90 17 1 6667
80 70 0 9560
18 92 1 7049
20 31 0 3953
86 76 1 2111
99 16 0 996
29 57 0 8144
27 56 0 8103
66 38 0 1065
22 27 0 7912
83 73 1 9692
75 54 0 5470
87 10 1 6598
86 9 1 2467
99 98 1 298
99 33 1 6304
12 6 0 8511
57 75 0 3130
29 54 0 6499
44 3 0 5674
81 50 0 5894
89 8 1 8639
8 54 1 7841
100 10 0 9711
94 67 1 1594
14 17 1 1138
70 55 1 4651
17 23 0 3166
38 4 0 9549
88 30 0 1609
14 20 0 4747
53 54 1 1950
82 47 1 4641
98 30 1 9658
86 95 1 936
34 24 1 3140
51 89 0 4607
22 24 1 2832
25 80 0 872
72 23 1 4810
21 6 0 6246
65 87 1 2792
50 63 1 5302
98 2 1 6158
13 97 0 2032
26 98 0 1222
27 57 1 3845
49 4 0 6976
9 96 1 3653
9 87 0 1118
76 25 1 6841
1 42 1 5792
20 23 0 5988
33 41 0 6516
60 100 0 3994
77 4 0 4524
43 56 0 3319
46 67 0 573
80 55 0 8568
30 46 0 5531
84 83 1 7396
8 99 1 6049
67 88 1 6997
26 16 1 4155
37 81 0 3936
56 32 0 9601
27 6 1 6279
54 12 1 5995
80 29 0 8521
97 51 0 8439
25 86 1 5296
39 63 1 1885
63 18 1 8686
44 11 0 3109
100 80 0 5956
35 56 0 8986
58 97 0 8025
95 54 0 8270
85 49 1 236
55 56 0 6689
29 88 0 76
43 91 1 6586
70 84 1 1552
7 86 1 8778
41 81 1 994
83 53 1 1026
35 73 1 1613
73 42 0 1085
92 46 1 7332
90 99 0 7244
91 94 0 1454
8 51 0 3844
91 64 1 828
70 22 0 2529
96 99 1 3504
1 68 0 3891
38 17 1 8026
16 42 1 1003
36 62 1 7942
96 72 1 927
52 29 0 9142
93 60 1 4178
18 83 1 3133
98 79 1 2763
31 29 0 5547
12 16 1 2289
81 43 1 6178
24 87 1 6330
77 90 0 1106
82 21 0 77
60 51 1 3502
83 49 1 9772
88 65 1 1665
44 92 1 7707
25 12 0 7197
83 84 0 3079
90 86 1 7227
5 17 1 33
100 50 0 5729
28 47 1 1758
95 53 0 9352
99 42 1 7475
84 53 1 6204
62 2 1 9841
59 70 1 9190
14 51 0 5532
72 75 1 3160
10 88 1 86
3 82 1 8421
89 57 0 2348
42 22 1 3747
75 9 1 1863
68 21 0 7167
76 78 1 8235
48 51 0 8412
90 51 0 8517
54 65 0 3968
23 60 1 7942
22 31 1 8089
62 24 1 2496
43 17 0 8629
55 90 1 3981
48 59 1 8693
46 93 1 1584
9 83 1 8596
83 72 0 5476
89 42 1 3062
31 89 0 5895
23 82 1 5323
88 25 1 2963
50 4 0 5138
83 62 1 1575
46 80 0 3071
93 66 1 9705
6 72 0 4506
63 87 1 5638
93 39 0 2428
41 35 1 321
61 14 1 9275
84 26 1 9258
25 32 0 2736
15 70 0 3723
21 41 1 2224
79 91 0 1832
64 68 0 5657
75 59 1 2993
31 43 0 3448
93 94 1 8520
60 75 1 949
19 15 0 4489
46 72 0 5222
53 42 1 8977
32 7 0 3405
85 50 1 2490
65 75 0 2117
33 86 1 2176
40 71 1 6651
17 90 1 8837
48 84 0 9910
46 11 1 3848
42 73 0 6913
23 68 0 157
84 95 1 3755
75 63 0 4869
93 96 1 3513
20 76 1 4223
44 91 1 3330
18 72 1 8494
12 63 0 4183
34 69 1 176
57 9 0 3304
76 9 0 7605
78 71 0 6429
65 84 0 1491
97 3 0 2765
98 35 0 854
29 50 1 8005
37 3 0 3162
60 93 1 8548
79 37 0 3543
39 25 1 1237
50 49 0 3715
79 27 0 926
1 88 0 2457
43 79 1 2121
1 59 1 5586
51 53 1 1127
7 1 1 4319
83 78 0 4509
83 50 1 2325
44 96 0 5834
75 79 1 9411
94 34 1 7890
28 82 0 6674
86 29 0 1301
81 59 1 4541
82 86 0 9092
96 18 0 5261
4 73 0 8508
7 20 1 2425
12 4 1 6558
70 15 0 6799
80 81 1 6808
65 20 0 8574
47 83 0 7404
48 93 1 6359
87 79 1 1112
99 70 1 4159
35 79 0 1326
76 75 1 8552
98 52 0 8102
20 99 1 8664
80 15 1 2411
90 77 0 8632
74 22 1 7122
100 83 0 9388
12 71 1 6456
73 72 0 4539
1 13 1 8462
60 67 0 9898
47 49 1 3190
55 37 0 6850
48 54 1 8100
92 43 0 4987
50 27 0 9579
39 56 1 9978
42 27 1 7237
28 4 1 7838
12 67 1 6183
25 50 0 7941
39 69 0 2605
22 29 0 7232
18 9 0 8287
100 78 0 6312
94 7 1 929
56 26 1 6356
72 28 0 3362
82 55 1 4424
29 21 1 1771
9 76 1 1314
91 89 1 1848
93 56 0 4208
11 12 0 3633
90 95 0 2392
6 2 0 7949
5 25 0 1610
89 82 1 7551
72 66 1 9379
49 13 1 6699
50 6 0 9851
5 42 0 7336
35 93 0 5902
93 23 1 5147
46 40 1 3226
47 92 0 9967
60 28 1 1356
25 6 1 7686
65 11 1 2717
43 21 1 800
88 38 0 2798
26 21 0 7685
91 71 0 4442
52 14 1 3277
50 30 1 3597
20 72 0 6042
67 92 1 3
20 63 0 9489
13 20 1 1834
24 38 1 2966
3 72 1 462
81 53 0 2185
6 81 1 4044
82 56 0 5884
44 47 1 9324
23 27 0 2746
36 58 0 1954
5 33 0 3479
49 52 1 8853
97 81 0 2027
67 68 1 8943
53 68 1 1540
11 31 1 8664
4 86 1 9829
18 82 1 9789
14 45 1 881
18 70 1 1127
37 15 0 4315
7 70 0 794
15 73 0 840
77 82 0 6347
40 98 1 1428
81 45 1 8419
76 48 1 4889
60 17 0 3620
55 28 0 399
43 33 1 7531
47 85 1 7786
39 38 0 2552
76 38 1 4166
85 9 1 5773
12 85 0 2490
90 50 0 6561
97 14 0 4855
69 79 1 1222
52 15 0 9983
41 47 1 7793
55 19 0 4277
68 14 1 3960
92 8 0 7442
9 45 1 6725
18 2 0 5375
3 87 0 7501
70 78 0 4385
64 50 1 8604
36 96 0 7505
17 40 1 6196
43 69 1 3869
34 28 0 9048
61 70 1 1002
61 43 0 9941
64 32 0 1893
59 25 1 6569
95 43 1 581
30 93 0 1110
45 92 0 4496
54 66 0 2433
92 77 0 7735
54 11 0 409
7 32 1 6459
82 41 0 8170
88 94 1 1961
51 30 1 1565
38 66 0 4478
99 62 0 1897
63 25 0 4606
51 95 0 2796
19 53 0 4458
29 63 1 7681
26 30 0 8870
86 79 0 8147
32 67 0 2310
57 28 0 4111
6 7 1 2190
33 73 0 8497
54 67 0 6126
29 45 1 7054
28 1 0 1719
63 1 0 5190
52 81 1 5038
15 85 1 779
76 85 1 6909
76 83 1 2572
73 49 0 2300
15 77 0 5441
81 56 0 2825
19 84 0 1252
62 5 1 3937
33 36 0 3988
36 35 0 8728
18 93 0 9189
8 88 1 3007
80 10 0 3614
85 8 1 928
34 45 1 4645
77 10 1 4996
97 47 0 3147
98 97 1 5716
34 70 1 3328
20 2 0 9317
54 4 0 5509
91 40 0 6610
20 58 1 9069
59 98 0 3518
68 29 0 204
100 91 1 7677
26 15 1 126
66 1 0 2691
9 99 1 206
52 24 0 224
88 47 0 4172
14 10 0 6325
42 68 0 9793
92 95 1 1738
100 28 0 7178
4 85 1 9021
35 70 1 9829
94 59 0 5109
27 54 1 6118
30 40 0 7305
14 60 1 5522
36 78 0 8289
68 24 0 95
45 54 0 5964
90 79 1 9510
45 3 0 3749
47 93 1 4501
85 30 0 7118
56 5 1 2127
39 76 0 5447
9 90 0 5079
79 98 0 3080
86 83 1 7610
24 96 1 977
53 79 1 8665
30 16 1 4771
92 61 1 768
80 42 1 1067
25 68 0 8184
89 52 1 3456
67 80 0 5993
62 81 1 7210
9 30 1 1624
35 95 0 8909
67 91 1 7657
74 41 0 9519
56 25 0 292
50 80 0 9232
43 77 0 3712
52 35 1 5814
48 97 1 9808
59 72 0 6063
38 40 0 6110
98 22 0 8012
55 32 1 2457
83 77 0 3121
9 92 1 6037
26 67 0 2813
81 14 0 943
74 91 0 3806
81 93 1 6237
29 46 1 2262
20 93 1 9977
25 3 1 7814
2 56 1 336
42 100 1 6197
19 59 0 1217
86 100 1 7622
89 4 1 2194
12 36 0 953
35 68 0 9021
19 39 0 1604
18 64 1 6337
72 69 1 8539
26 34 1 6843
82 75 1 4304
59 75 0 2276
78 25 0 8883
6 25 1 2589
28 55 1 9133
31 59 1 6847
67 18 1 9605
97 73 1 784
13 57 0 9970
35 60 0 9013
18 45 0 595
66 19 0 3760
41 25 1 6237
97 42 1 9639
57 42 0 424
4 53 0 6838
26 35 1 3032
36 77 0 1702
27 83 0 669
23 43 1 1428
7 28 1 4295
74 8 0 9820
50 89 1 4648
5 84 1 925
37 57 0 6864
50 76 0 1369
88 85 0 3580
92 35 1 3829
16 35 0 5446
42 72 0 852
100 66 0 1767
3 9 1 7778
35 83 0 565
93 99 1 8613
56 79 0 5714
67 3 1 1046
56 14 0 7564
79 48 1 2095
45 36 1 6600
75 55 1 7818
48 16 0 9655
20 57 1 9827
39 26 0 3119
62 95 1 388
9 33 1 6983
19 17 1 4582
8 81 0 4359
96 2 1 3794
23 14 0 1995
90 12 0 3165
44 59 0 783
86 93 1 6810
50 39 0 3480
52 63 0 9628
67 30 0 7770
21 56 0 5244
22 61 1 9273
87 15 1 2758
81 94 0 1180
48 3 1 297
27 18 1 680
12 70 1 4860
92 84 0 6875
17 4 1 9305
5 73 0 3427
6 50 1 5888
99 72 1 6948
100 94 1 4589
98 89 1 1950
88 35 0 5848
99 78 0 2430
84 55 0 5613
94 62 0 2237
77 99 0 8007
53 72 1 4794
77 87 1 9340
77 52 1 5885
73 33 1 2284
27 23 0 8243
97 32 1 5462
11 86 0 2266
64 24 0 8785
22 33 1 5377
73 36 0 4993
4 51 1 2643
5 75 1 3658
38 88 1 8750
36 11 0 7985
15 57 0 9865
90 75 1 9450
99 29 0 1247
17 22 0 5357
78 36 0 1931
63 17 1 6510
88 66 1 4486
13 72 0 7133
42 91 0 5651
52 70 1 8610
7 89 1 8000
71 34 1 7494
10 75 1 6704
96 27 0 9451
36 80 1 7824
10 6 1 2703
40 57 1 3761
97 31 0 7660
22 30 0 9603
47 39 1 5384
94 10 1 3218
5 19 0 6325
10 99 0 1959
18 25 0 8114
57 91 0 3151
71 62 0 4564
63 67 0 9935
26 17 0 5818
37 78 0 4813
57 41 0 5793
53 39 0 8532
8 9 1 4
92 37 0 3167
19 27 0 3614
100 51 1 2438
88 84 0 752
63 11 1 585
11 79 0 4570
14 39 0 4857
14 34 1 5575
94 91 1 8784
84 24 0 7487
60 23 1 8703
62 45 1 6375
53 9 1 7387
24 8 0 7679
17 7 0 6462
34 80 1 9951
68 87 0 9130
90 6 1 2035
70 61 1 2403
15 69 0 3442
7 9 1 2842
39 41 0 8881
1 41 1 4414
9 75 1 9646
13 18 1 2168
61 9 0 2779
34 46 1 1589
98 19 1 7372
7 73 1 606
91 83 1 6075
79 50 0 1490
56 42 0 3205
40 63 1 4081
42 20 1 7530
22 72 0 2024
4 22 1 8990
20 71 0 955
23 9 0 2874
8 83 1 3527
55 4 1 9479
23 28 1 6892
65 96 0 3922
19 21 0 6296
69 57 0 2605
35 61 0 2295
21 45 1 8582
6 64 1 6010
28 34 0 3409
16 52 1 5949
44 71 1 7149
59 85 1 255
85 58 0 8169
40 46 0 2153
71 83 0 2490
16 9 0 4877
29 5 1 8443
18 74 1 4441
93 24 1 2139
83 99 0 5868
26 48 0 9974
6 31 1 65
77 34 0 6250
68 77 1 9618
56 66 0 2325
44 10 0 1340
47 81 0 9576
47 57 1 3367
56 19 0 7899
65 7 1 2588
37 16 1 2294
31 50 1 5231
30 29 0 7475
31 70 1 4813
12 18 0 1748
86 47 0 7696
67 64 0 409
58 40 1 6727
80 36 1 3661
29 36 0 2289
53 82 0 3979
35 41 1 4800
86 33 1 7642
21 72 1 94
94 75 0 8192
74 77 1 3282
86 19 1 3615
76 47 0 490
44 50 0 2828
56 76 0 5507
12 77 1 104
40 78 1 8279
89 38 1 399
95 14 0 3000
37 29 1 5761
42 33 1 6727
55 86 0 8854
78 53 1 6505
43 31 1 4642
67 70 0 7871
30 74 0 7525
87 55 0 4892
37 4 0 2852
39 44 1 2132
83 41 0 4303
15 20 1 8249
27 11 1 9935
78 50 0 1517
74 61 1 9209
33 23 1 5030
77 47 0 5264
23 39 1 2847
28 94 1 790
71 92 0 9332
52 20 0 9943
71 17 1 4653
66 95 0 7664
64 81 0 405
40 7 0 947
100 92 1 4640
89 75 0 1564
34 31 1 6919
86 98 0 5760
78 66 1 7497
63 73 0 5503
23 80 1 141
46 79 1 2456
11 64 0 8790
10 34 0 6813
6 70 1 8028
60 19 0 3838
88 98 0 7240
35 9 1 7760
69 54 1 7779
19 13 0 9838
18 42 1 4954
100 56 1 8209
79 8 1 390
30 70 1 9330
80 71 0 4049
38 19 1 8481
54 23 0 4721
71 2 0 2013
62 52 0 360
90 56 0 4207
100 3 1 963
73 24 1 5304
51 24 0 2973
9 67 0 715
90 29 1 8137
51 70 0 1249
15 5 1 660
89 84 0 2634
33 21 0 5643
94 82 1 8022
26 40 1 2297
42 57 1 7028
58 59 1 3651
19 3 1 4115
89 18 0 7652
31 23 1 321
98 99 0 7241
50 1 1 7536
21 91 0 6827
24 19 1 9855
72 83 1 8267
51 6 0 9205
49 84 1 6785
73 77 1 9306
84 90 0 1930
13 16 1 7663
58 69 1 4222
100 42 1 8365
85 33 1 883
38 90 0 2589
78 15 0 7151
23 19 1 6015
23 13 1 2326
41 69 0 8304
77 9 0 4725
28 8 0 929
26 99 1 2620
48 52 1 9193
97 5 1 7431
96 4 1 6008
20 77 1 253
21 82 0 5709
13 88 1 5669
25 45 0 8578
94 46 0 7014
76 74 1 318
33 64 1 1635
96 35 1 9538
80 78 0 6748
8 39 0 5569
73 47 0 5516
60 79 0 7794
37 88 1 953
67 90 1 8526
14 92 1 2728
95 62 0 8825
12 9 1 8357
77 41 0 9525
11 20 0 4118
7 53 1 7958
85 94 1 1557
95 55 1 4748
31 35 1 5397
75 39 1 949
17 36 0 8356
40 54 0 4037
23 10 0 4538
19 92 1 1274
83 2 1 3348
67 58 1 358
92 94 1 4742
41 98 1 7312
90 98 1 4472
9 26 1 2357
72 12 1 1111
64 97 1 8904
33 68 0 1153
56 73 0 9185
65 39 0 2994
95 92 0 4971
69 22 0 5309
91 66 0 4700
14 35 1 3534
91 8 1 5010
73 28 0 6168
63 91 0 9861
22 16 0 628
17 11 1 8281
20 83 1 2918
20 67 0 404
24 23 0 9639
21 13 0 9308
50 41 1 4444
58 91 0 5656
59 19 0 1252
35 63 1 1996
7 61 1 4584
82 85 1 692
85 18 1 1068
42 6 1 8154
52 26 1 8661
18 90 0 2121
71 54 0 6142
14 5 0 6060
73 4 0 5133
89 27 0 7614
80 12 1 7539
28 68 1 4124
15 81 1 9805
63 99 0 4171
46 52 0 26
17 65 1 8221
50 40 1 1422
5 45 1 9568
71 4 0 8110
47 71 0 6402
52 19 0 1691
89 44 0 945
94 68 0 7605
86 59 1 5094
84 12 1 9329
66 17 1 3092
80 87 1 6372
84 14 0 545
22 87 1 822
21 83 1 49
35 19 0 265
85 5 1 2434
24 88 0 8025
65 13 0 9197
32 24 1 3984
8 79 1 9140
75 87 0 8827
19 2 1 2138
39 91 0 40
90 35 0 2937
72 71 0 4420
20 9 1 3934
100 96 0 5831
5 81 0 5399
43 98 1 4099
28 43 1 8761
67 84 1 9984
44 4 1 5599
82 68 1 9303
72 70 1 6430
11 71 0 2007
97 96 1 9137
59 79 1 9174
100 48 0 8716
61 57 0 9447
85 3 1 9501
51 35 1 1126
20 10 1 2343
20 34 0 9649
72 16 1 1041
55 26 0 5370
57 72 0 3610
2 23 0 2052
16 38 1 8929
25 49 1 411
85 81 0 6264
55 95 0 6696
73 100 1 3329
47 58 1 5137
64 92 0 4700
63 53 0 1547
48 91 1 2861
48 94 1 4800
8 89 1 5095
75 93 1 1036
46 4 0 4678
36 1 0 3624
60 49 1 1085
33 45 1 3707
71 29 0 8408
20 85 1 4573
51 32 1 670
14 87 0 9390
10 50 1 6038
83 28 0 3230
4 46 0 6308
82 18 0 4247
40 44 0 1330
63 23 1 2322
68 60 0 8661
39 73 1 8240
87 34 0 4201
33 37 1 2222
3 93 1 6709
6 97 1 8946
41 48 0 4280
13 82 0 1652
6 55 0 9660
45 46 0 5141
84 97 0 9654
27 13 0 6169
37 14 0 841
9 42 0 9979
23 31 1 5565
82 69 1 4398
32 73 0 9523
45 69 0 4262
8 78 0 9899
41 39 0 7065
18 21 1 7764
35 54 0 8247
57 51 0 4498
23 44 1 2695
73 60 0 8127
17 31 0 3275
69 80 1 9115
90 40 0 5709
39 77 0 6154
36 73 1 9873
40 59 1 6592
33 71 0 7297
58 74 1 8983
26 9 1 5274
97 98 0 839
71 50 0 6488
76 63 0 4484
15 2 1 1591
54 88 0 1440
17 19 1 663
60 53 0 9856
55 65 1 7277
84 91 0 7160
29 35 0 8617
64 4 1 5983
85 22 1 8460
16 58 1 1565
37 38 0 7530
39 93 0 6439
51 78 1 4083
88 39 1 3593
93 58 0 4910
73 22 0 7281
94 63 1 5349
74 75 0 601
2 99 0 4834
25 99 0 1562
91 99 0 1638
47 37 1 3180
45 48 0 2500
70 59 1 3443
39 6 1 8038
73 19 1 2776
68 48 0 7099
72 90 1 9373
74 87 0 1686
31 57 1 3295
85 61 1 7434
19 11 1 7371
87 58 0 6862
80 60 0 2249
35 91 0 428
18 3 0 9856
63 69 1 2115
93 74 0 7770
18 28 1 853
33 94 0 7633
61 68 0 8696
49 86 0 8886
62 68 1 9271
11 45 1 3251
20 6 1 9256
93 36 1 1594
99 55 1 5552
6 80 1 9761
67 43 0 9573
85 40 1 8747
76 66 1 2286
16 48 0 7375
84 73 0 4083
50 90 1 1682
31 71 0 1752
98 51 1 6263
33 12 0 7408
44 53 1 6177
1 21 1 2453
56 50 1 1065
88 53 0 7566
31 99 1 8795
94 42 1 8452
70 30 1 5075
14 91 1 308
7 82 1 3071
56 27 0 2712
14 73 1 1571
16 13 1 814
96 29 0 1822
25 100 0 798
32 2 1 9895
81 13 1 1027
26 47 1 8078
5 10 0 8748
62 41 0 1192
37 5 0 4693
62 63 0 8275
16 37 0 8503
53 31 1 8994
55 23 1 9752
27 52 0 8223
67 41 0 9501
92 89 1 7401
92 54 1 7537
93 9 1 8492
59 22 1 5452
56 94 0 8692
86 25 0 6509
45 56 0 9910
55 12 0 7279
48 38 0 75
10 15 1 3276
39 79 0 2266
93 16 0 7637
72 86 0 3653
68 19 0 1691
82 60 1 2363
79 89 0 6558
45 17 0 9335
8 45 1 9996
11 46 1 5198
7 14 1 5196
87 21 0 7877
78 39 1 1520
96 38 1 6130
40 72 1 6087
20 15 1 7285
80 68 0 2008
96 39 0 4210
48 61 0 5724
80 98 0 9270
24 20 1 3692
41 46 0 3972
67 35 0 3822
43 71 1 7831
8 26 1 5586
82 48 0 8339
69 6 0 5484
83 75 1 739
56 10 0 8756
73 75 0 4016
73 11 1 7851
10 71 0 9637
45 89 1 8945
27 16 1 4340
26 24 0 2136
75 69 0 1464
44 75 0 566
89 9 1 2942
93 43 1 9491
84 30 1 4740
59 84 1 1382
86 32 1 333
79 68 1 3672
16 45 1 6275
44 56 0 7448
82 88 0 7224
38 77 0 5313
66 97 1 5613
89 76 1 996
58 44 1 1701
34 77 1 6724
55 92 1 250
8 11 0 2080
13 66 1 4504
89 39 1 8104
48 47 0 3326
33 26 1 4430
51 29 1 9894
70 88 0 6512
34 6 1 4227
16 12 1 4141
92 18 1 6312
41 37 0 7058
63 56 1 8582
21 76 1 6182
52 58 1 386
38 12 0 4201
1 97 1 1828
82 35 1 4748
17 81 1 9
72 85 0 5440
13 45 1 7234
54 48 0 9416
30 4 0 4862
48 5 0 915
27 67 0 6445
82 87 0 5834
44 81 0 2744
41 55 0 8251
20 50 0 6913
58 67 0 954
75 60 1 7055
63 82 0 722
29 82 1 9891
67 54 0 6403
4 56 1 8503
28 50 1 522
20 11 0 214
61 40 1 3381
19 58 1 1374
4 93 1 4717
62 86 1 3501
46 97 0 99
32 6 1 3750
40 41 1 4229
52 42 0 2522
86 48 1 1061
21 2 1 7191
51 26 0 8292
58 7 0 6632
48 72 1 471
11 30 1 2363
98 48 0 3813
15 51 1 488
5 67 1 8534
46 29 0 4406
13 17 0 9723
57 22 0 7359
34 94 0 7094
60 86 1 8209
31 56 1 1738
73 61 0 9802
68 20 1 2517
23 87 1 3245
14 9 0 8507
72 54 0 9257
2 69 1 8985
91 26 0 5994
58 36 0 1149
58 94 0 3522
24 60 1 2244
5 52 1 9032
38 100 0 7085
13 76 1 2614
3 11 1 8911
55 77 0 4124
24 91 0 9956
100 40 1 655
21 26 0 8807
64 11 0 5148
5 2 1 3946
4 61 1 1354
94 22 1 7871
100 27 0 9905
64 93 1 6050
33 92 1 8468
3 38 0 9093
16 62 1 4454
7 84 0 2913
8 57 0 13
72 30 1 2095
86 53 0 5794
76 32 1 8019
33 34 0 9263
9 39 1 9048
88 18 1 3411
26 100 1 2671
52 5 0 9674
44 95 1 4288
76 15 0 3228
20 81 0 475
17 15 0 6768
79 97 0 4663
68 85 1 2369
18 35 1 4993
78 45 1 8863
83 79 0 9660
88 96 0 2703
3 65 1 1006
94 81 1 3376
34 81 1 6773
40 96 1 5363
26 94 1 2337
12 3 1 7849
2 68 1 3169
1 29 0 5469
97 95 1 9608
31 22 1 7712
4 13 1 581
42 88 0 3723
73 8 1 4859
4 77 1 9633
53 88 1 8031
88 50 0 8936
16 72 0 3647
57 35 1 8135
89 86 1 5428
34 13 0 1676
88 60 1 6702
54 40 0 5887
94 78 1 6626
7 37 0 5087
26 87 1 9654
39 83 1 3274
31 3 0 3786
94 65 0 269
72 10 0 4308
24 2 0 5527
20 86 0 1870
11 84 0 6215
90 65 1 5646
15 38 0 4786
88 36 1 1321
25 24 1 1438
99 13 0 1387
22 23 0 4225
47 73 0 7220
16 79 1 9491
91 46 0 3841
80 53 0 7051
42 94 0 7395
59 5 1 7179
56 32 1 5246
21 68 1 1273
14 29 0 9372
84 60 0 2179
6 29 0 5973
77 98 0 8064
98 31 1 2098
43 12 1 1967
10 49 0 1593
90 69 1 5083
77 25 0 7554
9 49 1 1060
65 67 1 3395
98 80 1 9285
94 28 1 644
86 11 1 8247
2 32 0 9571
24 90 1 5964
54 39 0 5125
36 65 1 206
42 65 0 6976
94 32 1 8129
53 94 0 6796
13 71 0 3157
45 50 0 6532
63 27 0 6421
7 45 1 4490
73 92 1 1776
58 77 0 1876
58 76 0 7372
57 54 0 9904
61 10 1 7299
72 81 1 7681
47 98 1 8524
74 71 0 4463
58 14 0 7823
60 66 1 569
64 78 0 8559
85 95 1 9302
85 69 0 3522
39 99 0 7726
37 97 0 3036
59 12 0 5301
30 81 0 310
33 55 0 1026
75 28 0 5257
28 92 1 1867
26 53 1 3059
93 82 1 1387
35 7 1 5982
17 82 0 5430
43 9 1 3870
63 24 0 4610
77 88 1 126
7 39 0 1418
66 5 0 2586
1 6 1 6266
66 91 1 5377
13 78 1 4858
42 95 0 2425
60 14 0 1770
62 25 1 540
27 3 1 4844
63 35 1 8872
14 57 0 4616
80 57 1 7537
45 6 0 5763
100 11 1 4686
38 20 0 9255
92 70 1 2246
18 8 1 5011
51 17 0 4488
88 86 1 8647
86 14 1 5990
87 43 0 3043
71 78 0 3385
36 17 0 3387
53 24 1 7300
78 20 1 8083
79 13 1 6619
82 25 0 2981
56 70 0 7812
13 47 0 465
91 12 1 551
99 54 0 5868
64 89 1 2266
9 43 1 4435
32 72 1 29
18 10 0 4836
80 28 1 7850
5 53 0 4416
4 58 0 9328
79 33 1 4061
73 78 1 58
5 8 1 9059
27 35 1 6946
6 95 1 8819
80 11 1 5954
40 31 1 3690
65 30 1 6815
14 53 0 3322
60 64 0 412
93 15 1 3533
85 17 0 5541
75 19 0 1927
36 4 1 4943
65 19 0 205
23 26 1 2761
95 84 0 5652
45 39 1 4793
7 40 0 1334
12 68 0 8893
2 94 1 7985
16 86 0 9293
28 53 0 7752
24 51 0 2101
92 19 1 6975
76 4 0 3086
43 80 0 6875
27 29 0 7398
55 94 1 1406
35 44 1 80
70 60 0 7009
25 23 1 6304
1 73 0 7328
5 64 1 3783
63 8 0 4535
7 42 0 4605
13 21 0 7659
60 27 0 1085
98 40 0 6631
18 30 1 594
45 60 1 3474
15 98 0 8289
32 71 1 4687
33 25 1 8294
44 54 0 3580
78 92 1 7745
85 11 1 5466
92 62 0 9783
41 84 0 6908
42 69 0 2703
32 77 0 3422
42 8 0 1686
79 99 1 4372
53 61 0 649
66 68 1 1036
64 95 1 662
47 88 1 4925
83 1 1 6725
87 62 0 4561
95 1 0 3784
12 65 0 4080
33 81 1 7878
5 74 0 2313
30 72 1 487
2 91 1 8620
83 68 0 2144
85 54 0 8840
96 19 1 4949
16 26 0 861
13 53 0 5821
87 84 1 1052
61 50 0 991
76 13 1 56
100 70 0 6403
4 70 0 6460
39 40 1 5994
42 80 1 4924
15 78 1 9768
75 31 1 608
44 72 0 8699
14 75 0 399
56 75 1 7745
50 96 0 473
13 81 0 7331
26 70 1 8751
14 31 0 1247
10 74 0 7293
53 36 0 1931
95 10 1 6683
37 92 1 5989
22 83 1 3625
79 46 1 1788
31 67 0 5907
94 84 0 3104
17 77 1 2578
61 74 1 1102
63 19 1 315
17 49 1 9424
55 51 0 2573
56 82 0 3811
56 97 1 8541
74 18 1 455
80 21 1 1301
69 42 0 7279
29 25 1 1245
40 34 1 9849
79 28 1 7180
56 21 1 8477
3 96 0 5248
80 47 1 4527
59 90 0 374
19 56 0 3448
20 7 0 9485
22 53 0 2576
1 51 1 5803
1 18 1 7127
46 89 0 4975
8 61 1 5078
84 50 0 7351
83 56 0 2123
21 67 0 3039
36 49 1 569
2 4 0 665
15 82 1 4671
29 67 0 634
29 78 1 2385
58 63 0 5413
95 26 0 3259
65 8 0 7198
27 73 0 4066
30 73 1 5513
24 63 1 1156
55 96 1 5110
28 75 0 5229
56 34 1 1427
65 71 0 1095
16 49 1 5187
10 45 0 7881
54 2 1 6770
77 30 1 2537
96 28 0 3891
22 88 1 7231
83 98 1 9960
53 91 0 8171
37 17 1 7617
72 96 0 1782
65 37 0 1278
40 16 0 9054
63 95 0 8006
51 58 1 6996
64 44 1 3489
92 72 0 348
78 12 1 6845
41 67 1 5838
90 3 1 1231
91 11 0 7320
80 92 0 8326
67 76 1 2503
100 49 0 205
39 86 0 8319
93 97 1 2587
3 58 1 8815
20 54 0 6271
74 96 1 8026
100 29 1 2024
85 68 0 4627
15 79 1 8322
2 6 1 3909
34 63 0 738
57 34 0 4221
34 7 0 5872
68 4 0 5984
61 89 1 9265
25 30 0 9771
64 43 0 6001
56 71 0 66
21 74 1 4342
32 70 0 8802
62 84 1 3525
53 51 0 4353
82 19 0 3114
100 87 1 7747
66 100 0 452
19 65 0 6912
61 15 0 2890
14 68 1 1592
45 5 0 1545
35 45 0 2860
86 13 0 7844
24 73 1 8109
70 80 0 6465
34 74 0 9365
70 90 1 7437
51 44 0 5135
15 90 0 205
11 92 0 9650
90 36 1 8514
88 12 0 2518
98 36 1 8990
87 27 1 9459
26 63 1 877
70 6 1 9712
62 16 1 3721
53 52 1 875
81 21 1 7252
93 41 0 6265
49 22 1 7939
41 76 1 6981
74 27 1 7385
79 56 1 5866
50 23 1 1456
16 66 1 8632
4 83 1 6890
60 68 1 2200
22 89 1 6034
55 7 1 1252
4 12 0 1292
41 71 1 4609
60 33 1 5513
29 75 0 344
48 99 1 9642
72 74 0 6578
30 64 1 36
49 46 0 8846
91 24 1 8717
75 95 0 3969
51 59 0 3030
69 56 1 8122
6 78 1 4681
77 95 1 190
24 7 0 787
37 74 0 8297
66 93 0 547
42 11 0 2093
3 13 1 6778
79 14 0 5383
86 82 1 4173
53 70 1 9699
80 74 1 5552
22 54 0 4172
77 6 1 5095
24 94 0 2231
97 16 0 5037
88 44 0 9425
8 4 0 6915
53 19 0 1469
37 47 0 3614
23 64 1 8609
28 56 0 8380
63 81 1 8369
49 26 1 9641
22 58 0 6886
99 44 1 7842
90 2 1 6153
1 66 1 1191
18 20 0 5965
98 73 0 180
28 74 1 6136
53 60 0 327
94 60 0 2363
64 30 1 1016
71 53 1 8511
71 35 0 882
32 69 0 1010
86 16 0 5910
78 2 1 7513
64 45 0 1395
81 20 0 8008
21 77 0 4797
34 23 0 9568
83 23 1 1215
30 6 1 1093
14 81 0 9072
71 43 1 5956
79 94 1 2450
30 59 0 6982
100 76 0 5280
73 48 1 6027
63 51 1 8020
40 6 1 9790
24 27 1 1930
99 1 1 806
36 100 1 5438
3 64 1 114
57 67 0 700
91 78 1 9396
44 73 1 3485
75 71 0 9542
74 33 0 6559
97 19 0 1980
49 35 1 1434
11 48 0 6006
66 89 0 132
50 70 1 2877
68 25 1 7219
28 24 1 2233
48 41 0 485
74 64 1 6372
10 37 1 6600
47 90 0 1847
37 51 0 2826
39 50 1 5491
79 85 1 4068
14 66 0 4974
89 66 1 3568
36 64 1 8846
83 64 0 416
10 28 0 4465
21 71 0 815
43 97 0 152
20 49 1 3700
44 78 0 7690
36 66 0 5692
52 72 1 5280
31 51 0 2709
91 52 0 8496
31 28 1 3279
21 58 1 9967
47 70 1 2317
36 39 0 2342
71 12 1 8424
71 94 0 247
44 76 0 2742
5 97 1 1345
65 26 0 7724
18 15 1 4701
88 100 1 2616
5 65 1 1631
82 29 1 1161
27 81 1 4238
30 50 0 8297
37 64 0 7400
30 78 0 2774
21 66 1 7907
42 26 0 3999
70 10 1 4224
77 79 1 9250
89 92 1 2155
69 13 0 9709
29 86 0 8683
49 36 1 2751
49 94 1 2518
76 18 0 5553
74 28 0 2271
88 51 1 8321
34 58 1 8445
94 17 1 5120
50 34 0 2737
53 49 0 5879
41 72 1 9578
56 44 0 9272
46 95 1 4065
48 65 0 8781
96 71 1 7346
16 61 1 2584
16 22 0 8046
83 86 1 5752
78 21 0 3833
64 86 0 3491
21 4 1 2517
66 84 1 6502
88 99 0 8696
37 11 0 5603
34 91 1 9959
32 38 0 2121
50 65 0 2423
79 88 1 9176
10 30 1 4931
55 87 1 1105
57 87 0 7404
42 24 1 8192
81 50 1 1637
45 84 1 8767
91 48 0 6402
73 16 0 5701
4 25 1 8722
86 84 0 8080
16 88 0 10
65 53 1 7655
14 15 0 6210
8 76 0 394
89 70 1 538
2 66 0 1142
17 89 0 388
46 81 0 416
59 37 1 2156
42 87 1 7008
96 7 1 1467
34 4 1 7635
72 60 0 8911
2 98 0 2107
78 76 0 6821
89 29 1 3970
23 76 1 6670
87 82 1 5027
79 22 1 2615
66 71 1 9216
25 22 0 6925
2 71 0 3844
11 36 0 8967
15 27 0 7187
22 100 0 3801
68 18 1 9389
18 69 1 454
16 57 0 543
25 47 1 7167
36 42 1 8982
89 31 0 7427
95 64 1 5401
91 75 1 1997
69 74 1 1061
39 61 0 6887
24 37 0 6244
93 31 0 2525
36 46 1 6903
60 34 1 2610
44 28 1 584
26 3 1 6257
3 76 0 5312
22 59 1 8765
38 91 0 4975
50 19 0 2421
28 77 1 8341
63 34 0 2946
32 74 1 760
94 33 0 2347
21 40 1 3525
38 32 0 8796
14 56 1 7383
98 49 0 4365
6 43 0 1490
77 39 1 9973
90 22 0 1183
7 27 1 4007
74 9 0 9097
25 35 0 8334
54 29 1 8835
99 49 0 867
35 97 0 2413
91 63 1 5499
94 12 0 427
12 5 1 6843
2 30 0 5759
75 66 1 915
89 78 1 5186
3 8 1 9431
32 4 1 9942
6 10 0 911
41 16 1 3859
16 10 0 8152
63 36 1 242
17 64 1 9257
25 46 0 2249
15 60 0 5266
83 63 0 1016
10 89 0 1646
63 44 0 6489
58 65 1 7366
30 89 0 9165
9 13 0 6860
23 53 1 9157
77 97 1 3093
52 33 1 897
34 42 1 2214
45 7 0 9952
44 32 1 9977
38 21 0 3992
35 88 0 2405
28 58 0 9113
14 63 0 4092
52 47 1 6096
35 77 1 926
5 62 0 8338
76 95 0 5769
43 18 0 1714
91 13 1 151
57 15 1 48
29 10 1 2491
27 74 0 9055
8 5 0 5012
73 63 1 4065
6 74 0 405
33 3 0 925
15 41 1 3098
100 18 1 1991
82 67 1 7851
83 69 1 8857
5 29 1 9331
47 66 1 4364
65 69 1 6139
13 86 0 4984
10 21 1 3106
13 12 0 6005
28 79 0 7285
15 31 0 3098
29 76 0 356
70 9 0 89
31 65 1 6371
56 36 1 9867
