100 2683
63 5 1 4398
43 99 1 6364
71 89 1 7323
11 4 1 5073
61 45 1 9935
71 21 0 2127
92 2 1 9800
19 100 1 9665
96 52 1 777
66 32 1 1108
29 73 1 5495
80 4 1 7524
73 65 1 4299
19 6 0 3644
56 81 0 7248
65 23 1 2194
81 51 0 4776
9 14 1 5880
90 60 1 481
8 55 1 3367
15 69 0 285
5 32 1 3869
35 15 1 4822
26 37 0 2065
73 98 1 4224
52 91 1 6980
9 69 0 5755
100 48 0 8906
77 47 0 271
20 99 1 5420
21 99 1 439
50 35 0 6417
24 25 0 4396
82 62 0 3569
62 12 0 6806
38 39 0 6292
46 26 1 4157
66 81 0 6843
27 37 1 5583
31 60 1 2791
91 1 0 5926
77 62 0 5243
38 94 0 5854
63 69 1 1234
69 64 0 5051
35 94 0 4730
64 13 1 3096
36 62 0 6039
39 62 1 408
64 43 0 5199
85 26 0 7310
17 70 0 4071
14 81 0 6096
47 77 1 6023
45 49 0 2337
30 89 1 6697
45 83 1 6987
97 35 1 6557
92 26 1 2061
19 97 0 902
89 48 1 502
29 14 0 5504
17 69 1 5973
47 49 0 105
93 18 0 5292
2 48 1 3392
33 30 1 2017
36 7 0 4542
31 30 0 5016
67 71 1 4065
68 35 0 7102
69 46 1 230
93 59 0 1378
70 75 0 2364
76 94 1 1631
49 2 0 9181
75 35 1 9530
7 83 1 6844
44 68 0 9773
97 12 1 6667
62 10 1 4922
41 48 1 7335
15 89 1 4905
92 86 0 6372
20 80 1 2801
18 50 1 3052
85 13 1 1506
29 33 1 6014
74 35 0 4484
46 52 0 3228
3 42 1 2617
13 77 0 7115
42 91 0 6184
57 56 1 9337
57 26 0 1408
14 10 0 469
72 9 1 848
52 59 1 8318
32 12 1 6047
40 44 0 2592
18 9 1 3586
29 89 0 1219
76 21 0 1694
47 28 0 3205
12 93 1 6017
21 30 0 9393
55 23 0 4998
22 78 0 9
94 38 1 1439
81 57 1 734
71 84 0 2931
10 16 1 3710
87 77 1 8806
43 93 0 3126
67 95 0 8722
50 43 1 7933
20 84 0 3240
63 84 0 3091
40 25 0 1436
14 97 1 9087
33 83 1 9972
68 55 0 5192
71 24 1 1356
81 19 0 3152
22 99 1 5382
11 93 1 5161
91 24 1 6199
80 72 1 3713
89 84 0 8667
88 61 0 9812
59 68 0 8765
23 11 0 7173
93 24 1 3292
20 5 0 4277
12 53 0 7589
51 66 0 2611
60 4 1 7584
47 34 0 8608
57 99 1 5051
12 67 1 6155
30 7 1 7957
66 83 0 6871
63 21 1 7681
1 63 1 2591
17 20 1 4663
60 57 0 6003
83 27 0 9958
6 47 0 8274
62 5 1 7381
37 48 0 7346
41 69 1 3200
13 72 0 4859
37 68 0 1029
19 23 1 4421
37 38 1 7326
88 82 1 7199
4 79 0 7795
17 18 1 1065
54 29 0 8607
26 5 0 1220
5 25 0 7290
48 2 0 3703
70 69 1 7560
45 96 0 1680
82 11 0 1424
14 12 1 2927
48 11 1 3690
61 1 0 9284
41 54 1 7598
78 52 0 1795
81 70 1 3669
23 63 1 5250
41 18 0 6929
57 51 0 8996
81 59 0 9727
86 66 0 3776
96 34 1 988
89 5 1 1694
30 86 1 5151
37 58 0 7283
93 15 0 3185
8 25 1 5883
15 31 0 1061
64 15 0 6517
23 46 1 768
92 12 0 6616
33 46 0 3628
98 83 0 3670
58 8 0 1446
54 74 0 4761
23 69 1 1251
81 31 0 85
42 57 1 7906
12 95 1 5835
45 56 0 3173
25 1 0 2248
34 91 1 9083
93 3 1 4145
48 27 0 602
78 10 1 9098
27 41 1 2010
77 48 1 7360
69 36 0 3416
85 3 1 9432
22 28 1 7188
39 43 1 4214
70 11 0 7825
32 58 1 2582
17 55 0 5957
78 51 0 922
15 3 1 7167
58 85 1 903
64 5 1 1531
87 7 0 6608
30 56 0 6932
60 82 1 3186
98 40 0 2631
61 69 0 2737
34 90 1 8789
77 60 1 5569
14 29 1 6510
28 94 1 2970
61 18 0 1183
59 94 1 5164
99 85 1 8000
27 15 0 9920
56 40 0 1950
29 90 0 6184
85 94 1 8566
44 26 0 5686
30 8 1 6178
34 36 1 2943
22 68 0 766
35 44 1 5363
86 50 0 4195
27 16 1 9265
92 85 0 9708
13 80 0 5402
53 84 0 5867
90 43 1 2828
65 5 0 4098
7 52 1 4142
85 82 0 276
18 20 1 634
61 17 0 5423
57 10 0 194
63 10 1 4863
99 25 1 8119
4 89 1 4551
20 59 1 8130
54 78 0 3713
37 77 0 8358
8 28 1 616
1 58 0 9539
51 99 0 3153
63 12 1 8531
29 78 1 7750
62 55 1 8328
41 29 1 5917
85 69 0 9166
37 44 1 2459
43 25 1 8708
51 42 1 4084
71 43 1 3538
33 74 0 1753
88 80 0 2012
85 84 1 2906
4 67 1 5663
64 44 1 7887
97 73 1 5128
70 19 1 2087
67 90 1 4806
4 98 1 3703
49 30 0 4512
70 6 1 344
62 63 1 8528
53 78 0 259
61 6 1 7347
36 45 1 2699
60 87 1 3932
5 89 0 6855
82 16 0 1598
60 65 0 2465
45 70 1 5859
27 54 1 2801
69 70 0 8968
6 7 1 1050
53 68 0 1688
26 96 1 1598
95 24 1 8068
66 82 0 3105
50 71 1 9329
10 55 0 9993
36 43 1 6838
51 59 0 5813
56 60 0 7214
7 100 0 7211
3 44 1 692
61 83 0 3173
1 62 1 523
24 15 1 4398
40 85 0 7914
1 33 1 355
96 58 0 283
93 54 1 4873
28 87 1 427
4 53 1 8619
45 92 0 5718
78 15 1 86
90 19 0 751
29 34 1 6632
69 33 1 8764
72 37 0 8150
88 69 1 1761
68 84 0 5393
64 6 0 3955
49 76 1 1762
10 95 1 5449
53 41 1 2924
19 84 1 5155
60 24 0 5853
62 85 0 2681
66 3 0 5051
46 23 0 4661
33 13 1 3818
10 98 1 5081
60 1 0 3555
68 26 0 530
28 60 0 2500
82 72 0 6639
46 1 1 5140
47 3 0 9581
100 58 0 7504
86 87 0 4090
30 39 0 9493
27 63 0 1929
8 64 1 8084
72 58 0 6265
27 83 1 2366
30 81 0 1862
87 44 0 4712
45 32 1 1991
31 24 0 4655
85 79 0 97
82 48 1 5222
35 5 0 8592
47 29 0 7178
50 23 1 6132
20 21 1 780
85 38 1 8888
53 37 0 6123
37 97 0 1169
63 40 0 8764
14 52 0 3993
72 43 0 6342
16 51 0 1523
47 93 1 8279
73 47 1 5984
37 96 0 8888
96 47 1 465
26 86 1 3096
47 44 1 6728
80 85 1 2542
38 48 1 4111
48 5 1 6326
10 12 1 9035
29 8 0 4495
51 60 1 1126
73 90 1 8850
91 26 0 1851
7 10 1 4865
78 57 0 8215
19 3 1 8953
12 50 1 6492
80 49 0 7792
11 55 0 4526
30 68 0 3041
89 100 1 7292
100 76 0 2532
95 68 1 9638
56 90 0 510
47 12 0 2831
15 19 0 3511
21 82 0 8582
57 14 0 6820
80 71 1 9189
65 26 1 1136
78 14 0 2502
38 25 1 3277
47 48 1 3296
6 25 1 3231
81 73 1 2598
98 48 1 4252
37 53 0 9498
17 4 1 1927
83 91 0 6053
6 30 1 9975
93 12 0 1970
84 55 1 2917
100 42 0 2914
48 68 1 1880
21 77 1 6992
32 94 1 4837
83 4 0 856
100 41 1 8089
13 46 0 1169
88 86 1 1347
30 93 0 7853
69 32 0 740
98 11 1 8816
64 83 1 7346
61 28 1 4449
90 41 1 6147
40 17 0 3745
83 32 1 9719
22 85 0 632
24 90 1 1525
100 78 0 7033
80 14 1 2006
89 74 1 5969
66 14 1 4332
5 65 1 7844
86 77 1 5664
56 48 1 1401
48 36 0 7587
74 29 1 6724
7 5 1 8317
89 32 1 4804
35 13 0 8604
48 17 0 5659
19 93 0 7834
72 48 0 2280
80 10 0 6683
48 44 0 6902
46 17 0 612
22 26 1 7446
2 77 1 3376
82 2 0 8368
78 64 1 2275
73 54 1 6252
5 26 0 8231
28 15 0 7105
83 100 0 8716
28 96 1 3585
35 29 1 5532
83 8 1 5573
30 48 1 4153
2 70 0 9846
22 88 0 1847
82 76 0 7275
64 19 0 9709
81 68 0 2047
37 5 0 9648
51 47 0 5247
4 77 1 3350
4 24 1 4904
6 4 1 1194
88 18 1 6625
98 68 0 9722
13 61 0 9179
38 45 0 844
97 69 0 6242
21 5 0 7499
99 69 0 922
68 36 0 5778
27 74 0 8740
63 15 1 2049
53 86 0 6408
40 83 0 5870
27 7 0 3242
2 59 0 9547
11 48 0 4637
46 93 0 994
37 75 0 3064
64 20 1 2962
60 67 0 9684
95 27 0 2524
72 13 1 8106
52 45 0 7015
93 10 1 2043
37 80 1 8449
17 100 0 569
31 34 1 9499
51 5 1 4100
61 30 1 7140
17 14 1 834
61 80 1 481
76 15 1 5135
19 81 1 2971
96 99 1 7401
11 28 0 120
73 17 0 5799
27 32 1 554
7 64 0 1906
55 8 0 7060
9 60 0 8347
40 92 1 3184
68 33 1 6877
62 56 1 8303
62 22 1 3594
45 22 1 804
86 61 0 3727
79 69 0 6450
91 90 0 922
74 38 1 3551
39 98 0 8876
19 31 1 2982
12 52 1 4044
27 40 0 871
29 47 1 3625
48 39 0 610
89 16 0 7280
68 45 1 6669
7 51 1 8296
25 53 0 6526
79 81 1 9531
59 50 1 1018
59 27 1 6813
30 36 1 2428
73 58 0 9571
77 45 1 6889
23 60 0 8364
16 37 1 3313
21 1 1 1609
24 13 1 7121
78 54 0 2250
71 97 0 1760
100 32 1 8698
52 79 1 3639
55 38 1 2689
25 15 0 7232
90 75 1 2102
64 78 1 1558
61 27 0 6724
22 2 0 9206
22 47 0 4981
60 3 0 724
49 60 1 3139
67 91 0 8056
99 49 0 5998
91 28 0 9473
18 51 0 1340
63 79 0 7305
26 69 0 8119
63 6 0 6376
72 51 0 4143
33 41 1 8435
20 49 1 9224
61 44 0 554
96 95 1 3307
16 19 1 5248
75 25 1 5488
68 53 1 9406
51 95 0 3554
58 97 1 9818
23 58 1 2071
85 48 0 4071
24 92 0 144
21 15 0 7654
90 67 1 478
11 8 1 8816
23 6 0 7070
52 77 1 6497
2 68 1 1699
76 19 1 7099
9 87 1 3228
19 66 1 3258
40 12 1 5465
89 10 1 9402
27 92 0 6139
31 6 1 9949
47 87 1 9784
4 61 1 1732
25 84 0 1301
31 50 0 4741
54 60 0 7919
14 7 0 2054
55 66 1 9015
13 87 0 8550
59 60 1 7927
11 56 0 8577
29 5 1 5369
37 65 0 5369
83 84 1 8032
60 69 0 5732
21 50 0 6988
53 83 0 7639
65 61 0 1667
43 35 0 7111
41 11 0 567
8 49 0 6583
33 67 0 4070
89 56 1 6282
83 46 1 4080
12 33 0 5097
24 56 1 651
21 44 1 8359
89 45 1 2886
51 9 0 5046
55 34 0 5650
25 91 1 4897
74 47 0 6778
49 13 1 5262
47 59 0 6166
10 68 0 6169
90 56 1 1558
82 50 1 45
93 22 1 9701
85 61 1 3342
94 27 1 1107
3 75 1 8688
96 60 0 802
27 89 0 9420
38 36 1 8
44 91 0 5672
47 26 0 8270
98 27 0 7515
24 36 0 6711
73 46 0 5731
20 8 1 4971
96 11 0 1991
4 63 1 8759
50 84 1 4081
63 95 1 2466
9 19 1 3767
6 35 1 6979
46 18 1 8035
2 82 0 1982
67 85 1 9901
24 43 1 9990
39 78 1 6389
79 34 1 1724
86 69 1 3443
1 21 1 1431
20 92 0 3952
14 58 1 3923
91 15 0 1166
48 26 1 2492
15 43 1 1114
62 83 1 1482
35 100 1 2576
29 52 0 2877
29 86 1 305
61 86 1 5162
53 43 1 4891
80 77 1 4919
37 7 0 3530
2 35 1 8821
52 67 1 7351
40 26 1 2679
55 87 0 8526
48 49 0 3438
9 3 1 2585
63 31 0 5086
64 75 1 1136
20 56 1 2569
76 48 0 4286
42 52 1 6672
13 47 0 584
23 62 0 601
13 7 1 6475
59 78 1 1978
80 92 0 9724
65 37 1 9425
20 57 0 2809
81 91 1 4787
31 88 0 8416
38 54 1 6421
89 12 0 6101
75 13 1 8942
96 78 1 1958
36 64 1 5247
11 90 0 7629
41 65 1 100
67 79 1 3741
39 48 1 1708
4 40 0 7585
60 10 1 8819
80 60 0 2597
75 44 1 3380
49 52 1 7888
9 84 0 8513
67 10 0 4207
82 46 1 5917
47 99 1 7537
36 74 1 4764
7 9 1 3839
65 18 0 9304
57 35 1 8327
95 48 0 9940
27 60 0 7925
77 18 0 156
45 74 1 7039
73 22 0 9391
38 97 0 3893
18 96 1 6452
61 42 0 1045
64 60 0 2766
38 3 0 233
56 71 1 158
67 8 1 8246
56 19 1 3290
41 49 0 8485
12 21 1 8747
26 7 1 1583
12 63 1 9461
5 15 0 1731
8 85 0 2354
92 48 0 408
70 3 1 4197
59 12 0 6718
59 21 1 2567
75 40 1 1861
86 100 0 9272
45 4 1 3676
46 41 1 8901
19 91 1 3714
28 89 1 8554
5 48 0 8485
94 5 0 3279
43 77 0 4084
39 31 0 1546
48 25 1 1294
45 17 0 4920
85 55 1 4123
33 5 1 7205
34 78 0 8569
13 19 1 6860
44 18 1 4394
80 54 1 5357
90 72 0 2214
64 30 1 6461
32 14 1 5722
50 13 1 6218
35 10 1 4095
14 26 0 4130
84 8 0 9833
52 16 1 3703
30 96 1 258
49 86 0 7745
72 53 0 5282
40 18 0 1409
78 34 1 3508
35 99 0 1706
20 50 1 7592
35 45 1 9867
59 95 0 4296
87 12 1 782
12 2 1 7151
17 80 1 3668
98 9 1 6189
23 78 1 3900
50 58 1 5776
65 66 0 7017
4 6 1 2412
70 61 1 380
9 42 0 1619
30 14 1 1405
38 66 1 7373
34 16 0 9330
69 57 1 7702
11 31 1 2967
48 18 0 642
50 9 0 3804
64 14 0 3145
47 74 0 7677
72 87 0 2803
9 90 0 2237
33 27 1 8903
8 38 0 9142
43 70 0 3655
27 80 0 4649
72 100 1 6103
25 32 1 3713
91 76 1 5806
14 39 1 55
80 22 1 4154
79 62 0 5445
66 88 0 2227
34 79 1 5038
67 14 1 9462
69 73 1 3061
11 60 1 9936
42 31 1 5084
92 97 0 2507
56 73 0 9141
39 53 0 8425
47 20 0 1257
62 37 0 6235
20 72 1 5286
96 51 0 9122
2 27 0 4671
95 97 1 3500
39 17 1 8457
89 90 0 2990
63 36 1 4807
33 63 0 7737
42 50 0 5673
41 30 1 3484
51 96 1 8469
81 60 0 3237
81 86 1 115
96 45 0 5520
66 42 1 9586
86 54 0 2293
97 76 0 7151
71 39 1 9062
52 75 0 6131
60 84 1 5598
3 22 1 6691
24 4 0 663
31 35 1 4109
89 26 0 563
75 92 0 7657
25 44 1 4210
28 98 0 8317
76 85 0 4373
52 51 0 4742
46 69 0 5137
81 30 1 6053
57 77 1 779
56 91 1 6729
46 85 1 7800
73 37 0 1890
63 67 0 6380
80 24 1 2370
14 47 0 7747
16 57 1 3197
96 97 0 838
23 32 1 1259
14 65 1 1632
88 31 0 7758
33 15 1 2950
78 94 0 5873
84 92 1 7332
52 81 1 1711
98 89 1 926
36 79 0 3286
98 21 0 7367
23 89 0 1053
64 4 1 1573
22 80 1 2961
57 95 1 2038
46 57 1 6054
55 92 1 294
69 39 0 619
7 38 1 1223
53 66 0 1700
18 56 0 6352
22 42 1 2137
57 70 1 7241
84 27 1 8969
77 69 1 9824
49 28 1 2854
94 81 0 9870
88 78 0 1359
8 77 1 7402
35 18 0 7980
100 24 0 8653
83 17 1 9789
28 19 1 6912
39 5 1 8480
33 47 1 194
14 71 1 6869
26 63 0 4091
92 34 1 2332
73 44 0 7850
52 30 0 9160
66 57 1 6108
71 91 0 1938
88 12 1 7394
8 30 0 4899
12 91 0 6824
94 8 1 3098
15 54 1 5777
44 22 0 4089
97 52 0 7239
51 39 0 5963
78 46 1 6756
56 17 1 2867
99 73 1 2491
79 37 0 1266
22 31 0 8790
20 98 1 969
17 42 0 8835
62 25 0 3055
50 27 1 2872
37 91 0 9713
92 66 1 8355
98 75 1 6385
69 95 0 1100
29 53 1 9004
18 42 1 5949
78 21 0 7388
3 78 1 3103
28 82 1 7067
98 99 0 7569
82 73 1 5025
32 26 0 770
16 40 0 6409
7 27 1 616
92 81 1 957
96 88 0 9712
20 28 0 6044
88 33 1 7451
43 87 1 3396
13 44 0 1152
52 49 1 2931
21 48 1 5637
43 81 1 4961
91 3 1 3051
55 56 0 8890
26 99 1 4337
95 63 1 6178
58 26 1 8909
46 64 1 7407
86 14 1 5540
80 52 1 2101
94 34 0 6732
95 18 0 7676
62 30 0 6781
6 42 0 6439
77 30 0 6462
50 40 1 4583
93 28 1 3667
58 72 0 2323
13 40 1 334
3 41 0 3564
95 87 1 412
50 14 0 1821
27 11 1 4501
70 65 0 7394
68 88 1 2147
85 65 0 404
25 26 0 3578
56 85 0 4554
95 77 1 4387
38 49 1 8128
50 93 1 436
90 24 1 9361
86 25 0 6481
96 49 0 9366
54 75 1 7469
85 58 0 5037
11 25 0 7974
74 6 0 1558
7 68 0 6828
67 17 0 7781
63 82 0 7552
71 22 1 3353
55 28 1 7654
44 78 1 1953
25 14 0 7184
78 48 1 6093
60 81 0 1091
95 76 1 3159
99 14 1 9270
42 38 1 7124
82 31 1 8502
56 66 1 7091
61 54 0 8202
27 64 0 5402
74 39 1 5085
81 7 0 1981
22 87 1 8186
8 44 1 4924
44 27 0 5171
14 31 1 1573
79 24 0 9936
67 69 0 2642
22 5 1 9123
48 87 1 3017
99 10 1 118
58 45 1 8359
18 7 0 7092
52 80 0 3376
93 57 0 1843
84 86 1 6253
52 70 0 7359
8 19 0 4321
7 47 0 1705
94 99 0 9748
38 16 0 7950
50 55 0 4250
89 15 1 245
63 80 1 437
34 71 0 2778
50 3 1 3020
3 59 0 6862
4 27 1 1424
90 26 0 1172
71 37 0 1936
17 95 1 1390
36 59 0 5335
78 38 1 9126
44 66 1 7160
64 46 1 8053
36 44 1 1408
66 90 0 487
15 56 1 661
67 26 1 4257
59 63 0 9089
74 25 1 7350
43 91 1 9795
68 28 0 5052
9 92 0 1626
94 14 0 10
66 85 1 2827
88 9 1 7472
25 79 0 7729
43 59 0 2300
54 28 1 480
14 67 1 7198
40 28 0 3966
90 23 1 5342
98 33 0 5967
34 3 0 8611
61 77 0 4784
19 1 1 7952
51 91 0 6330
33 59 1 7997
18 35 0 2676
70 40 0 217
83 35 1 3221
75 58 0 2194
74 27 1 8850
100 4 0 6650
26 87 0 2714
28 31 1 8637
85 33 1 2561
43 78 0 9874
52 8 1 3110
19 83 0 3266
48 52 1 1255
9 72 0 308
12 26 0 3570
20 26 0 3781
84 73 1 1163
92 6 1 6592
66 98 1 9726
80 74 0 3179
16 30 0 2285
42 33 0 4374
32 99 1 4427
34 50 1 4451
98 76 0 9767
2 99 0 5937
91 20 0 1279
20 37 0 6437
43 62 1 954
8 9 1 9870
92 99 0 1042
87 50 0 1691
1 15 1 3252
86 44 1 6613
76 62 0 9391
44 31 1 1212
65 95 1 9112
47 18 0 5432
36 94 0 7789
75 19 0 1452
7 94 0 2258
64 96 1 242
14 5 0 2775
20 39 0 6792
46 95 0 953
96 48 0 704
56 29 0 5009
73 23 0 7227
59 37 0 713
67 20 1 7425
52 23 1 1162
78 69 1 3783
59 38 0 9570
21 66 1 6758
72 78 0 6654
100 54 0 1981
84 24 0 2339
53 7 1 9640
74 36 1 952
23 10 0 9126
43 95 1 7308
98 95 1 7009
29 87 1 8802
100 39 0 2524
72 34 1 898
93 88 1 7119
7 65 1 7355
92 80 0 8696
96 35 1 2492
28 78 0 6413
51 70 0 1922
58 81 1 8038
18 44 0 1020
76 6 0 8162
23 88 0 9189
32 36 1 4495
64 54 0 8789
34 96 0 9248
41 43 0 484
58 68 0 1294
7 62 1 822
46 12 0 1794
77 53 1 2426
96 10 0 2432
77 37 1 6477
78 91 1 2790
1 93 1 5316
10 73 0 7330
74 12 0 7964
57 21 0 4343
89 71 1 9520
24 86 1 9119
48 83 1 370
98 36 1 9126
59 43 1 2203
83 16 0 2195
38 62 0 1994
37 31 0 2126
94 24 0 3556
49 33 1 7993
15 46 0 8540
77 61 1 4490
62 91 1 6984
28 26 1 7997
27 90 0 9329
79 41 0 9855
32 30 1 8545
34 46 0 2913
47 53 0 2730
89 96 1 7401
14 93 1 4734
46 10 1 6723
57 88 0 1977
41 1 0 3904
13 73 1 517
24 32 0 7784
27 45 0 9833
97 96 1 2136
82 74 0 8685
38 19 0 7826
42 75 0 9040
70 84 1 2745
45 29 0 7729
14 6 1 2542
99 23 0 4005
5 70 1 3475
5 36 1 6974
52 20 0 2149
42 20 0 2041
38 70 1 3933
45 10 1 5812
48 10 0 4903
18 49 0 4369
59 31 1 3630
29 56 1 428
100 1 0 8075
38 82 0 6894
2 50 1 7308
67 48 0 4096
67 37 0 5838
59 47 1 7291
79 70 1 4349
63 92 1 7927
29 40 0 4065
2 71 0 1685
57 58 0 9736
82 26 1 7894
60 47 1 4680
19 87 1 2710
50 87 0 3680
52 69 0 32
61 95 1 5680
46 55 1 9479
37 76 1 8435
84 87 1 7900
43 51 0 8293
82 39 0 8914
40 73 1 7575
26 85 0 3914
18 70 1 1886
61 5 1 5751
6 80 0 6568
46 76 1 528
30 82 1 57
88 89 1 2777
6 16 1 2459
70 71 1 2071
20 29 1 1561
1 68 0 3141
49 74 1 3625
41 76 1 9325
25 80 0 6665
16 48 0 8860
81 10 1 2164
42 88 1 7199
38 31 0 4177
60 20 1 369
53 35 1 7435
99 36 1 1449
12 84 0 3672
5 12 1 8477
36 86 0 6366
32 77 1 4683
11 75 1 7888
99 74 0 9253
51 16 1 411
32 66 1 5796
19 60 1 4528
22 12 1 8324
71 69 1 5738
28 79 1 8410
81 72 1 191
87 49 1 8333
62 87 0 5638
99 35 0 2400
25 92 0 8145
64 86 0 5164
3 26 0 5780
2 67 1 579
67 7 1 3562
41 96 1 3914
70 27 0 4472
15 8 0 9304
59 54 0 5861
5 94 1 5247
69 88 0 2989
97 62 1 2802
98 39 1 9274
87 63 1 7599
69 45 1 9208
53 94 0 1880
11 80 1 6404
95 69 0 5656
32 60 1 7271
69 97 1 221
49 82 0 988
52 68 1 6906
68 15 1 6430
61 7 1 3857
17 45 0 1503
64 68 0 76
66 47 1 7991
58 60 0 7188
93 41 1 8675
49 56 0 9854
86 3 0 9247
60 35 1 3699
34 70 1 4421
93 6 0 163
84 33 0 8646
24 91 1 4600
92 27 1 7879
52 31 1 6103
11 33 1 7618
86 31 1 4129
33 75 1 7198
37 21 1 3640
31 39 1 407
98 84 1 2623
36 58 0 8386
60 45 0 596
94 67 1 4255
64 9 1 2394
88 75 0 1235
60 27 0 7614
95 94 1 63
60 76 1 1404
5 9 0 3564
3 10 1 2212
91 43 0 2689
30 64 1 9149
82 36 1 6641
20 30 1 5262
38 74 1 2405
26 33 1 2123
6 44 0 3232
33 43 1 4858
25 57 0 8452
98 32 1 6727
22 3 0 4350
19 15 0 3914
30 78 1 8276
86 75 0 775
26 49 0 5520
88 73 1 6901
66 22 1 8374
40 97 1 1925
79 63 1 4272
65 93 1 8546
66 26 1 7435
47 98 1 7482
38 40 1 5999
49 81 0 5665
51 56 1 7469
74 1 0 883
100 62 0 7072
55 88 1 8633
98 88 0 5638
1 75 1 3836
39 2 0 4213
64 34 0 5374
10 21 0 9776
27 39 0 1410
15 90 1 6655
85 30 1 5642
7 57 1 5584
42 43 0 7715
26 11 0 1730
18 3 1 2574
39 18 1 1374
60 12 1 5393
61 46 0 6348
19 47 1 2770
18 66 1 6711
88 34 1 4499
6 51 0 3351
94 25 1 825
38 43 0 2540
54 2 1 6510
51 91 1 1204
62 39 0 3342
38 37 0 1809
96 67 1 6488
92 47 1 7643
83 86 0 3820
34 8 1 1703
24 82 0 3946
11 88 0 3751
14 72 0 3624
39 30 0 2413
85 88 1 9396
99 1 1 3955
32 37 1 1156
26 10 1 3321
48 84 1 5403
18 63 0 2716
30 37 0 4970
15 77 0 8583
76 13 1 8651
26 28 1 7992
75 16 1 721
26 20 1 3277
50 63 0 5295
80 66 0 9485
42 78 1 1207
23 67 0 122
78 56 0 6282
85 50 0 6680
9 88 1 4140
15 23 1 8944
22 39 1 3534
50 21 1 7536
100 26 1 1893
84 52 1 586
32 31 0 7771
65 64 1 8321
29 81 0 9447
77 50 1 9666
77 33 0 8454
57 76 1 9262
14 87 0 4384
49 12 0 9327
100 6 0 5518
71 15 1 6869
12 92 0 6216
94 59 0 8855
36 4 0 5172
63 52 0 948
92 20 1 4568
85 19 1 9482
91 39 1 2947
53 1 0 4199
62 41 0 4863
22 81 1 5646
38 47 1 3284
87 86 1 5427
45 9 1 5387
91 19 1 1781
98 30 1 5790
73 20 0 8744
84 90 1 9447
46 100 0 3312
94 90 1 836
66 13 0 1104
3 88 1 1944
30 67 1 7865
26 27 0 9060
91 13 0 19
52 71 0 4312
75 74 0 1000
41 67 0 6114
8 95 1 2206
13 99 1 1648
70 32 0 5961
100 77 0 6879
7 18 1 8828
16 24 1 7914
31 72 0 4238
70 74 0 6080
65 58 0 3855
96 65 1 357
95 13 1 914
35 14 0 3038
63 87 0 9869
64 26 1 1267
25 46 0 2554
30 71 1 8873
11 35 1 8192
31 55 0 689
36 63 0 1682
93 44 1 7864
24 69 1 7528
40 67 0 4914
27 34 0 8524
66 84 1 5663
26 57 1 354
91 8 0 558
82 67 0 3177
29 65 1 3094
61 74 1 6438
51 68 1 360
98 62 0 2800
70 50 0 9446
84 61 0 18
35 16 0 8005
78 31 0 370
73 13 1 8832
98 49 1 6630
7 43 1 874
54 71 0 3694
31 3 0 6617
52 99 1 9520
64 52 0 2459
12 78 1 4996
46 22 1 949
71 51 0 3461
97 38 1 6034
69 65 0 5280
27 69 0 4109
68 30 1 1616
2 84 0 618
23 33 0 5225
47 22 1 641
74 8 1 1843
64 51 1 2938
37 83 1 6239
73 32 1 1993
10 31 0 7645
72 89 0 7100
16 18 1 1979
61 24 1 5148
74 3 1 8852
24 2 1 3442
70 89 1 5407
49 10 1 5914
66 61 0 8375
35 91 0 2652
38 96 0 1810
31 45 0 8214
61 90 0 1664
6 97 0 3083
65 20 1 4142
62 72 1 8864
31 29 0 3733
56 79 1 3943
55 60 1 9404
84 91 1 6086
19 94 0 8074
38 10 1 9059
74 83 1 9002
31 90 0 2686
78 74 0 2875
14 98 1 4792
54 90 1 7948
2 1 1 2152
91 32 1 5596
20 45 1 6071
55 20 0 6243
51 69 1 9400
53 80 0 7630
64 23 0 5399
99 67 0 8919
92 53 0 8074
99 11 0 193
44 89 0 9317
87 57 0 1682
10 56 0 9212
82 88 0 9512
33 24 0 2569
33 34 1 9747
60 51 0 4566
7 16 0 3925
55 15 0 1877
85 93 0 8099
96 55 1 1405
2 52 1 8508
30 88 1 7543
45 95 1 9387
3 28 1 6554
49 8 0 4825
9 23 1 1003
19 57 1 476
51 72 0 8382
65 55 0 5654
79 27 0 6242
51 2 1 9895
70 24 1 96
51 58 1 2916
2 79 0 3942
86 2 0 2641
57 17 0 7474
9 47 0 9416
90 28 1 941
36 8 1 3376
65 9 1 3976
68 43 0 8483
30 4 1 6145
79 20 1 3409
83 9 1 5908
11 15 1 6461
15 42 1 5919
75 41 1 4862
71 58 0 1139
33 3 0 6284
2 89 0 4714
85 6 1 9319
56 6 1 4996
16 28 0 811
76 71 0 1169
100 15 1 6402
39 100 0 217
54 100 1 1064
70 76 1 9473
58 51 0 1101
59 88 1 8577
16 17 1 814
11 71 0 7152
86 40 0 4797
21 73 1 7158
87 91 1 6332
87 21 0 8183
44 72 1 2883
57 3 0 2826
1 18 0 5031
30 25 0 1249
96 87 0 1408
56 25 0 1531
14 15 1 8965
43 41 1 3178
67 46 1 7721
29 95 0 94
51 43 0 3420
88 99 0 3331
57 30 1 9977
95 53 0 7488
33 45 1 1276
58 40 1 6705
87 65 0 4344
9 10 1 3107
8 70 1 8557
72 10 1 7295
89 37 0 590
72 27 0 1729
5 74 1 2943
88 24 0 794
67 89 0 5063
91 82 1 855
96 38 0 769
17 93 0 3125
88 70 0 5329
80 51 0 2446
78 26 1 1681
52 53 1 2234
75 22 1 562
97 92 0 6740
81 85 1 9156
60 36 0 1778
9 7 0 658
83 75 1 3169
32 6 1 5869
22 37 0 1485
87 9 1 8388
75 11 1 6802
87 81 1 2463
17 91 1 1722
38 14 1 9794
2 55 1 8241
94 44 1 4461
30 51 1 2587
76 8 0 5046
85 68 1 302
89 14 0 4529
87 58 0 4918
80 36 1 2122
10 9 1 8912
32 65 1 3228
50 41 0 2927
20 74 1 1182
98 18 0 2369
3 36 1 2227
21 31 1 1622
95 84 1 7705
84 46 1 6941
92 25 0 2311
31 14 0 777
72 11 1 5228
39 38 1 7844
61 29 0 9754
38 46 0 7234
38 69 0 3192
15 97 1 906
25 29 1 7241
84 59 1 9888
24 74 0 5486
18 86 0 2943
27 53 1 5059
67 6 1 7605
66 16 0 272
99 81 1 3571
92 14 0 5490
73 40 0 2175
75 12 0 3962
84 76 0 78
25 99 1 8706
21 74 0 1262
96 17 0 4711
21 24 0 4852
83 95 1 1074
33 79 0 2776
27 79 1 9135
49 99 0 3778
52 74 1 5350
74 10 0 2932
23 52 1 3699
95 9 0 4090
40 51 0 7780
30 33 0 3347
72 1 1 7290
49 34 0 4769
41 14 0 4197
11 92 0 6744
72 28 1 4391
8 27 0 4670
69 68 0 6253
40 13 1 7527
84 98 0 7105
77 100 0 8126
88 14 0 6328
67 24 0 8859
85 60 1 4388
17 90 1 7343
1 16 1 3746
13 27 1 11
61 56 1 218
21 27 1 3176
100 66 1 4188
48 66 1 2606
65 8 1 2804
36 71 0 4246
81 46 0 7414
39 92 0 5209
9 30 0 6449
93 9 1 2275
83 98 0 617
28 65 1 1878
96 57 1 866
12 35 1 1470
86 22 1 8486
11 77 0 4775
91 66 1 3376
45 87 0 2659
19 99 1 5504
18 91 0 4394
99 93 0 6636
28 46 1 2103
30 76 1 7675
35 33 0 4601
97 56 1 6440
67 51 0 4914
90 69 0 30
71 100 0 5742
90 93 1 5811
92 56 0 5894
31 1 0 4611
67 19 1 7136
93 21 1 8897
52 89 0 1145
84 10 1 7018
89 13 1 9365
14 85 0 6446
45 79 1 3344
84 35 0 9307
77 52 1 7903
4 76 1 8072
24 98 1 6014
90 88 0 8112
7 99 0 4395
38 61 1 8992
100 33 1 9299
64 66 0 3034
79 48 0 3941
38 83 0 9220
15 52 0 3315
4 71 0 197
71 14 1 1820
35 46 1 9862
100 59 1 7828
97 95 1 1328
56 14 0 3746
95 38 1 8146
71 80 1 494
64 65 1 6202
71 45 0 7119
66 25 1 7886
75 2 0 2148
80 82 0 8990
80 16 1 6203
63 59 1 5737
37 60 1 5368
13 1 0 4786
81 100 1 3426
32 67 0 2277
76 2 0 6325
78 92 0 9509
59 8 1 6868
81 66 0 5237
95 90 0 4000
95 80 1 7513
68 77 1 2540
99 51 1 5511
53 70 1 8853
4 15 0 6076
74 91 0 247
58 46 0 4428
90 27 1 3393
82 63 1 3593
21 62 0 2732
77 5 0 7074
80 50 1 9777
17 83 1 1433
60 75 0 4286
72 46 0 6693
62 73 0 1585
72 42 0 9837
91 72 1 1602
91 86 0 912
75 4 0 5892
53 33 1 8478
88 66 0 4910
73 14 1 9429
98 77 1 2505
15 25 0 5472
59 72 1 2080
2 93 0 8103
88 47 1 4877
3 96 1 1061
19 67 0 8560
45 73 0 9200
74 37 1 9370
69 6 0 6088
56 93 0 3526
34 38 1 466
36 57 0 364
23 20 1 7423
13 53 0 8253
57 28 0 9777
36 5 1 2163
6 14 0 7204
26 81 0 1121
41 77 0 9903
45 28 0 7693
60 22 0 6345
11 42 0 3005
49 43 0 3255
99 7 0 3955
77 23 0 4125
97 11 1 3016
49 80 0 4375
27 22 0 4791
4 28 1 2150
12 14 1 3192
7 2 1 9291
66 33 1 6310
73 25 1 8399
35 51 1 5285
27 36 1 8871
53 36 0 1057
10 71 0 4329
77 24 1 9631
93 65 1 2506
95 81 0 7768
48 59 0 8804
76 23 0 3559
36 24 0 3861
78 43 1 3187
29 27 1 3120
97 45 1 8104
13 15 0 5560
74 52 1 3766
59 56 0 5505
19 80 0 3101
59 69 1 910
22 33 1 1482
87 48 0 9822
21 49 1 9724
50 96 0 7344
9 37 0 8814
45 91 1 4467
52 62 0 8690
23 29 1 6795
17 24 1 8655
8 45 1 1281
35 19 1 6871
31 64 1 6130
48 41 1 572
82 75 1 6489
1 39 1 1479
23 34 0 8764
48 37 0 8162
98 67 1 641
99 3 1 965
14 59 0 2669
42 32 0 9007
1 26 0 2262
81 87 0 4573
38 99 1 2782
7 19 1 1364
66 87 0 8475
85 59 1 9014
58 42 1 5627
65 14 0 3068
28 30 0 1237
60 38 1 9251
85 54 1 3138
66 18 0 8167
72 39 1 5653
7 49 0 3867
98 82 1 8296
15 5 1 4528
55 52 0 5262
73 35 1 6498
45 81 0 9528
68 63 0 6561
33 23 1 9592
65 45 0 9053
70 62 1 8009
7 91 1 6269
21 84 1 4490
12 10 1 2657
31 10 0 1453
72 45 1 5434
17 82 0 8813
90 32 1 3135
31 17 0 3726
10 5 0 7473
56 7 0 6405
1 67 0 5652
40 21 0 3731
36 99 0 2588
54 67 1 1623
10 61 0 5707
53 73 0 3598
76 32 1 2158
3 24 0 3043
22 62 0 4049
14 1 1 994
29 94 1 3323
37 94 1 6578
47 43 0 1692
73 57 1 7383
45 38 0 7867
19 2 1 9382
83 6 1 2759
32 80 0 8202
75 31 1 4178
87 3 0 4639
82 93 1 2705
44 94 1 7448
77 39 1 581
22 7 0 3856
56 39 0 8467
86 72 0 2177
18 65 1 9985
64 74 0 1031
9 99 0 1271
68 94 1 5120
1 52 1 4909
57 18 1 3248
72 23 1 7102
83 72 0 9702
44 8 0 3851
73 31 0 1082
32 52 0 6192
84 81 0 849
70 97 1 881
86 32 0 271
18 41 0 1147
3 23 0 5023
64 63 0 4177
36 70 0 9484
10 60 1 1875
5 81 1 8817
72 84 0 1775
56 98 0 5438
31 94 1 3340
57 86 1 4455
44 84 1 4580
92 7 0 2533
31 54 1 4917
27 97 1 3062
25 100 1 6162
96 64 1 8643
41 21 1 2601
1 64 0 4330
8 87 0 7953
51 65 0 4178
5 10 1 4485
54 66 1 794
63 48 1 6402
80 25 0 5125
44 53 0 5917
82 14 1 2746
10 7 0 9300
36 38 0 7033
44 19 0 8058
51 23 1 7590
44 28 1 4097
54 47 1 3000
58 91 0 4776
75 71 0 4593
59 71 1 9238
55 59 0 4473
83 44 0 4897
58 18 0 9348
20 40 1 1956
97 51 0 4873
18 34 1 487
42 37 0 7164
16 43 1 7768
75 53 0 7852
6 8 0 3830
45 6 0 1703
73 82 1 5078
59 99 0 4146
20 82 1 5537
67 99 0 7035
60 56 1 3254
13 79 1 1773
51 84 0 2128
54 22 0 60
68 14 1 9130
56 24 1 745
68 12 1 6887
24 41 1 2761
50 72 0 1827
8 96 1 4053
67 15 1 7581
34 99 1 6031
70 52 0 8175
39 19 1 9098
3 97 1 7469
48 54 0 7581
53 24 0 1739
42 40 0 4134
72 16 0 9676
99 41 0 3058
16 62 1 583
13 4 0 1088
52 72 0 6364
76 43 1 8418
33 69 0 1084
94 19 0 3911
76 90 1 3595
21 65 0 8687
32 22 0 9688
95 22 0 2705
58 56 1 3545
65 96 1 6356
27 50 1 6168
79 93 0 6889
59 30 1 2263
44 48 1 487
92 18 0 4096
86 70 0 9377
60 37 1 4125
11 43 1 6328
84 67 1 6798
15 30 0 972
13 55 0 576
15 83 0 2666
24 40 1 8752
80 2 0 3302
10 99 0 4061
21 14 0 789
26 9 1 3018
30 75 0 7232
70 100 1 2812
21 7 0 700
2 73 0 6269
82 9 1 8192
45 16 0 3847
65 13 0 8604
3 12 0 7315
7 90 1 302
38 92 0 9630
58 73 0 5361
76 20 1 3368
86 34 1 4760
47 41 0 5420
50 70 0 2048
27 70 1 3981
64 17 0 1308
57 1 1 5832
96 20 1 5658
100 19 0 707
94 70 0 6132
30 50 1 9869
92 13 0 6782
50 69 0 2914
38 63 1 4572
53 62 1 8916
17 49 1 1921
21 92 0 5183
83 25 1 9396
91 7 1 4433
60 7 0 9201
74 97 0 8185
16 23 1 5069
5 86 1 6422
49 78 0 521
12 9 1 5722
29 21 1 2533
64 57 1 9517
60 71 1 8141
52 100 1 7585
85 1 1 4885
88 3 0 9831
11 51 1 6277
99 48 0 1240
18 31 1 6179
19 4 1 203
44 69 1 8670
23 80 0 7232
11 24 1 1896
13 29 1 5191
24 64 0 6878
69 86 0 112
97 77 1 9153
21 71 1 4349
24 60 0 4466
23 74 1 5341
16 52 0 3539
64 50 1 763
81 89 0 2325
78 81 0 426
96 100 1 8496
46 34 1 5817
8 83 0 561
36 66 0 3069
91 16 0 5347
84 40 1 7962
65 30 0 9523
42 96 1 6496
14 9 0 638
47 78 0 5030
2 46 0 931
9 97 1 9348
1 46 0 3812
8 92 0 2800
51 94 0 2177
100 12 0 4431
76 73 1 9930
43 12 1 5033
75 82 1 3893
33 9 1 1405
15 16 0 4697
41 81 0 4891
97 89 1 8616
81 32 0 3520
52 14 1 1934
60 33 0 6430
25 69 0 6805
96 27 1 9200
46 43 1 1453
39 20 0 4361
17 77 1 2879
9 70 1 6829
10 11 0 9640
83 2 1 1729
80 43 1 1559
54 4 0 8847
58 28 1 2144
99 68 0 2093
1 20 1 2450
94 37 0 8411
41 22 0 6982
1 28 0 7657
39 35 1 3473
14 89 1 3300
3 7 1 5382
25 93 1 3561
71 75 0 7707
54 99 0 1551
42 45 1 4488
87 90 0 7855
77 22 0 8790
100 13 1 9682
83 52 0 3688
69 21 1 4894
33 35 1 6890
59 45 1 6224
74 56 0 9802
49 23 0 3028
20 81 1 1734
96 54 1 6469
96 77 0 7849
81 3 0 2512
50 73 1 1155
17 54 1 3038
30 85 0 8645
97 60 0 4137
3 93 0 7512
79 10 0 8257
20 12 0 2744
80 48 0 5368
40 6 0 5633
49 55 0 4356
71 88 1 7755
83 58 1 6139
9 68 0 2462
72 81 1 5451
77 85 1 4703
45 3 0 9995
70 53 1 1257
41 88 0 2117
85 70 1 9653
44 32 1 3103
15 67 1 904
32 53 0 8044
87 19 0 1411
84 56 1 2952
79 76 0 955
64 21 0 2347
88 91 1 4009
79 75 0 3853
4 74 1 1217
76 67 1 5042
95 19 0 136
52 40 1 8179
26 18 1 6097
94 32 0 431
89 47 1 1541
73 43 0 1602
12 82 1 5316
20 34 1 8818
96 14 1 4566
41 20 1 3778
43 8 0 2099
16 54 0 220
1 99 1 9401
43 57 1 155
94 45 1 5397
35 53 0 4718
83 69 0 4930
40 58 0 935
80 69 0 4698
36 17 1 7022
47 71 0 3132
38 77 1 4183
51 38 0 7141
41 19 0 5021
27 28 1 8413
77 26 0 2425
64 62 1 5699
100 94 0 5908
48 14 1 7679
46 65 1 2179
41 28 1 3753
39 11 1 7530
24 34 0 4186
82 59 1 337
6 13 0 3732
61 41 0 4299
20 62 0 827
52 94 0 8672
26 66 1 137
25 33 0 9950
48 74 1 9032
22 48 1 7709
34 48 1 8647
31 66 0 9648
31 91 1 5618
17 81 1 4109
57 75 0 6813
46 14 1 8513
85 43 0 5104
44 3 0 3533
2 95 1 603
97 46 1 8200
22 79 0 142
13 38 1 9724
12 55 1 62
98 23 0 2912
1 83 0 4776
51 10 1 8838
85 44 0 261
10 91 0 6890
35 38 0 4542
24 35 1 7407
41 40 1 469
92 74 0 5939
96 83 1 3216
22 20 0 2022
24 87 0 4450
23 81 0 3111
53 95 1 6637
62 16 0 8553
8 43 0 3243
43 37 0 4129
74 89 1 9809
97 100 0 8086
70 90 1 1005
32 97 1 5015
28 75 1 7829
97 65 1 5691
42 12 0 4162
64 25 1 4771
92 76 1 7973
64 76 1 4878
34 11 1 5988
38 79 0 9619
52 34 0 1099
27 1 1 5465
46 61 0 177
16 58 0 4370
31 76 1 9983
79 4 1 5655
91 60 0 3858
38 21 1 8579
81 11 1 3152
38 51 1 8962
76 98 0 2683
54 72 0 2678
75 56 0 7779
35 17 0 2036
75 7 1 1118
41 78 1 4557
25 8 1 8162
59 90 1 4061
46 8 0 6032
34 37 1 7233
100 92 0 6180
100 7 1 9309
1 24 0 3254
86 63 1 5802
15 2 1 5615
59 13 1 3
12 40 0 4702
27 91 0 7578
25 78 1 4548
67 80 0 9347
56 62 1 7532
48 13 0 9360
51 30 1 6316
10 14 1 615
86 90 1 7810
100 75 0 2819
76 14 0 8667
37 8 0 9128
57 61 0 6290
16 87 1 1150
15 10 1 1803
2 60 0 976
13 56 1 5165
66 79 1 495
45 30 0 7494
42 72 1 5991
88 42 1 1526
58 25 0 1621
32 72 1 9808
12 66 0 1869
26 35 1 2363
27 58 1 3323
62 7 1 9726
6 9 0 6326
90 78 1 8312
76 4 0 9442
29 16 0 7811
30 83 1 6496
94 36 0 529
32 70 0 7555
86 38 1 9425
34 40 0 9059
42 13 1 525
43 19 1 9963
84 50 0 9699
24 10 0 1517
16 92 0 273
82 25 0 9653
51 87 0 3398
56 30 1 9485
14 38 1 6463
22 63 0 5470
76 37 0 5685
95 92 0 4280
73 80 0 3069
93 25 0 1661
58 24 0 9582
28 55 1 236
45 11 0 5085
3 15 1 3961
81 55 0 1450
37 18 0 7770
11 29 0 7838
99 39 1 492
48 67 1 377
26 75 1 3661
58 2 1 3851
95 7 1 4282
35 4 0 5401
24 57 0 7592
92 91 0 1046
36 83 0 5565
72 88 1 5605
1 35 1 8557
85 98 0 7684
5 96 0 8259
31 38 1 3130
42 23 0 3148
94 74 1 959
63 14 0 7121
65 100 1 8372
78 100 1 1886
79 35 0 6206
64 59 1 8146
11 62 1 4267
29 3 1 9243
69 66 0 1834
47 21 0 9288
19 89 0 1703
23 7 1 2948
16 76 0 2040
40 75 1 2700
25 36 1 4594
38 29 1 9343
34 89 1 2180
41 24 0 1734
30 73 1 8025
16 95 0 6495
3 56 1 7689
78 82 1 8497
81 1 0 3039
89 44 0 228
79 45 0 7200
76 56 0 9049
27 33 0 8649
83 56 0 2935
44 21 1 7696
56 57 0 3579
63 38 1 1200
100 72 1 889
12 25 0 8860
78 45 0 9316
13 64 1 5582
99 100 0 8875
84 48 0 5026
51 76 0 3103
27 31 1 3906
41 15 1 792
91 50 0 8388
44 14 1 5297
26 13 0 7142
57 4 0 352
63 54 0 7817
77 12 1 428
26 54 1 1904
7 25 0 3992
31 19 0 3817
37 6 1 8617
20 75 1 5811
60 25 0 6970
67 57 1 6286
6 68 1 5286
88 90 0 8918
85 77 0 6292
78 16 0 6098
86 20 1 5201
75 95 0 7992
61 89 1 6937
93 85 1 6984
61 8 0 5249
70 87 0 5801
48 19 1 717
61 75 1 6703
86 45 1 8741
100 68 0 5005
27 55 1 1828
14 30 0 4410
53 32 0 4920
79 8 0 5988
63 16 0 5145
76 16 1 2805
61 32 1 8700
86 51 0 9496
25 16 1 2566
69 81 1 931
81 4 0 3978
91 34 0 2389
53 65 0 4095
55 67 1 7948
6 12 0 3252
65 73 0 8879
12 20 0 229
92 90 1 4185
30 44 0 5538
65 87 0 3829
100 60 1 1481
84 45 0 4282
89 87 1 717
49 61 1 5140
94 60 0 1478
75 10 1 834
96 53 0 9324
66 38 1 5965
17 68 0 5742
29 71 0 7727
60 14 0 3833
21 6 1 2244
74 76 0 9554
43 48 0 7782
34 21 0 1315
32 71 0 327
45 93 1 3152
15 21 0 3724
50 11 1 2567
83 99 1 3133
95 60 1 9474
74 31 0 9295
67 4 1 8805
23 27 0 9698
28 53 0 6480
90 8 0 8413
98 16 1 7450
47 97 1 1057
77 80 1 6680
71 57 1 1006
51 92 0 9903
89 53 0 7916
45 47 1 920
71 41 1 3402
48 51 1 180
78 98 0 3459
36 78 0 9804
15 58 0 3653
15 35 1 9124
27 77 1 5187
67 76 0 4371
11 27 1 5379
4 94 1 1305
95 54 0 5218
65 75 1 703
19 78 1 6673
16 9 1 3730
19 17 0 7242
24 12 1 5111
68 61 0 1902
100 90 1 8557
5 17 1 6352
81 43 0 390
94 17 1 4491
76 11 0 8642
52 46 0 6809
74 20 1 9249
29 60 1 8540
93 60 0 125
55 99 0 4278
35 71 1 9176
70 73 1 7510
39 23 0 9123
79 16 0 272
28 64 1 4492
16 3 1 981
98 26 1 1034
62 65 1 3690
34 43 0 476
25 89 1 1083
50 2 1 2961
39 50 1 7351
85 36 0 8299
59 85 1 2414
34 68 0 6212
68 71 1 3797
39 3 0 1141
64 33 1 7144
85 62 0 8028
30 22 1 6637
3 61 1 9633
90 66 1 9248
47 24 1 5637
73 45 1 2091
45 40 0 7768
85 90 0 5298
62 92 1 7560
30 32 1 8566
10 36 1 2889
100 98 0 9733
56 50 0 9431
36 60 1 7459
82 96 1 1621
20 7 0 3768
88 7 0 4319
53 88 1 5962
19 52 0 2125
19 27 1 669
74 14 0 288
22 24 1 5913
66 31 0 4319
56 44 1 3953
88 32 0 8771
74 96 0 7270
3 50 0 2927
73 39 1 9167
63 73 1 1157
35 11 0 765
29 77 0 3092
72 8 1 6904
29 44 0 4032
40 78 0 5118
4 54 1 3976
62 8 1 5436
38 57 1 5926
96 80 0 5176
32 35 0 4191
24 75 1 7762
78 85 0 3036
48 22 0 5997
43 34 0 3933
64 37 1 6045
14 49 1 5797
85 47 0 6852
81 28 0 466
1 27 1 5314
54 97 0 1273
13 52 0 4554
41 87 1 2135
14 99 0 1719
28 70 1 1280
70 86 0 6724
34 23 0 3579
36 46 0 5982
9 44 0 1657
84 74 1 9416
63 35 0 9652
95 67 0 3987
97 63 0 32
32 44 1 3563
55 13 0 8575
82 49 1 6739
78 23 1 6621
54 68 1 3185
38 65 0 1344
59 49 1 1350
26 40 1 3559
66 91 1 9763
54 96 1 7825
53 40 0 8072
70 66 0 4206
41 92 1 5576
34 7 0 9792
53 42 0 5790
28 18 0 8697
92 62 1 6245
23 28 0 5602
20 22 1 7054
60 96 0 9138
55 44 1 618
40 14 0 8622
62 32 1 5094
28 20 0 8515
76 83 1 7433
72 66 1 373
40 50 0 8946
85 46 1 1763
60 42 1 266
72 20 0 7817
6 39 0 3946
42 8 1 7747
45 2 0 5979
79 39 0 3583
23 91 1 5515
86 21 1 9094
30 70 0 5223
33 25 1 5688
73 28 0 4405
19 11 0 7279
11 17 1 2379
15 51 0 6258
23 73 1 9871
76 17 0 2264
35 1 0 701
68 79 0 9008
8 90 0 6234
92 70 0 5998
86 74 0 6785
66 71 1 770
10 6 0 2399
5 35 1 5848
93 17 1 6270
39 64 1 6063
68 48 0 5063
67 94 1 3162
89 63 1 3044
57 16 1 7566
28 93 1 2376
42 98 1 730
1 98 1 4960
53 90 1 1301
29 54 0 901
31 26 1 9393
65 21 1 9007
91 75 1 7016
80 40 1 4179
88 41 0 6075
9 15 1 4978
70 99 0 5990
22 30 0 8801
21 13 1 7165
64 16 0 9990
13 18 1 7162
95 50 0 2911
27 75 0 3762
30 74 1 4853
23 17 1 9926
82 58 1 5495
7 15 1 6075
74 42 1 4687
90 98 0 6131
94 43 1 7761
73 66 1 5432
4 80 1 1016
91 38 1 6103
59 77 0 3384
47 42 0 6889
64 55 1 5217
66 97 0 198
74 64 0 4401
80 75 1 3832
19 21 0 8674
99 31 1 2771
45 24 1 6342
99 91 0 9212
26 12 1 6860
87 80 0 5900
50 36 0 2703
51 18 0 6518
53 100 0 5175
41 83 1 5992
14 20 0 2864
16 10 0 1902
100 40 0 4083
71 8 0 326
89 97 1 6798
77 79 1 91
41 59 1 9896
7 85 0 1429
10 42 1 1179
99 64 1 1776
90 51 0 1430
27 19 1 6666
14 56 1 5448
56 47 0 3057
80 73 0 3436
99 15 1 8517
77 71 1 363
85 12 1 3384
16 80 0 2367
10 1 1 789
70 16 1 9277
79 74 0 8946
76 60 1 4780
6 66 0 4771
85 67 1 1954
