100 895
80 49 1 3837
45 83 0 2029
38 51 0 3938
75 56 0 4122
55 78 0 285
32 73 0 5680
42 19 0 2663
10 36 0 6354
52 65 0 4542
56 87 0 2455
3 93 1 2644
89 70 1 7583
15 52 0 3359
96 50 0 979
43 100 1 8569
46 35 0 5935
88 94 0 7977
37 84 1 4612
68 38 1 7693
89 92 0 4063
72 55 0 87
80 83 0 9986
29 69 1 7500
18 80 1 4036
22 80 0 3385
59 81 0 5804
11 66 1 9380
19 57 1 2863
82 83 0 9728
80 67 1 5025
23 75 0 3012
33 86 0 4311
64 49 1 7468
13 95 0 7505
100 27 1 7772
27 19 1 3964
56 9 1 3212
26 98 0 4878
67 19 0 4240
68 74 0 7660
49 71 1 2917
87 60 0 7024
88 5 1 10000
95 49 1 2035
74 71 1 4220
14 86 0 2634
62 60 0 1549
9 2 1 4351
3 17 0 8065
64 52 1 1370
1 57 0 5890
39 83 0 1543
79 43 0 6915
7 21 1 7408
40 31 0 4001
81 15 1 622
25 32 1 9808
45 99 0 8855
96 63 0 7692
72 9 0 6130
61 96 0 3357
9 13 0 4396
38 70 0 7574
6 59 0 8481
81 98 0 4865
76 29 0 8434
11 73 0 1715
64 5 0 4101
27 15 1 7466
85 80 0 8623
99 37 0 9182
37 85 0 5559
56 50 0 1205
13 100 0 8602
86 48 1 7847
91 16 0 637
53 21 1 3080
55 47 0 3266
84 9 0 6185
23 33 1 5079
60 2 1 3667
75 90 0 7189
63 96 0 2774
55 71 1 8419
84 57 0 3335
83 5 0 8065
5 48 0 8207
55 28 1 4720
71 79 1 2175
9 87 1 7752
7 73 0 7768
40 83 1 1893
55 2 1 5294
71 20 1 8646
60 75 0 1196
73 67 1 5070
85 5 1 3866
42 17 0 3752
78 49 1 6297
87 95 0 346
56 96 0 2398
32 40 0 9125
19 7 0 3017
47 82 0 1254
84 11 0 9926
44 55 0 65
18 26 0 1510
65 47 1 7112
22 91 0 6887
37 63 1 2244
56 29 0 6304
99 82 1 7113
75 58 1 8738
91 17 0 2513
42 25 1 5737
49 36 0 4650
62 49 0 9587
65 12 0 1778
72 43 1 5378
53 65 0 4701
52 41 0 7935
97 5 0 625
65 89 1 3784
22 10 1 3110
11 14 0 1362
36 90 1 1106
92 42 1 9334
47 37 1 4523
51 92 0 4418
29 18 0 9152
79 25 0 3259
75 63 1 9835
5 67 0 1622
98 18 0 1304
46 95 0 6110
86 80 1 7365
55 19 1 7014
82 68 1 1878
77 8 0 5269
72 57 0 5103
29 32 0 7314
22 63 1 9446
80 60 0 5235
77 65 0 5802
95 67 0 1981
95 16 1 1159
43 73 1 3305
59 76 1 2942
72 98 0 164
35 60 0 2556
97 27 0 2562
25 30 0 5580
92 88 0 4509
47 41 1 8437
24 22 1 7820
75 89 1 2461
78 83 0 5407
13 57 1 576
24 63 0 306
87 43 1 3110
76 24 0 6281
52 64 0 9903
9 11 1 979
96 69 1 553
60 89 1 8336
91 45 0 9124
54 25 0 1448
19 28 0 6660
66 4 1 690
84 59 0 5512
50 29 1 3901
13 4 0 7742
8 32 1 9302
24 100 1 2470
4 70 1 2753
73 8 1 1644
90 9 1 3517
94 90 0 5284
4 82 1 2435
8 75 1 6871
47 55 1 5041
77 97 1 3981
70 34 0 4822
70 93 1 72
71 39 0 24
17 6 1 6148
52 72 0 2021
74 16 1 459
85 50 0 9708
89 9 1 5126
80 41 1 1020
54 90 1 3361
48 74 1 6779
20 100 1 8675
71 57 0 9835
67 95 0 7086
57 31 0 7898
56 18 0 5011
62 85 0 1951
77 9 0 9601
69 61 1 8972
96 90 0 9897
78 95 1 5407
31 72 0 471
84 55 0 4954
14 63 1 3539
7 32 1 5455
37 93 0 6876
6 22 0 4379
57 86 1 8399
96 33 0 5559
17 25 1 1749
22 97 0 8275
9 21 1 2920
77 68 1 2438
39 84 1 265
29 85 0 6891
6 14 0 5853
99 26 0 1792
10 74 1 960
91 68 1 9994
20 76 1 3530
49 89 0 2449
37 16 0 3333
90 5 1 5343
92 97 1 9194
95 50 0 6160
27 48 1 2689
43 66 0 6019
68 44 1 5969
57 93 0 1878
30 23 0 3133
32 23 0 703
94 14 0 4875
51 33 1 3014
8 7 0 2081
82 79 0 1270
43 41 0 1894
90 50 0 2872
11 83 1 6653
55 39 1 4382
81 3 0 4281
21 63 0 7527
22 82 0 6784
46 73 1 8203
79 35 1 7918
18 86 0 3529
99 3 0 7018
14 16 1 7877
83 14 0 193
34 86 0 4638
69 48 1 9949
19 10 0 8162
73 33 1 8419
72 63 0 6621
41 12 0 7978
84 22 0 2638
67 56 1 1617
86 53 0 3669
32 37 0 5695
71 64 1 7755
41 71 0 8804
5 71 0 7845
29 91 0 2169
44 98 0 7821
84 29 0 7638
54 75 0 1820
38 39 0 3766
89 41 0 9847
4 91 0 1951
57 58 0 5693
30 43 0 210
25 79 0 6468
57 65 0 1345
98 84 1 6986
42 59 1 3663
86 30 0 8409
69 9 0 1
35 28 0 7866
80 44 1 877
2 40 0 857
22 38 0 7713
76 70 0 936
32 51 1 9597
35 6 0 956
76 21 0 8198
46 37 1 4511
69 27 1 7471
54 39 0 9740
29 74 1 1208
30 81 1 1706
2 38 0 8708
76 16 0 4015
15 24 0 1563
44 79 1 6237
70 16 0 8941
82 54 0 9634
59 6 0 6883
63 88 0 4451
42 3 0 8923
30 75 0 9607
42 69 0 2041
79 9 1 2902
96 24 0 7936
49 51 0 1048
36 19 1 5785
78 49 0 3265
97 62 0 2698
38 33 0 3986
30 86 1 5397
92 90 0 9008
22 19 1 7281
65 14 1 6219
75 35 0 631
24 77 1 2902
100 30 0 5980
62 37 1 1802
48 23 1 3828
100 30 1 5108
14 35 1 699
14 74 1 1698
3 13 1 433
3 94 1 2
42 74 1 5682
29 95 0 6502
49 91 0 6658
26 80 0 7750
76 66 0 9600
84 100 0 6156
55 42 0 6178
34 72 0 3364
52 94 0 5513
78 99 0 739
36 15 0 579
92 48 1 5696
71 10 0 4991
24 25 1 5836
92 69 0 7006
27 8 0 6200
25 87 1 9988
44 77 1 4190
39 22 0 4860
14 72 0 5020
61 1 0 4068
83 35 0 5669
53 77 0 2796
44 49 1 321
75 4 0 491
5 83 0 5424
88 31 0 3164
21 43 0 8431
42 64 0 2417
85 90 0 7428
4 51 1 3658
72 34 0 2757
74 18 1 2460
55 67 0 5797
69 78 0 1950
68 60 1 2940
80 73 1 1168
40 64 1 9673
3 19 1 9493
66 93 1 286
6 42 0 7475
45 53 0 2468
91 61 0 8871
37 31 1 3766
41 26 1 5787
51 42 1 6070
96 77 0 6873
15 2 1 4716
31 13 0 7176
80 36 1 8492
84 92 1 9965
44 82 1 3964
80 1 1 3494
69 21 1 1313
100 60 0 6361
41 50 1 3741
40 22 1 6569
48 14 0 8980
43 92 1 1991
20 67 1 3393
12 41 1 2212
38 69 0 8529
61 28 1 1973
72 58 1 6982
16 27 0 7565
12 50 0 6819
39 56 1 62
93 47 0 2249
53 40 0 3316
15 50 0 7978
94 42 1 4221
70 79 0 6734
93 97 0 4360
61 2 1 2836
14 55 0 8330
78 41 1 3469
48 80 0 8461
98 63 0 7972
96 31 1 670
81 57 0 8799
42 48 0 5647
99 77 1 3817
41 73 1 5431
33 24 1 1734
9 7 1 440
94 74 1 1601
36 60 1 8085
68 89 1 6632
83 68 1 3850
29 92 1 1786
26 94 1 8509
91 41 0 3396
5 25 0 1712
61 86 0 3872
89 8 1 1353
100 24 0 4794
79 71 1 5285
77 69 0 9752
4 30 1 254
59 25 0 9536
59 23 1 5450
81 2 1 6712
76 4 0 329
84 37 1 2691
94 81 1 955
63 16 0 5454
99 73 0 4911
63 11 0 4708
2 56 1 7542
45 77 0 9048
17 81 0 5896
50 74 1 47
43 78 0 9765
29 42 1 9807
55 94 0 2691
81 33 0 9824
6 78 1 5993
38 13 1 2103
46 34 0 8584
35 70 1 3966
65 26 1 6112
19 88 1 9329
25 17 1 3713
40 32 0 49
46 60 0 5214
31 96 0 1781
88 64 0 9284
95 8 1 9601
17 21 0 2333
66 96 1 5653
59 47 0 1439
97 74 0 646
79 96 0 5609
13 80 0 7228
65 34 1 8389
15 82 0 2407
91 29 0 1428
10 45 1 7527
43 38 0 6619
18 38 1 3967
83 44 0 9780
5 38 1 543
57 1 0 8694
50 86 0 6903
58 28 1 8183
78 11 1 7636
30 66 1 480
1 26 1 6017
45 35 1 4952
32 70 0 61
34 70 0 7217
26 22 1 5582
80 17 0 4473
58 97 0 815
71 77 0 6813
64 36 0 3239
12 47 1 8278
44 50 0 1354
28 35 0 6481
51 26 1 1930
61 8 1 7320
20 22 0 1020
74 83 1 4995
6 98 0 1450
9 5 1 254
48 77 0 2157
92 43 0 3722
10 46 1 6329
69 42 1 6620
67 51 0 6039
7 13 0 2889
13 31 0 4245
31 53 0 8176
51 12 0 7275
19 4 0 5411
28 51 0 5218
62 78 0 2067
57 44 1 4371
57 97 0 7075
66 92 0 4499
51 41 1 1515
23 35 0 3364
34 19 1 4066
32 5 1 44
15 76 0 2420
73 74 0 1541
77 6 0 6900
6 16 1 9068
58 77 1 740
90 2 0 9381
76 50 0 6466
66 40 1 4402
43 87 0 8183
11 87 0 9209
67 14 0 2866
78 92 1 7052
21 34 1 5747
58 92 1 8503
42 94 1 2484
62 87 0 3404
11 49 1 4014
95 31 0 9711
96 51 1 3555
90 70 1 9712
4 6 0 2778
46 39 0 9661
70 78 0 1539
88 35 0 6221
7 52 0 2561
90 71 0 8817
3 41 1 8543
34 66 0 7144
94 88 0 4591
26 34 1 5852
16 63 0 9082
95 93 1 9087
46 21 0 4132
1 45 0 4400
66 56 1 2421
74 93 0 2451
74 11 1 5500
12 10 1 6483
87 81 0 8046
23 90 0 3849
30 77 1 5987
78 18 1 8284
75 98 0 6419
57 77 1 2340
43 11 0 8471
74 76 1 3715
22 75 0 3260
94 30 1 5276
5 21 1 1549
55 85 0 2969
85 83 1 6676
58 78 1 5266
36 56 1 520
61 81 0 5686
64 71 0 7470
66 50 0 54
2 61 0 2845
62 79 0 8821
21 78 1 5033
43 25 1 660
65 64 1 2117
38 17 0 2247
42 21 1 6305
55 3 1 3493
22 11 0 5666
39 53 1 5173
33 56 0 5996
27 26 0 47
69 16 1 2212
27 54 1 5933
95 81 0 2635
99 76 0 4680
18 41 1 4603
77 56 0 178
57 46 0 1106
20 57 0 9179
70 60 0 677
41 61 1 6031
44 91 0 2965
83 87 0 1988
100 96 1 6121
33 48 1 7302
22 86 1 9753
89 50 0 5379
92 87 0 1950
86 93 0 5381
98 92 1 539
11 44 1 9589
91 4 0 7482
13 29 1 1389
17 12 1 5615
74 36 1 7735
10 81 0 8994
39 55 0 8968
26 13 0 9775
97 88 0 9074
79 56 1 5942
27 47 1 5113
4 52 1 4911
66 48 0 3603
57 91 1 4223
63 39 0 7265
61 84 1 8132
16 54 0 2863
77 49 1 5403
92 31 0 4592
84 41 1 4455
86 99 0 5481
21 36 0 8720
68 18 1 7114
19 21 0 4897
40 89 1 839
18 22 0 1045
86 15 0 4507
12 54 1 9130
35 48 0 2143
24 38 0 5270
96 62 0 438
86 29 0 6848
41 62 0 5341
3 38 1 2372
73 37 0 9495
32 3 1 8321
93 59 0 4162
81 41 0 9898
89 84 0 5610
76 8 1 9272
48 35 0 5608
11 62 0 4229
56 72 0 49
100 50 0 8522
12 15 0 8974
74 45 1 8212
83 47 0 6287
29 9 0 2125
86 67 0 2284
64 69 1 7923
31 15 1 7302
61 60 1 1099
99 23 0 5993
50 9 1 6418
20 64 0 11
31 28 0 4771
31 16 1 4226
45 85 0 5596
83 60 1 1787
52 97 0 8110
58 14 1 8096
92 79 1 8036
81 85 1 6398
16 52 1 623
57 24 0 1142
21 26 1 4363
99 8 1 8310
88 10 0 8473
19 1 0 7183
53 58 1 704
62 36 0 1856
92 36 1 5941
44 31 1 6870
32 61 1 4580
3 58 0 1295
19 48 0 1871
8 88 0 352
29 67 1 8335
23 31 1 4094
63 95 1 2457
65 51 1 7183
90 36 0 3239
97 25 0 4427
71 94 0 4282
21 100 0 8581
99 12 0 4575
39 76 0 870
57 26 1 7651
54 91 1 3603
96 85 0 6979
17 73 0 8817
29 78 0 4075
38 67 0 5458
45 72 0 2319
50 20 1 6941
27 87 1 9987
11 83 0 5775
17 65 0 5085
30 92 1 9920
23 44 1 2187
6 50 1 5373
43 89 1 9056
28 4 1 8000
15 83 0 5748
72 27 0 6609
40 55 1 2014
72 93 1 8622
93 13 0 292
75 36 1 494
35 18 0 716
80 48 0 5676
75 27 0 8426
88 84 1 8930
15 86 0 3531
100 64 0 1614
83 49 1 8802
53 79 1 2016
88 75 0 3783
98 55 0 3747
85 47 1 1491
60 87 0 4910
79 19 1 998
23 63 1 3670
55 87 1 9047
5 11 1 688
80 74 0 5005
87 97 1 3795
45 41 1 9727
78 46 0 5306
91 47 1 9638
4 64 0 4307
47 18 1 8451
46 49 1 5819
90 1 0 5612
58 15 0 1566
49 56 0 8065
29 79 0 7505
15 65 0 4698
16 15 1 583
37 91 0 92
41 89 0 475
69 39 1 7725
56 35 1 4091
16 39 0 9936
28 79 0 4770
96 14 1 8732
82 8 0 6323
7 28 0 1033
61 59 1 5558
4 79 0 4465
65 71 0 2103
87 26 0 8073
50 56 0 647
37 13 1 2958
98 95 1 3212
19 82 0 4589
67 68 0 6113
12 77 0 7678
12 70 0 146
51 7 0 6480
10 42 0 8064
78 1 0 7463
67 37 1 4714
94 69 1 6343
57 78 0 4253
73 48 0 3850
71 69 0 5473
20 3 0 9724
30 3 1 8139
32 4 0 2487
15 5 1 9036
58 4 0 7285
69 100 0 5234
74 20 0 7044
43 8 0 5347
63 6 0 8769
38 81 0 1858
96 64 1 6334
20 2 0 9492
23 70 1 3775
91 98 0 9245
12 66 1 8784
63 48 1 8331
59 41 0 5340
48 3 0 7241
1 52 1 3384
84 18 0 9513
90 99 1 7627
32 87 1 4190
28 42 0 5483
4 62 0 8278
19 71 0 7790
52 86 1 8721
90 79 0 2683
14 66 1 6224
9 83 0 3669
28 52 0 7143
83 80 0 8374
92 27 1 4470
76 19 1 3414
68 64 0 9979
44 93 0 6018
48 2 0 7787
52 95 0 812
29 49 1 8714
37 64 0 7580
89 18 0 2673
26 44 0 8261
5 98 0 6518
53 31 0 1158
36 10 0 3587
42 11 1 2510
2 8 1 5962
6 70 0 9025
94 93 0 4295
81 36 0 1167
27 45 1 4513
89 96 1 7796
69 54 1 9089
17 68 0 7311
49 54 0 5202
71 27 1 4939
100 17 1 331
25 37 0 6545
63 89 0 2522
84 80 1 4378
40 92 1 7358
52 87 0 910
85 20 0 7215
8 2 1 2655
18 54 1 8884
40 2 1 8789
33 7 1 4459
81 10 1 3916
5 92 1 7272
15 96 1 5853
36 46 0 3849
12 58 1 4940
38 74 0 8501
97 21 0 735
61 23 0 8366
91 90 1 9133
99 1 0 7244
53 96 1 9022
34 92 1 7107
45 49 0 1607
77 52 0 7757
66 98 0 153
62 3 0 3816
39 54 1 4586
25 34 1 8181
75 19 1 9670
27 90 1 3255
69 72 1 1344
81 52 0 3590
6 53 1 927
14 77 0 2650
60 40 1 8162
90 53 0 6935
62 99 0 7054
91 85 1 7409
64 74 0 970
29 62 0 9753
84 90 0 6140
15 80 1 2871
9 86 1 688
46 31 1 9939
20 92 1 2292
21 86 1 1152
28 25 1 497
25 45 0 6569
56 94 1 5844
64 66 1 1388
32 18 1 766
17 71 0 6500
78 73 1 9688
8 29 1 1576
96 20 1 2063
14 80 0 9488
60 14 1 8303
51 25 1 5579
23 43 1 9920
91 86 0 1999
49 96 0 9066
20 38 1 3335
88 97 1 1053
25 36 0 7638
51 15 0 8817
78 63 1 2322
66 59 0 9753
89 100 0 2506
20 18 1 4350
80 98 1 676
100 72 1 6711
75 38 1 4757
31 68 0 3140
19 83 1 1926
55 56 0 7144
3 27 0 7779
67 38 0 8282
3 7 1 629
