100 567
63 17 0 1773
100 54 0 6481
43 68 0 7196
24 5 0 762
38 28 0 1528
11 47 1 5936
39 84 1 3407
56 29 1 3780
71 34 1 172
68 35 0 5158
72 77 1 2579
74 16 1 539
24 29 1 9136
23 72 0 5705
33 59 1 1110
9 42 1 7348
62 24 1 3435
97 29 0 4024
41 62 1 6337
86 88 0 9009
66 50 0 5183
22 26 1 1602
84 34 1 3233
67 97 1 2882
35 11 0 7038
20 68 1 8864
25 85 0 8040
74 1 0 2604
61 96 0 2005
64 91 0 9711
75 92 1 3259
20 97 0 854
100 13 1 2337
33 64 0 7050
77 61 1 5998
70 2 0 3135
41 35 0 9177
9 28 1 1160
61 98 0 9656
2 62 0 8227
40 50 0 5584
23 33 0 8879
15 59 1 8525
85 61 1 8163
56 53 0 1085
22 10 1 2513
81 93 1 1918
99 32 1 1770
26 34 1 4902
93 14 0 5440
65 96 1 8933
19 17 1 3686
52 44 1 4360
88 92 0 2922
51 81 1 1518
2 48 1 6957
29 92 1 701
71 23 1 1553
85 13 0 8184
82 35 1 1925
86 64 1 4221
55 69 1 8302
91 16 0 952
54 2 1 4357
99 15 0 9820
11 99 1 1466
67 5 1 9133
11 68 0 9541
51 65 0 9273
67 70 0 2142
66 69 1 7732
33 99 1 5091
84 24 0 6615
95 3 1 6493
12 34 1 393
74 50 1 1950
36 72 0 2522
34 11 0 3328
15 47 0 3180
11 89 1 1760
46 82 1 4163
19 32 1 7654
61 85 1 1407
10 39 0 9453
3 90 1 1139
48 61 0 7839
84 74 1 7422
99 57 1 7345
57 81 1 6660
52 32 1 8336
36 64 0 311
68 98 0 6312
96 59 0 8283
34 1 0 200
17 23 0 3251
4 64 1 4320
69 50 1 2893
74 69 0 5431
79 17 1 14
34 3 1 6674
93 55 1 5819
44 39 0 8234
91 39 1 7206
63 1 0 1207
22 1 1 8294
99 20 1 3692
1 89 0 5632
2 90 1 3346
69 41 1 4309
50 79 1 2846
42 95 1 6690
55 85 1 8558
61 100 1 2490
68 13 1 3193
84 21 0 2142
89 33 1 6258
19 3 0 8538
83 45 0 2348
68 11 1 2527
15 25 0 4605
47 49 1 6425
23 80 0 7876
28 8 0 6331
91 36 1 6426
5 6 0 8081
84 80 1 4219
75 56 0 831
7 55 0 9114
79 56 1 7853
93 19 0 1314
1 40 1 4498
71 77 0 5921
47 68 1 4097
85 74 0 2218
62 87 1 2298
27 14 0 6368
62 80 0 1222
58 2 0 4907
77 91 1 8936
2 96 1 3633
94 43 0 341
84 83 1 5487
94 90 1 2337
29 66 0 35
100 57 0 2285
33 47 1 5507
22 65 0 4539
66 84 0 6214
58 5 1 8669
36 31 1 8150
15 65 0 3068
93 2 1 2320
16 93 0 1173
51 81 0 2318
92 33 1 2201
76 55 1 8024
90 40 0 2086
47 46 1 4718
15 62 0 3124
60 89 1 4590
6 38 0 2383
23 44 0 4398
80 39 1 5217
17 77 0 6490
63 12 0 1230
94 17 0 5504
4 65 1 1443
74 73 1 3546
24 17 0 244
80 35 1 5486
49 17 1 9689
93 44 0 980
68 58 1 6973
11 24 1 574
85 96 0 7382
23 21 1 8572
50 75 0 6826
56 90 1 2160
79 46 1 5069
64 50 1 5314
10 3 0 6249
1 23 0 6822
90 42 1 9690
83 29 1 8891
38 7 0 714
37 25 1 8214
50 67 0 493
71 6 1 1291
92 4 1 3690
65 98 1 6448
45 8 0 9916
48 75 1 6360
83 42 0 6249
93 91 0 9944
91 76 0 1373
2 91 1 5952
78 33 1 800
55 87 0 252
42 15 1 4632
6 9 0 155
78 59 0 2305
71 99 1 4905
49 79 1 7116
40 63 1 9268
43 49 1 8270
12 5 0 7615
24 36 1 5951
51 16 0 4713
87 19 1 5818
54 49 1 3010
1 57 0 7808
3 25 0 7066
96 71 1 6577
100 83 1 440
40 70 0 2595
22 37 1 2450
34 83 1 4626
9 12 1 6377
82 12 1 2299
74 39 0 2728
14 91 1 3614
68 64 1 1380
94 81 1 2146
82 20 0 667
100 64 0 5189
83 80 0 3519
14 94 1 8086
88 69 1 1671
30 35 1 6332
72 70 0 2574
95 25 0 9524
43 2 0 2282
91 49 1 2081
28 1 0 3765
92 45 1 2841
98 26 1 5974
73 100 1 2485
41 21 0 9988
23 1 1 3045
52 10 1 6288
86 37 1 5010
81 24 0 6155
1 33 1 4711
59 53 1 6103
32 50 0 5032
6 47 1 6178
58 77 1 934
91 51 1 4272
60 59 1 141
66 36 0 709
95 19 1 6622
88 18 0 8242
17 76 1 3648
37 53 0 7292
39 83 1 3239
68 28 1 9902
38 40 0 300
78 34 1 3893
3 5 1 4066
96 41 1 7450
14 82 1 196
32 98 1 4826
14 66 1 2217
94 48 1 7762
20 82 0 5193
52 7 1 47
93 17 1 2808
33 81 0 3464
53 83 0 5801
43 58 0 9898
51 6 0 2602
72 38 1 1556
26 9 1 9716
93 4 1 1365
59 55 1 7271
16 90 0 5718
50 45 1 6594
56 72 1 2316
81 96 0 9896
69 52 1 903
9 84 0 884
23 81 1 6230
96 91 0 8504
5 72 0 2121
67 35 0 8004
35 13 1 5155
54 48 1 5455
17 14 0 5357
8 25 0 7009
31 73 0 4189
16 50 0 4701
3 56 0 2098
35 54 1 4184
61 67 1 2718
68 30 1 1003
57 22 1 164
22 2 1 1418
64 51 1 3181
99 79 0 522
52 64 1 2398
42 37 0 9380
21 35 0 2251
46 50 0 4436
88 68 0 8516
94 75 0 7911
96 98 1 3405
44 33 0 9601
12 26 1 139
42 43 0 3932
81 31 1 390
45 71 1 512
42 73 1 824
66 16 0 581
52 97 1 5763
49 44 0 1960
64 8 1 6110
21 27 1 3978
30 43 0 6900
47 66 1 9680
53 57 0 9261
77 84 0 2819
4 95 0 8774
100 15 1 3653
56 68 0 4147
46 41 0 6984
25 59 0 916
23 38 0 1402
63 39 0 6746
51 13 1 6711
88 74 1 1296
59 84 1 7246
44 18 1 4161
36 26 1 2858
10 33 0 5086
93 39 1 9194
21 55 0 7011
20 50 1 3937
12 25 0 4923
40 15 0 4602
90 62 0 2814
36 62 0 5874
71 46 0 2324
52 76 1 626
57 50 1 6188
27 70 1 8250
1 81 0 5054
2 13 1 5908
24 9 1 3464
73 15 1 7415
75 85 1 8121
38 87 1 748
16 70 0 3867
4 12 0 5315
70 14 1 7279
68 48 0 5328
13 59 1 988
80 14 1 5717
20 80 1 84
68 59 1 1116
9 93 1 6890
13 71 1 1420
50 73 1 5206
14 34 1 4004
89 74 0 6440
10 12 1 5748
26 50 0 4214
39 34 1 86
98 5 0 1720
86 95 0 9487
40 73 1 9790
12 47 1 5234
72 75 1 6590
53 68 0 6027
60 55 0 8492
77 95 1 6145
31 17 1 4607
35 23 0 6283
77 38 1 9145
24 77 0 9414
4 9 0 3408
85 71 1 2740
38 45 0 9205
18 74 1 8774
83 27 0 6137
78 4 1 7369
67 45 1 8652
45 30 1 4661
72 42 1 7273
37 88 0 1393
95 70 0 2642
54 8 1 5332
80 75 0 3328
70 20 0 2696
69 22 1 7101
43 31 0 8226
43 64 0 5829
99 74 1 5287
76 65 0 3188
70 56 0 3093
47 14 0 3255
30 71 1 5239
48 3 0 6480
6 27 0 7143
82 97 0 9119
57 73 1 3650
22 64 1 4943
92 100 1 4276
5 99 0 1122
11 43 0 728
9 39 1 96
59 25 0 8183
14 92 1 5743
48 32 0 9156
81 29 1 4839
37 35 0 6308
92 14 0 2126
57 87 0 4593
14 71 0 3804
92 38 0 6622
28 75 1 4799
18 75 0 9496
70 77 1 8695
36 22 0 8201
39 30 1 9140
26 79 1 8128
49 45 1 8952
31 27 1 7790
21 44 0 9702
95 3 0 2885
72 63 0 476
20 70 1 5239
84 98 0 4170
90 89 0 1122
35 25 0 3821
74 20 0 8920
96 38 1 707
11 85 0 1981
80 33 1 4421
16 25 1 9368
13 85 1 8106
56 96 1 7558
3 42 1 3164
46 57 1 4360
26 75 1 402
3 19 0 5085
75 30 1 2081
12 71 0 5436
40 56 0 5729
54 9 1 9874
36 19 0 4388
51 93 1 1932
67 11 0 6057
40 82 1 9433
16 75 1 2938
76 25 0 8390
38 92 1 2443
53 88 0 728
83 14 0 5384
61 68 1 713
28 80 1 7524
59 61 1 1184
83 30 1 552
24 49 0 3397
22 61 1 1046
66 19 0 3170
9 13 1 2275
12 19 0 909
61 73 0 2295
5 13 1 6960
15 19 1 4032
42 31 0 709
71 100 1 889
32 11 1 6504
62 57 1 9442
10 67 0 1537
66 2 1 6357
42 98 0 5336
16 52 1 685
38 15 1 5565
13 17 0 958
41 71 1 6878
86 41 0 1018
89 60 0 4837
70 38 0 6854
23 58 1 1298
35 78 1 725
51 86 1 9574
8 99 1 1378
36 82 1 9380
98 66 1 5942
60 43 1 6796
25 73 1 7291
94 52 0 1150
32 81 1 9680
45 66 0 6865
82 23 1 9096
47 34 1 9824
14 65 1 2080
46 92 1 1364
22 40 1 9184
87 34 0 6236
94 60 1 3982
38 20 0 9401
7 53 1 3432
99 43 0 478
81 76 0 2504
3 77 1 7959
50 73 0 8745
65 8 1 6006
35 38 1 1656
7 46 1 6841
16 14 1 9661
94 31 0 4220
4 41 1 3963
26 48 0 2277
83 72 1 8321
72 7 0 9603
51 32 1 5638
30 88 1 2554
71 20 1 1728
63 65 1 7455
71 82 1 5346
77 29 0 4934
17 94 1 1121
64 74 0 3456
24 89 0 236
39 14 1 9805
100 34 1 3348
15 49 1 6721
59 41 1 7561
10 66 1 978
98 20 1 2602
78 27 1 4797
73 20 0 654
94 7 1 493
90 32 1 2818
47 29 1 2447
12 16 1 2435
56 43 1 9093
92 96 1 1136
93 78 0 366
51 27 0 3751
49 6 1 614
2 58 0 7898
69 98 0 4736
79 87 1 6619
91 48 0 8209
15 46 1 359
99 5 1 132
54 27 0 262
49 82 1 9987
49 24 1 6103
91 6 0 3966
47 22 0 5514
60 30 1 8812
6 30 0 8600
94 95 1 233
80 20 0 4948
38 73 0 6470
24 12 1 329
13 25 1 4872
21 76 1 2087
91 47 0 8899
48 51 1 9055
5 32 1 4092
63 95 0 865
82 14 1 3955
