100 2592
87 51 0 8328
32 10 1 7344
3 32 0 9152
61 53 0 4554
88 14 1 9034
95 62 0 5529
73 97 0 7089
92 77 1 3332
100 96 0 4248
67 51 0 7889
55 35 1 5959
41 45 0 3370
65 14 1 8083
62 98 1 55
1 30 0 6782
56 97 0 1355
42 82 1 9961
72 10 0 1182
15 81 0 3667
70 22 1 4147
34 76 1 1009
34 55 1 1626
22 40 0 6415
84 45 1 7542
71 77 1 5378
65 66 0 5669
18 56 1 2231
75 1 0 6453
63 92 1 2463
3 66 1 3800
78 51 0 5222
52 70 1 3154
64 19 0 6111
27 43 0 6330
7 9 1 7254
40 23 1 4179
27 4 1 465
79 99 1 7146
7 44 0 9026
25 68 0 1885
19 72 0 6730
97 79 0 5585
34 93 0 1307
94 24 0 7100
15 6 1 2703
71 61 1 1205
44 45 1 5837
26 52 1 4690
91 71 0 7287
38 67 1 2757
4 25 0 378
20 11 1 7922
31 100 1 2010
41 37 1 7583
82 20 0 7634
47 54 0 2984
98 76 1 7403
72 27 1 2095
86 64 0 9896
15 89 0 4929
52 12 1 1090
62 18 0 899
28 29 0 4083
10 18 1 1136
48 23 0 7236
29 14 1 4184
33 29 0 9955
73 86 1 1550
65 84 0 5182
25 89 1 6857
32 18 1 9151
74 25 0 9854
69 52 1 6720
21 34 0 3947
71 18 1 2538
29 9 0 4305
26 83 1 7205
28 71 0 2385
78 47 1 7409
28 18 0 7114
80 96 0 7650
79 91 1 153
45 84 0 9046
83 32 0 8003
75 96 1 3525
96 9 0 7153
60 9 1 5951
46 89 0 5358
36 69 1 260
18 10 1 66
90 53 1 2532
1 25 0 3159
16 83 0 7756
38 63 0 3924
85 100 1 3778
43 35 0 8600
70 96 1 8257
84 62 0 9290
36 91 1 6238
14 38 0 5969
16 50 1 2318
33 62 1 2230
96 22 0 7669
91 1 1 3113
76 94 1 8532
12 36 1 1074
46 72 1 210
85 34 1 9825
56 96 0 3734
71 10 0 9510
16 91 0 6724
99 67 0 3207
3 89 1 2796
4 20 1 3596
21 48 1 5919
56 76 1 9576
89 13 0 5968
24 44 1 6394
8 9 0 2020
70 63 0 3302
43 27 0 2664
77 73 1 711
59 35 0 6004
97 50 0 5898
97 56 1 3943
27 21 1 4552
97 10 0 2106
98 21 1 8742
93 75 1 6144
34 35 1 7618
77 54 1 2735
24 26 0 3296
91 69 1 8116
77 98 0 6870
28 11 1 4161
2 91 1 5053
36 13 0 4550
98 73 1 8110
3 33 0 9844
11 95 1 4932
67 74 0 3617
73 11 0 2992
47 44 0 892
50 63 0 8047
87 45 1 6759
23 82 1 416
77 79 1 4075
63 26 1 1735
10 44 0 7040
98 28 0 8515
77 65 1 7658
22 27 1 1178
38 59 0 9159
22 72 1 3689
76 21 0 5172
50 61 0 8789
77 41 0 6017
81 28 1 9103
78 49 0 4303
36 15 1 8796
18 35 1 7761
9 38 1 9704
75 95 1 8379
81 34 1 4987
28 74 0 2541
41 13 0 9479
9 92 0 2939
53 60 1 3363
44 75 0 3869
65 1 1 6560
36 33 0 3622
41 75 0 5947
14 40 1 5264
10 66 0 7674
44 5 0 6980
92 99 1 1446
55 71 1 7117
43 52 0 7824
31 59 0 9893
37 76 0 6548
17 97 0 5348
40 75 1 4984
60 39 0 8358
66 51 1 2457
57 59 0 413
79 25 1 7236
89 19 1 3610
36 39 0 9026
43 60 0 6166
28 30 0 7362
94 70 1 271
31 86 1 4295
71 39 1 5553
57 89 0 8564
4 67 0 8087
90 38 0 6613
34 73 1 9763
9 2 1 2523
40 5 0 1248
76 57 0 8688
43 64 1 3396
4 94 1 7864
29 83 0 2835
19 94 1 1367
84 66 1 6062
7 43 1 6712
36 31 0 4876
39 62 0 9108
17 62 0 8083
17 30 0 1208
87 31 0 3669
40 37 1 7005
59 92 1 8454
42 63 0 5164
83 49 0 9943
11 47 0 9667
41 95 0 1713
90 72 0 2416
31 72 1 6713
70 55 0 295
84 38 1 4761
20 53 1 6480
37 7 1 9289
41 12 1 5697
25 88 0 3420
88 4 0 8216
95 47 1 8793
21 15 1 7587
72 86 0 6555
81 98 1 1377
47 82 1 2255
17 15 1 1122
2 81 1 3215
56 55 0 6765
22 59 0 7074
31 98 1 4137
94 37 1 5929
65 20 0 511
19 75 1 1917
31 85 0 8787
16 66 1 5728
93 61 0 4010
100 54 1 7879
80 19 0 5501
20 31 1 4374
3 67 0 3408
48 22 1 2771
5 20 0 568
33 76 0 6763
82 44 0 5069
13 86 1 5173
83 5 0 4101
88 52 1 5067
85 6 0 4261
39 69 0 4058
84 48 1 5143
83 75 0 7712
42 26 1 9939
64 86 1 3489
31 12 0 7718
75 23 0 2516
82 45 1 1348
43 85 1 2267
51 35 1 5232
49 94 0 7545
88 23 1 9811
96 87 0 463
59 84 1 8498
60 21 1 1371
62 63 0 8048
18 13 1 2826
91 99 1 4138
30 10 0 4631
13 67 1 72
15 77 1 4930
8 68 0 9
51 82 1 8106
25 91 1 8495
95 43 1 6887
94 32 1 47
56 43 1 4571
19 97 0 8625
64 97 0 1982
79 46 0 3146
72 47 0 6964
25 63 0 478
73 5 0 6381
42 88 0 455
96 20 0 2496
31 4 1 1088
87 71 1 6197
72 1 1 3135
74 99 1 7326
85 76 0 3658
78 70 1 5887
54 13 0 1813
21 74 1 7212
5 49 0 3928
95 96 1 5194
44 55 0 1243
6 22 1 9356
47 74 1 4404
100 95 0 4980
61 21 0 2120
51 64 0 9080
11 70 1 9428
85 42 1 7898
55 77 0 1853
46 32 1 353
40 4 0 2496
11 17 0 4366
75 9 1 4339
64 16 0 1380
64 52 1 9068
69 58 1 213
12 80 0 5868
72 2 1 802
62 49 1 1862
26 98 1 8006
83 36 1 4072
66 5 0 7417
66 25 1 9680
98 39 0 9457
95 48 0 7025
79 93 1 43
43 51 0 5576
98 20 1 2734
12 82 0 2997
36 3 0 5316
84 56 1 4284
8 22 1 5335
10 75 0 3344
45 86 1 4458
50 70 0 5324
67 91 1 9923
31 34 0 587
79 31 0 6659
41 99 0 3368
15 62 1 6711
60 92 0 8755
41 7 0 1723
70 2 1 7168
13 71 0 4252
93 82 0 7258
90 92 0 2239
14 28 0 2790
29 5 1 4487
11 16 1 8307
64 29 1 509
89 73 1 7399
41 58 0 4036
79 13 0 3911
42 21 1 4087
28 86 0 7632
52 90 1 4102
65 23 0 7179
49 35 1 4036
2 80 0 5817
67 13 0 2194
62 83 1 9093
45 72 1 446
58 25 1 5227
35 97 0 2244
68 97 0 1241
63 100 1 1722
32 38 1 7058
42 87 1 2736
54 90 1 9622
65 67 0 5031
85 19 1 7007
66 88 0 4133
38 68 1 3495
38 97 1 1024
11 98 1 2666
71 78 0 1277
31 25 1 6600
62 14 0 9143
16 47 1 8658
5 77 1 2557
48 73 1 3009
98 42 0 1284
3 27 0 5313
12 7 1 4780
87 37 1 8455
2 16 1 5573
16 82 0 7180
51 9 0 3414
24 67 1 5810
62 20 1 9050
40 46 1 630
86 78 1 5734
83 16 1 1153
51 89 0 8769
41 4 0 1668
77 94 1 6563
59 58 0 5769
72 36 0 1391
64 79 0 5310
63 52 1 7792
53 10 1 2709
87 5 1 7751
31 84 1 1531
61 37 1 2382
84 82 1 7721
55 65 1 4972
73 17 1 9609
65 72 1 3532
6 2 1 7579
75 71 0 8367
52 43 1 2939
65 4 0 8565
21 45 1 4641
36 24 0 288
4 69 1 917
98 14 0 286
8 62 1 45
29 75 0 4015
89 46 0 3239
84 19 1 1743
96 23 0 1913
14 7 0 707
89 66 1 4117
18 14 1 7966
53 52 1 9023
64 83 0 6138
49 20 0 4066
57 11 1 5694
57 88 0 8530
3 93 0 1202
88 20 0 8403
68 15 0 9524
18 48 1 2804
92 12 0 357
61 72 1 8791
17 65 0 4900
65 29 0 2933
71 32 0 1911
66 1 1 32
8 91 1 9769
86 39 1 5272
93 46 1 9645
11 5 0 4268
99 45 1 8008
50 83 0 8502
43 50 0 2532
59 2 1 3825
78 73 1 2627
9 68 0 8905
66 75 1 8317
61 56 0 3590
71 100 1 679
25 65 0 6491
84 11 1 8698
45 88 0 8376
6 74 1 7219
18 94 1 1776
63 89 0 9980
41 42 0 9943
29 8 0 2817
33 87 1 6214
45 53 0 7893
60 48 1 3107
65 25 0 964
93 11 0 3113
74 52 1 1517
84 81 1 3229
61 25 1 2870
85 68 1 9363
27 82 0 4497
71 76 0 7624
4 45 0 9639
43 90 0 1205
4 44 0 3311
12 95 0 5522
58 26 1 4058
94 54 1 8643
89 40 1 2680
4 100 0 7795
23 68 1 1487
42 67 1 8693
25 36 0 5489
100 30 0 2075
48 26 0 5031
95 70 1 3368
38 78 0 589
92 97 1 1319
18 74 0 7838
93 16 1 8189
29 40 0 2668
85 89 1 6381
6 38 1 9062
6 67 0 5156
34 80 0 8772
71 93 0 182
57 80 1 2232
85 53 1 8361
21 43 0 6281
7 81 0 6105
98 95 0 317
36 5 0 5190
59 62 1 3810
76 26 1 130
93 23 1 5619
100 69 0 859
76 67 0 4692
32 5 0 2425
49 100 1 8849
91 74 0 9183
47 7 0 7676
59 74 0 911
22 3 0 426
18 52 1 1171
34 94 1 1317
95 38 1 4272
62 12 0 3660
58 22 0 1093
66 8 1 2206
87 38 1 5708
87 13 0 2449
13 73 1 8491
59 39 1 6756
42 86 0 9587
29 31 1 8153
12 51 0 1096
6 14 1 8693
49 42 1 4660
57 38 0 3638
71 19 0 4177
2 82 1 147
18 80 1 5030
43 88 0 591
42 57 1 5855
52 66 0 2747
28 75 1 5366
100 17 1 1936
22 94 0 39
10 51 1 7216
6 39 1 6886
29 68 0 2630
27 3 1 5073
60 49 1 6184
32 8 1 2016
21 47 1 9558
1 22 1 8274
3 40 1 3053
29 6 1 1097
75 26 0 9944
39 82 1 9851
40 90 1 1477
94 64 1 701
14 2 0 3460
88 38 0 7952
70 47 1 6470
64 7 0 7138
35 4 0 5844
23 25 0 7614
50 1 0 9334
72 3 0 6568
63 36 0 8788
84 36 1 659
26 36 1 1626
99 63 1 1283
6 10 1 7666
76 100 1 6733
48 28 1 2479
44 25 0 3005
63 29 0 9989
69 27 1 4545
76 91 1 5003
43 11 0 5090
25 87 1 2140
27 17 0 9874
23 92 0 749
57 83 0 2075
85 54 0 753
12 58 0 644
100 63 1 4959
11 18 1 5386
74 23 1 792
88 10 1 1968
4 78 0 9071
34 84 1 8092
90 69 1 1478
14 68 0 3283
60 38 1 9172
67 52 0 3235
6 56 0 6120
17 98 0 3355
41 66 1 4887
33 69 0 180
34 13 0 2690
73 67 0 630
49 16 0 3423
99 14 0 4938
89 41 0 1604
75 27 1 8975
47 46 0 10
71 26 1 222
93 83 0 6698
28 26 1 8258
55 23 0 3615
63 2 1 4033
85 71 1 7540
63 94 1 9804
8 97 1 2030
42 69 1 5831
19 44 1 3760
37 1 0 6586
58 32 0 4442
97 44 1 8340
35 7 1 7351
71 20 0 1825
45 85 1 648
64 1 1 4433
54 17 0 4008
19 63 1 6067
36 49 0 5183
4 15 1 6324
44 66 0 7375
51 1 0 6141
51 36 1 7323
78 9 1 9624
5 26 1 3689
18 31 1 2437
84 40 1 9374
96 81 0 4810
64 17 1 826
20 85 1 8046
38 11 0 1850
99 78 1 2647
92 28 1 1213
80 86 1 8044
69 19 1 8143
99 93 0 4427
10 25 0 6102
14 61 1 6414
1 70 0 9810
70 33 1 6721
1 74 0 4048
22 44 0 9436
16 25 0 8521
100 27 0 4726
79 94 0 3496
33 77 1 8663
10 69 1 3465
40 8 1 8806
78 72 0 9320
20 5 1 5595
80 89 1 9213
17 55 0 8690
36 20 1 8770
84 99 1 5952
8 33 0 2883
37 51 0 7135
41 52 0 4909
73 7 1 4038
19 73 1 8736
69 60 0 8440
22 16 1 8386
34 7 1 3213
35 41 0 6862
16 23 0 9785
83 27 0 8562
25 80 1 6919
19 17 1 2192
42 99 1 4925
85 73 0 1820
99 76 0 3535
9 8 0 3049
60 95 1 3556
68 51 1 2918
52 64 0 6190
80 67 1 3292
19 50 0 7060
56 66 1 4994
94 25 1 2270
21 65 0 6767
48 29 1 7039
65 15 0 8678
58 85 0 7649
40 71 0 7671
72 66 0 9533
63 8 0 452
46 83 1 995
65 32 0 7481
16 95 0 1566
17 23 0 285
26 51 0 2594
86 79 1 8416
17 38 0 2460
25 72 0 3787
99 94 0 6963
4 74 1 539
30 77 1 3324
46 13 0 7501
17 90 0 4493
71 44 0 235
73 33 1 1235
20 45 0 6702
47 99 0 6138
8 92 0 5992
92 91 0 9728
34 3 1 2342
12 27 1 5115
49 33 0 1977
7 100 0 1405
33 32 1 3288
90 87 0 8173
90 86 0 9981
88 47 0 1264
47 92 0 243
52 51 0 6119
1 72 0 2341
70 16 0 6688
24 92 1 5401
53 71 1 4093
73 54 1 8342
88 64 1 7760
14 51 1 5046
15 19 1 9921
91 33 0 4803
80 11 1 2039
38 21 1 3536
100 61 1 4443
17 94 0 610
68 57 0 6824
10 59 1 2234
35 42 1 6054
38 10 0 8123
23 50 1 9842
7 19 1 5797
55 19 1 3494
56 35 0 4261
86 52 0 6270
62 17 1 2147
65 61 1 1937
57 99 0 9842
23 100 1 146
31 66 0 770
90 85 1 6387
7 57 0 5281
20 43 0 7600
19 10 0 174
39 65 0 1691
95 22 1 4210
51 83 0 8205
9 16 1 7034
26 38 0 7065
10 6 1 9464
26 100 1 7132
87 35 1 5034
13 33 0 8927
72 31 0 2346
80 34 1 709
81 76 1 2916
41 22 0 8462
19 95 1 3640
78 85 0 3646
42 2 0 8490
88 99 0 497
97 59 0 5413
80 99 0 3378
54 56 0 485
91 44 0 6250
99 28 1 1555
2 29 1 1813
92 56 1 3201
84 16 1 1339
76 71 1 2831
96 82 1 8514
18 32 0 944
42 79 1 6414
88 29 1 4292
60 87 0 2271
99 72 1 9876
39 9 1 4578
84 92 1 2747
8 35 0 9649
15 73 0 7231
47 14 0 8036
12 77 0 5318
84 63 0 7834
27 86 1 2118
1 76 1 7738
20 61 1 4628
88 3 1 5715
49 91 1 9481
30 3 1 1148
71 68 1 3898
30 88 1 8383
86 58 1 2236
86 33 0 5904
17 4 0 7211
48 57 0 6139
93 42 1 9069
14 1 1 912
96 25 1 5933
48 32 0 5965
76 86 0 8204
10 12 0 4092
84 37 0 7160
74 27 1 5314
75 3 0 7098
31 9 0 228
44 40 1 9190
9 77 0 7687
80 75 0 4424
27 78 0 4352
45 16 0 9095
73 34 0 3613
100 51 0 6013
56 15 0 4956
56 49 0 2032
63 15 0 5217
79 9 0 2919
34 62 1 296
1 9 1 6855
82 39 1 7581
80 21 0 6794
76 52 0 2201
87 67 0 7671
40 92 1 6612
65 27 1 8579
52 56 1 8160
7 89 0 4983
26 3 1 3745
48 89 1 2325
14 73 0 3621
99 7 1 6297
49 61 0 9369
36 56 1 2849
57 47 1 326
2 75 0 8396
62 26 1 8376
81 21 0 2718
87 47 0 8692
47 13 0 2007
47 30 1 9157
70 17 0 9960
88 85 0 5061
80 85 1 9326
19 71 0 1895
34 12 1 5504
55 51 1 9300
80 54 1 5970
19 87 1 7286
56 23 0 3991
17 58 1 1235
30 41 1 793
33 43 1 7519
29 79 0 809
39 58 1 9139
14 43 1 7537
54 32 1 2120
30 57 1 3412
4 12 0 5411
93 88 0 841
100 74 0 8611
76 12 1 7536
86 100 1 6242
36 83 0 8240
40 72 0 6075
86 62 0 5510
78 20 0 8959
62 30 1 2035
49 40 0 5201
87 86 1 764
10 67 1 4701
20 72 1 3695
69 43 0 9306
99 79 0 1608
49 70 0 3815
72 60 1 1023
28 15 1 2439
54 93 0 7889
53 70 1 5140
25 39 0 1929
1 37 1 3285
80 3 0 5504
57 98 1 4644
52 47 1 5988
88 95 1 6290
34 43 1 3871
98 27 1 4759
4 8 0 3770
31 16 0 3588
71 34 0 4274
57 58 1 3859
9 7 0 6155
6 89 0 1574
33 2 0 867
98 5 1 8147
25 82 1 3668
100 47 0 6057
74 37 1 2211
77 56 0 5649
5 7 1 3751
58 19 1 7591
58 6 1 4897
89 9 0 3632
43 83 1 59
48 69 0 2557
42 4 1 3500
32 78 0 4602
19 48 0 5387
95 61 1 2234
67 50 0 5262
1 44 1 359
87 70 1 7728
91 77 0 759
61 22 1 6821
80 90 0 4621
38 44 1 8082
58 80 1 8434
86 83 1 6312
16 98 0 9911
64 15 1 4433
19 91 0 6124
31 55 0 7164
85 13 0 9193
22 84 0 6043
20 12 1 2065
33 22 1 1195
14 18 0 3656
80 37 0 2264
40 12 1 1207
18 19 0 4942
81 15 1 8087
33 7 0 754
10 20 0 2235
63 27 1 5773
11 82 1 3995
24 77 0 4541
20 80 0 695
74 79 0 17
99 89 0 2068
33 60 1 3966
81 99 1 5238
92 73 1 8517
73 78 1 9105
14 83 0 4420
81 43 0 3344
49 69 1 2043
21 30 1 3338
60 47 1 6061
14 29 1 6850
25 46 1 1346
71 25 0 3464
86 22 0 3579
60 35 0 8745
27 65 1 9992
34 85 1 84
36 62 1 7873
74 15 1 3179
68 73 0 8536
75 85 0 1744
91 5 1 1831
74 57 1 7438
54 46 0 1228
54 70 1 7113
44 73 1 3989
97 36 1 7674
7 36 1 9235
28 14 0 4893
59 64 0 5449
64 60 1 7737
94 21 1 4706
73 84 1 5429
48 9 1 2713
69 45 1 4890
39 68 0 1051
42 15 1 5015
2 94 0 3136
24 68 0 9671
71 13 0 924
9 54 1 5767
41 73 1 3480
27 75 1 559
39 54 1 4180
33 26 0 1303
65 97 1 1466
52 25 0 1513
41 77 0 6897
78 55 0 7041
68 60 1 4503
2 22 1 9870
84 50 0 1058
48 71 1 3809
92 14 1 6897
50 74 0 140
64 23 1 4127
61 91 1 332
32 46 1 2817
51 44 1 6223
8 4 1 1602
45 89 1 2647
13 30 1 3246
93 27 1 4695
90 33 1 2279
14 86 1 1981
4 72 1 9657
83 91 1 4682
34 14 1 2767
16 22 0 4507
6 93 0 3409
83 14 1 4184
50 81 0 1729
59 17 0 6761
47 16 0 1507
23 91 0 5415
71 47 1 8418
69 59 0 4690
5 16 0 4978
69 13 1 7642
53 100 0 5231
44 62 0 8763
17 87 1 3187
31 69 1 5500
64 57 0 332
25 58 0 6717
84 76 1 8905
61 19 1 2456
53 95 0 5984
43 63 1 1733
48 11 0 4105
97 71 1 2353
43 57 0 2995
19 78 0 9136
56 36 0 336
95 26 1 8071
30 93 0 283
29 24 0 857
80 39 1 6108
48 91 0 2283
47 90 1 107
71 53 1 1833
42 3 0 1914
88 80 1 7913
24 83 0 929
46 51 1 4991
99 25 0 1910
5 81 0 6988
38 31 0 8753
69 7 1 2531
4 21 1 2748
6 78 0 3066
20 86 1 1841
42 46 0 8835
89 26 0 9854
69 36 0 5704
81 88 0 8686
7 34 0 2779
86 3 0 1593
71 22 0 4432
90 80 1 5541
14 88 1 133
12 3 1 5474
91 65 0 6554
82 66 0 7585
97 76 0 8139
89 95 0 8133
53 92 0 8378
60 99 1 943
47 23 1 6043
26 28 1 2415
25 33 1 730
23 97 1 1346
81 57 1 6671
77 34 1 2945
23 45 0 8617
24 96 0 5816
45 33 0 5923
35 85 0 1890
5 50 1 7657
71 63 1 4912
9 17 1 4494
97 30 1 7597
29 21 0 8120
56 69 1 8515
37 9 1 8538
27 1 1 4439
25 10 1 9261
56 25 1 724
1 96 0 319
42 47 0 3823
63 37 1 5475
8 73 0 668
6 77 0 5322
21 8 1 8827
73 66 0 1442
79 63 0 3080
66 7 1 8378
71 42 0 899
91 87 0 2901
5 79 1 6759
95 78 1 9749
27 35 0 3173
27 81 0 1453
100 83 1 231
46 49 0 2801
67 72 0 3983
32 24 1 4429
76 22 1 5114
37 33 1 9633
85 29 1 6830
73 1 0 9952
36 22 0 3893
32 29 1 4303
19 41 1 1981
29 80 1 156
82 85 0 2093
76 98 0 5209
46 50 1 7641
95 10 1 1047
10 61 0 8933
40 68 0 3704
19 13 0 2632
66 97 0 6647
71 15 0 8065
39 5 0 5104
92 80 1 6244
11 32 0 9197
97 6 1 4703
37 10 0 128
33 74 1 5529
13 20 0 1405
31 77 1 1420
74 6 1 666
65 13 0 8215
37 56 0 9453
18 11 0 7184
13 91 1 9543
40 42 1 7332
76 37 0 3054
47 39 0 6169
76 74 0 7827
97 53 0 2572
31 49 1 5714
52 7 0 1729
52 32 1 9291
51 92 1 266
71 64 1 4073
43 23 0 1926
42 74 1 8990
35 93 0 5090
79 90 1 6092
15 74 1 4041
19 85 1 2294
67 70 1 1719
8 71 1 2660
39 43 0 1731
26 12 0 6858
8 24 0 6319
43 18 1 4035
53 55 0 4301
63 76 0 4464
10 78 1 8582
80 70 1 1460
100 66 0 9903
40 18 0 640
58 92 0 9532
58 45 0 8809
30 90 1 4722
61 69 0 6973
32 2 1 4947
23 6 1 7843
86 13 0 7460
90 20 1 1077
20 22 0 7366
15 78 1 366
27 28 0 6693
65 5 1 779
73 62 1 7884
97 34 0 2037
24 94 1 5988
93 21 1 8483
66 62 0 7801
71 45 1 8834
87 16 1 2266
96 45 1 9486
27 62 1 511
12 39 0 6134
91 89 0 2021
57 60 0 5140
48 6 1 7142
79 37 0 2656
7 84 0 4601
81 24 0 8931
65 37 1 5326
32 35 0 6278
82 22 1 2585
61 10 0 934
75 62 0 6687
38 35 1 2195
5 3 0 3681
56 82 1 6313
76 53 1 9277
8 49 1 3513
40 52 1 8389
64 32 1 5974
1 91 1 5963
72 58 1 4067
15 98 1 8986
61 35 0 4167
49 2 0 7038
68 41 0 2748
82 18 0 6231
75 13 1 774
36 43 1 4880
5 64 0 8926
98 65 1 8055
78 81 0 3527
2 97 0 6153
92 74 1 7303
98 18 1 1700
90 23 0 1259
50 60 0 5376
56 1 1 1020
80 29 0 4416
30 31 1 9924
35 19 0 68
50 59 0 8739
45 63 0 4821
93 76 0 7003
90 88 0 5997
50 64 1 8838
38 95 1 7627
42 66 0 6864
84 85 1 6440
26 44 0 6697
45 77 1 2512
77 81 1 3397
30 29 0 3427
92 19 0 8157
23 51 1 7065
61 63 0 4672
29 99 1 5561
13 84 1 6537
83 44 1 1294
91 12 0 3670
100 25 1 1206
58 74 0 5015
97 64 0 1744
96 75 1 2795
32 48 1 5191
9 47 0 2775
55 24 1 6468
89 22 0 3990
100 6 0 3611
41 91 0 2727
31 80 1 700
36 12 1 7147
84 34 0 5439
20 92 0 5318
11 7 1 8214
29 53 1 5666
3 55 0 9899
52 68 0 743
56 98 0 1050
74 93 1 575
85 50 1 7136
38 47 1 6711
77 6 0 6999
42 35 0 9694
88 7 1 9712
29 36 1 6804
46 69 0 2002
97 11 0 889
76 14 0 3960
89 54 0 6993
97 57 1 8371
21 84 0 1963
58 56 1 949
1 2 0 287
18 64 1 1285
66 67 0 8691
12 43 1 1041
76 7 0 415
39 27 0 1133
51 13 1 8460
66 46 0 8902
78 17 0 822
23 80 1 3631
35 44 0 8790
65 52 0 5556
57 74 0 4573
12 78 0 1614
51 72 0 8306
19 46 0 1103
92 78 0 9305
41 35 0 9738
41 82 0 9663
85 22 1 4461
46 29 0 1596
78 10 1 231
49 63 1 4296
41 68 0 7758
76 69 0 3670
81 70 1 477
35 43 1 793
23 66 1 595
45 41 1 2157
92 83 0 320
55 9 1 2717
49 17 0 407
54 11 1 6460
6 73 1 1022
94 49 1 7214
73 37 0 4340
79 78 0 9954
27 7 0 4577
8 38 1 9149
4 43 1 6787
83 37 0 6053
61 24 0 2638
40 26 1 5213
58 53 0 6808
16 93 1 4806
68 4 1 1471
45 54 1 3951
5 42 0 5291
61 29 1 1109
20 29 0 7912
63 54 1 6953
9 59 0 2364
20 30 1 8995
74 14 0 6760
87 49 0 7829
26 69 1 9117
17 85 1 601
100 20 1 8084
46 26 0 6525
65 64 1 5686
51 84 0 2636
35 52 0 6258
67 4 1 2446
39 40 1 9972
54 67 0 328
73 24 1 1530
50 67 0 7787
68 75 1 8053
5 92 1 2987
10 37 0 4121
81 55 1 2558
78 88 1 3769
74 22 1 9821
7 39 1 9743
89 87 1 9607
76 19 0 5698
32 91 0 3703
37 12 1 1264
53 74 0 9549
48 79 0 7646
91 52 1 5667
91 32 0 7189
67 17 1 8866
79 18 0 4979
70 27 0 5761
96 16 0 7066
77 4 0 5738
89 24 1 6413
29 94 0 1479
16 44 0 8588
33 28 1 1054
80 26 1 8254
11 30 0 1838
22 73 1 653
80 46 1 1210
7 76 0 6597
25 75 1 5749
68 25 0 6428
12 48 1 6272
43 19 0 5588
18 96 0 9538
27 67 0 4780
89 38 0 1539
39 29 0 6580
66 15 1 9273
37 79 1 8917
86 95 0 9208
73 2 0 1145
85 56 1 7272
72 88 0 9861
19 38 0 6165
57 91 0 8585
17 36 1 9832
29 7 1 8973
54 26 0 4930
32 44 1 7145
27 38 0 8403
3 10 0 1725
38 15 0 785
27 2 1 3179
55 75 1 7074
87 97 1 8220
9 100 1 1384
52 21 0 5315
97 9 1 4584
89 52 0 365
45 60 1 19
78 14 1 846
19 54 1 9195
56 75 0 3778
18 45 1 2875
40 24 1 4926
44 11 1 4670
39 45 1 1289
94 11 0 1996
20 81 1 2228
21 97 0 6978
32 54 0 9240
91 23 1 1545
18 26 1 6691
13 26 1 8468
11 43 0 9383
11 21 0 7391
72 41 0 9419
47 3 1 4179
14 54 0 6189
44 6 1 7051
24 52 1 1881
47 78 0 4788
77 23 0 3445
78 59 1 4956
2 67 1 322
80 65 0 9635
21 22 1 1452
10 68 1 7920
64 38 0 6538
90 56 0 8225
86 35 0 6472
1 5 0 1106
12 20 0 3293
66 91 1 980
45 66 1 7608
74 59 0 9747
82 40 1 2621
35 33 0 3412
65 45 1 8625
19 90 0 5174
47 50 0 5769
8 23 1 273
5 21 0 499
32 89 1 2031
46 62 1 4343
43 28 1 353
45 87 1 1728
70 84 0 547
30 52 1 8369
92 42 1 9285
14 10 0 974
2 100 0 5202
29 42 1 5143
98 89 1 9244
42 43 1 3047
73 83 0 6128
56 91 0 2705
53 42 1 5741
30 4 1 819
28 89 0 8472
58 30 1 3207
25 59 1 3543
25 95 1 4802
25 22 0 6963
49 15 1 5028
22 51 1 1719
36 16 0 8660
13 62 1 9392
25 42 1 5482
41 65 1 9589
71 84 0 708
83 93 0 6381
82 59 1 6865
20 71 0 830
77 48 0 6793
14 53 1 80
44 47 0 5408
34 47 1 2291
44 56 0 2987
29 59 0 5898
88 28 1 5078
16 64 1 1791
73 71 0 2370
99 42 0 4292
74 87 0 8704
92 37 1 3666
21 98 0 4118
79 44 0 8602
51 54 1 3809
76 28 0 87
34 52 1 5896
64 10 0 6078
30 63 1 271
42 48 1 5773
79 10 0 5013
94 79 1 9535
7 37 0 3245
39 44 1 4030
61 58 0 7239
16 40 0 5658
87 1 0 7580
59 100 0 1691
76 79 1 8319
3 80 1 7025
41 43 1 143
92 53 0 5314
37 6 1 9654
10 86 1 7760
8 74 1 4675
20 77 0 9397
97 83 1 8602
9 65 1 4746
37 48 0 9749
3 11 0 6552
22 81 0 1515
37 14 0 3230
20 4 0 4527
27 90 1 4241
59 47 1 2171
55 73 0 9012
81 84 1 5278
8 50 0 2040
3 59 1 400
37 18 0 9208
2 35 1 6051
12 4 1 3956
59 7 0 7436
25 35 1 4181
60 52 1 4268
8 32 1 1139
84 10 1 665
64 100 1 5913
74 97 0 7268
33 53 0 8113
93 13 1 5639
81 90 0 5531
16 11 1 3463
14 75 0 1890
32 40 0 4824
58 28 0 944
81 54 1 2855
49 77 0 7272
61 55 1 6381
8 13 0 3333
68 31 1 5428
23 8 0 425
30 92 0 9142
72 14 0 7360
58 71 1 8905
49 36 0 5400
87 74 0 7613
32 88 1 4255
42 77 0 3897
75 67 0 8939
62 84 0 2398
38 57 1 4371
29 96 1 7238
55 43 1 167
79 22 0 1927
35 66 1 2833
81 87 1 1654
82 23 0 2421
65 76 1 8446
82 25 1 583
97 12 1 7834
21 46 1 8460
70 10 1 5533
46 28 0 4987
41 76 0 6048
44 9 1 6076
24 54 0 294
46 77 1 5487
9 40 1 2117
87 18 0 7897
79 19 1 7385
24 75 0 6446
66 85 1 4745
74 88 0 884
54 38 0 7338
12 40 1 9776
12 25 1 5111
85 33 1 4403
39 61 1 7976
3 23 0 6757
75 61 1 5720
40 94 1 6681
48 21 0 5633
37 21 0 4886
69 86 0 7486
28 83 1 5384
21 70 1 8888
56 79 0 7241
9 85 1 7757
95 97 0 8815
17 74 0 8299
45 74 1 9494
95 6 1 8877
51 10 0 5052
11 37 1 999
2 74 1 2301
53 94 0 72
50 49 0 1402
8 81 0 8259
48 60 0 2734
80 18 0 2997
43 68 1 3240
46 65 0 5480
57 63 0 6052
55 16 0 6271
95 44 0 9548
31 61 1 4586
1 57 1 2637
47 21 0 77
85 14 0 4496
93 81 1 1438
16 81 1 5979
48 53 0 9012
26 80 0 8843
68 91 0 2913
28 31 0 8048
64 99 0 5827
96 72 1 1070
18 37 1 4249
68 94 0 9752
94 35 1 662
11 74 1 9648
20 32 1 8042
77 95 0 5809
39 100 0 4681
78 96 1 3550
81 75 1 8843
55 78 0 7122
45 78 1 6481
42 41 0 9349
31 64 1 2158
36 94 0 3433
59 86 1 6600
61 65 0 8057
58 5 1 5999
69 42 1 7418
40 99 0 8141
14 34 0 7532
29 60 1 5698
59 21 0 4703
1 46 0 9346
18 93 0 5510
81 16 1 3198
6 5 0 3195
17 69 1 9814
14 6 0 6321
47 4 1 1592
30 97 0 2855
31 90 0 6319
59 29 1 7464
54 68 1 1973
87 36 0 6689
6 25 1 5082
76 90 1 5231
72 30 1 119
17 21 1 1345
56 31 1 1665
89 42 1 4367
80 62 1 3826
60 42 0 7045
44 97 0 5572
51 8 1 9785
62 15 1 5656
43 74 0 6906
82 3 0 7714
21 32 0 4468
52 69 1 4419
29 95 0 6080
74 2 0 2738
61 12 1 611
91 83 0 6223
15 27 0 3221
82 48 1 9468
27 89 0 374
54 44 0 9905
20 48 0 1560
47 52 1 9114
52 86 1 9453
14 100 1 600
40 7 0 6882
83 22 0 2795
38 96 0 150
38 94 1 147
94 47 0 9455
36 59 1 4499
42 37 0 5807
31 28 0 8748
60 74 0 9651
9 44 1 6537
90 8 0 8122
4 34 1 3330
73 58 1 1506
33 68 0 6723
98 40 1 418
16 28 1 4970
68 90 0 4895
2 8 0 9583
81 32 0 2791
44 33 1 4811
39 28 1 8007
83 94 0 2919
24 90 1 9633
6 51 1 2029
37 62 0 2780
37 27 0 6083
27 14 0 5715
62 65 1 2485
93 54 0 7376
21 38 1 4078
58 3 1 6240
70 14 0 4482
91 81 0 2313
88 94 0 3966
55 62 0 5364
15 96 0 132
23 17 1 2417
23 70 0 7110
30 87 1 2083
21 50 1 5619
42 65 0 7168
63 86 0 934
38 81 1 4845
18 71 1 4162
4 38 1 8301
52 87 1 8871
46 82 0 1126
3 13 1 7056
69 35 1 2470
59 89 0 3805
25 40 0 9602
85 90 1 8304
31 97 0 4871
25 41 1 4336
85 32 1 3890
22 76 1 5427
62 43 1 4089
16 92 1 1550
37 69 0 9402
85 80 0 1779
54 57 0 2731
50 30 1 8711
72 25 0 8022
6 61 0 8271
86 97 1 54
48 31 1 202
7 65 1 2385
53 57 0 8326
61 86 1 5918
35 62 1 5905
90 67 1 3891
64 20 1 6753
74 31 0 3671
85 44 0 3740
48 85 1 7152
5 54 0 1327
21 33 1 9909
38 72 1 7596
3 58 0 2218
4 40 0 434
51 3 0 36
30 72 0 7502
11 53 0 7095
25 15 1 7391
99 100 0 1098
21 18 0 1645
31 48 0 1110
31 45 1 5453
30 53 1 6421
74 28 1 4795
27 3 0 5969
99 12 0 1189
44 1 1 5112
16 30 0 54
88 12 0 5962
29 58 1 2309
21 93 1 6901
100 52 0 7192
14 60 0 5305
93 37 1 4738
7 72 0 273
45 49 0 4777
6 70 0 1631
6 52 0 1717
8 15 1 1349
66 49 1 2845
76 2 0 647
6 28 0 6947
84 20 0 3331
95 49 0 4632
18 100 1 347
92 79 0 372
52 63 1 5379
79 3 1 2662
95 89 1 298
41 88 0 9442
38 77 0 4789
30 94 0 1522
1 29 1 2999
52 75 0 2316
44 89 0 3375
19 37 1 7499
87 98 1 6692
78 15 0 8667
29 51 1 7388
90 51 0 7065
4 75 1 9429
29 48 0 2065
72 9 1 6469
18 41 0 1351
41 19 1 3873
12 92 0 9756
90 3 0 4447
41 71 1 7235
18 42 0 3336
71 96 0 7033
30 51 0 4712
87 17 1 4126
88 42 1 7443
28 48 1 5613
3 97 0 7368
2 11 0 6065
40 62 0 3357
39 75 0 6235
21 76 0 6435
16 56 0 6699
89 30 0 4875
17 22 1 7570
73 76 1 6795
19 70 1 9851
10 64 1 647
85 59 1 5691
71 88 1 713
70 29 0 4804
13 10 0 1416
80 38 0 2697
31 57 1 7785
40 19 1 9551
26 24 1 9708
100 10 0 8221
17 16 1 6898
84 1 1 5821
94 23 1 3266
40 22 0 5278
7 73 0 4545
16 57 0 7422
25 64 0 246
4 96 0 3696
3 75 1 4790
30 66 1 2123
61 17 1 4345
55 66 0 3957
19 92 0 212
54 92 0 6555
20 39 1 4501
50 85 1 5909
61 2 1 4223
75 7 1 9021
9 56 0 4653
91 100 0 6512
15 66 0 3731
91 15 0 2523
33 97 0 3880
33 93 1 3934
14 96 1 9331
44 68 1 8178
96 64 0 4159
58 72 0 874
4 6 1 7452
28 63 1 6595
41 11 1 2303
81 2 1 2795
87 88 0 6680
98 8 1 4192
38 71 1 934
18 24 0 8559
58 59 1 5279
42 59 0 6720
68 36 1 5839
97 14 0 5925
16 37 0 7977
1 40 1 1636
2 20 1 8322
19 14 1 6203
85 38 0 4234
67 22 0 5552
83 2 1 5518
55 52 0 343
81 31 1 6268
1 97 1 3236
94 45 0 9931
93 66 1 4982
98 82 0 9704
55 6 1 9090
76 34 1 2269
13 89 0 7930
78 80 1 5282
97 72 0 5336
56 89 0 6208
93 39 0 2483
71 17 0 2704
66 76 0 8408
97 69 1 2468
61 98 1 622
61 14 0 4461
91 5 0 7555
89 16 0 2199
2 95 0 9572
33 30 0 5634
45 37 1 2394
20 19 1 9863
68 83 1 8873
4 35 1 1832
78 67 0 6571
71 38 1 5455
48 52 1 272
49 78 0 6289
60 67 0 3438
12 83 1 1854
68 77 0 5730
50 71 1 1163
11 90 1 9929
86 72 1 8137
1 88 0 4565
64 35 0 1233
45 4 0 4251
7 97 0 8129
91 53 1 8521
30 62 1 7680
16 13 0 4769
76 81 1 8884
87 10 0 3739
63 31 1 2818
52 14 0 2950
51 49 0 5658
1 23 1 7910
72 65 0 5981
3 85 1 5414
70 100 0 456
72 56 1 9827
22 28 0 7069
11 84 0 765
29 10 1 5819
55 59 1 1176
36 73 0 2997
69 61 0 3457
78 95 1 5688
6 20 0 7673
9 22 0 8869
98 83 1 8371
71 73 1 9046
70 68 0 3993
43 86 1 6527
83 15 1 134
27 18 0 4457
82 35 1 1574
32 57 1 6839
2 98 1 4136
69 48 1 1240
37 38 0 7732
34 33 0 8559
63 18 0 3759
66 4 1 7952
42 16 0 8247
38 80 0 1966
85 63 0 6080
67 44 1 8220
16 36 0 3831
12 50 1 2882
26 23 1 219
74 78 0 921
62 60 0 6569
59 22 1 7546
45 9 0 4293
50 51 1 8023
42 33 0 7178
69 40 0 1205
74 90 0 9830
54 84 1 6609
15 94 1 4772
24 35 0 217
99 17 0 7803
68 17 1 8488
40 61 0 479
12 63 1 731
93 20 1 9617
25 96 0 6826
70 37 1 1649
4 68 1 3096
22 80 1 8008
13 95 1 4810
43 49 0 3191
85 52 0 8497
17 44 0 5320
91 79 1 9376
38 56 0 8368
48 41 0 9716
99 90 0 4859
55 5 1 287
86 49 1 1608
48 24 0 8407
70 69 1 2352
7 23 0 7789
5 42 1 2067
43 84 1 5279
61 52 0 4685
98 55 0 6446
23 18 1 1277
89 75 1 1111
80 79 1 9921
70 92 0 8861
75 90 1 6141
67 61 0 9336
28 6 0 2505
5 43 0 6761
33 34 0 2699
99 4 1 3929
3 28 0 7193
85 24 1 6063
54 76 0 9945
22 57 0 3193
8 46 0 4579
13 5 0 9400
74 86 1 3121
55 7 0 436
60 17 0 1301
41 59 1 1312
8 65 0 9606
17 27 0 1666
44 42 1 1835
36 18 0 1535
22 67 0 234
3 16 0 6769
42 11 1 342
62 76 1 2653
77 8 1 1262
90 29 0 9267
26 55 1 3987
45 1 0 5158
32 26 1 6933
79 94 1 1188
61 85 1 6047
82 55 1 3704
59 20 0 3486
90 100 1 1090
94 75 1 6959
63 67 0 4927
51 37 0 3154
45 28 0 6671
41 93 1 5971
63 20 0 2757
54 14 0 4899
95 50 0 4492
73 72 1 4614
33 23 0 9900
74 8 0 823
43 17 1 6476
100 90 1 7496
2 49 0 7148
88 44 0 1511
5 59 1 4803
56 78 1 7323
5 83 0 3839
60 4 1 4265
92 2 0 6770
75 72 0 8188
32 98 0 3238
49 58 0 5041
37 55 1 4897
43 62 0 6680
57 30 1 3713
54 62 1 3432
70 15 0 694
18 68 0 575
72 6 0 6289
42 1 1 9252
39 2 1 6394
91 61 0 4713
98 71 1 1796
75 78 1 3630
56 99 1 5526
96 49 0 4167
68 48 1 3865
67 98 0 5211
52 65 1 1334
38 25 0 2658
34 50 1 9833
67 36 1 4481
31 47 0 4177
20 74 0 915
52 15 0 6286
53 51 1 2197
56 67 0 7657
6 15 0 409
51 91 1 3718
36 19 1 9065
55 60 1 7334
55 84 0 369
99 48 0 5356
55 33 1 4326
5 41 0 5919
46 48 0 3484
46 16 0 6357
59 23 1 6590
94 5 0 1828
29 71 0 8750
86 55 1 88
54 16 0 30
51 23 1 2710
91 20 0 7708
48 62 1 1682
73 88 1 1422
98 52 1 4085
39 35 0 3539
99 65 1 866
34 17 1 4063
93 28 0 7339
53 69 0 4201
67 82 0 8043
46 78 0 6238
47 72 1 9629
88 81 0 434
11 23 0 5967
36 2 1 7551
79 69 0 5908
36 1 0 7700
31 99 0 9123
68 98 0 5912
99 69 0 2559
80 9 0 8856
50 16 1 2896
31 96 0 8787
58 77 0 4391
58 44 1 9223
40 66 0 5593
5 66 1 1485
2 64 0 3282
33 24 1 320
85 12 1 2909
10 24 0 7946
30 1 0 4503
87 89 1 8677
60 34 1 5008
45 65 1 1164
66 13 1 9452
80 25 0 8963
34 79 1 2419
24 91 1 5556
14 99 0 4274
23 52 1 450
94 51 1 2863
73 29 0 3802
67 79 0 4890
7 61 0 1881
8 100 0 4772
98 6 1 5522
39 37 1 4270
8 75 0 3061
16 96 0 5096
89 100 0 550
73 99 1 4372
21 89 1 7601
23 63 0 3585
3 70 0 752
55 74 1 7688
88 71 1 21
57 78 1 9375
55 18 1 788
37 45 1 2885
40 44 1 1573
26 33 1 9099
19 45 1 4369
67 87 1 6638
94 60 0 2361
99 60 0 4081
41 55 1 7725
28 96 0 4469
83 86 0 6530
79 12 0 5134
17 73 0 1941
72 48 0 7168
46 39 0 6799
96 8 1 9211
77 51 1 2933
61 96 0 3790
70 61 1 7195
51 55 1 7510
49 3 1 868
18 90 0 8157
7 38 1 3998
16 53 0 26
92 24 1 9802
96 44 1 2682
93 71 0 3057
39 71 0 1606
4 41 0 9884
15 11 0 9028
18 82 0 3158
30 19 0 1906
32 94 1 3948
77 24 1 3855
24 78 1 9529
52 28 0 9813
31 88 1 1666
9 62 0 1717
70 97 1 8447
83 40 0 9603
86 75 0 1171
52 97 0 3408
69 46 1 5203
48 27 0 5484
82 42 1 7131
59 18 0 8437
43 95 0 7234
90 42 0 392
91 29 0 6693
79 28 0 2140
47 26 0 4386
99 30 0 7489
75 4 0 1411
84 23 0 8801
82 15 0 1064
2 6 0 8392
50 20 1 7905
96 59 1 5246
90 7 0 156
36 63 0 9584
52 40 0 2955
71 29 0 1793
13 76 0 254
55 64 0 7557
60 69 1 5550
36 82 0 4822
31 62 0 820
21 72 0 3988
15 25 0 2368
7 16 0 5161
48 64 0 6861
28 70 1 1800
45 91 0 8083
65 33 0 7475
33 41 0 4160
2 71 1 9202
13 72 1 2474
24 56 1 5828
96 46 0 7500
14 17 1 742
2 93 0 8560
43 46 1 633
30 67 1 8952
72 95 0 228
74 85 0 3611
40 81 0 3389
34 86 0 4387
31 30 0 3890
78 3 0 4949
95 91 1 2169
82 2 1 3741
8 3 1 71
8 41 1 2976
82 98 0 247
62 32 0 339
49 32 0 6261
69 4 1 5282
60 5 0 4978
90 50 0 2024
72 81 0 6425
38 93 1 1186
97 92 0 9750
56 28 1 6996
72 67 1 4241
18 85 0 6292
2 60 1 374
72 80 0 57
9 12 0 1909
57 53 0 454
4 54 0 6010
40 33 1 4617
58 63 0 370
83 38 1 4082
26 86 1 7869
25 5 1 4346
47 76 0 7024
1 45 1 7171
50 4 1 9959
16 80 1 2361
53 81 1 3997
45 99 0 9446
14 59 0 8965
68 42 0 4963
82 33 0 8204
23 30 1 8
45 20 1 3899
80 97 0 7258
21 73 1 2606
58 2 1 4397
83 79 1 4564
78 94 1 6075
26 18 0 2493
86 18 1 2868
31 44 0 1232
13 78 0 6887
82 28 1 4455
63 90 1 9945
96 77 1 5277
93 69 0 4831
85 18 1 3756
3 84 1 6610
34 78 1 3167
57 40 0 7370
41 18 0 5880
67 19 0 6941
73 77 1 579
80 10 1 3559
58 88 1 9590
88 56 0 49
32 82 1 2260
46 18 0 851
21 36 0 6098
91 18 0 2955
20 7 1 2743
90 28 0 2353
64 50 0 3580
57 61 1 1699
51 73 0 3109
1 53 1 7323
62 34 0 8231
35 87 0 7514
39 30 0 4580
31 19 0 5928
60 20 0 7424
13 90 0 3305
87 53 1 5945
93 60 1 5263
69 3 0 1717
6 92 0 6971
2 33 0 541
76 65 0 958
99 7 0 7963
100 86 0 7325
42 10 1 3855
96 55 1 7025
35 91 0 7300
28 16 1 5795
41 28 0 8569
71 94 0 5929
8 20 0 3396
85 60 0 6466
63 99 0 2816
24 27 0 4414
75 69 1 7602
45 95 1 8204
41 69 0 5632
15 42 1 901
80 1 1 736
36 35 0 4905
30 86 1 8840
47 95 1 4238
73 30 1 7839
90 19 0 1219
87 44 0 4798
53 27 0 7704
5 73 0 4438
77 21 1 1546
75 40 1 7034
39 97 1 1105
7 24 1 5488
9 14 1 5338
88 98 0 9463
49 22 1 8816
67 43 1 2551
91 82 0 8707
63 14 1 4253
64 6 0 5336
37 61 0 9823
39 19 0 2284
98 48 1 6265
5 30 1 9318
37 60 1 1218
90 12 0 7186
44 86 1 2442
66 52 0 226
5 46 1 2027
3 48 0 5207
16 1 0 188
37 46 1 3203
10 22 1 9334
62 95 0 9186
77 27 0 1527
93 92 0 6326
56 27 1 3779
83 48 1 6728
77 18 1 4631
88 8 1 2089
49 45 1 5433
25 48 0 8325
67 73 1 5580
13 61 0 2657
47 40 0 3477
55 98 0 7429
23 74 0 8161
83 69 1 3025
16 94 0 4861
61 79 0 2738
37 84 1 6833
27 60 1 5673
15 82 1 968
40 54 0 4828
29 77 1 7625
24 39 0 13
30 59 0 879
3 96 0 2322
44 26 0 2124
18 58 0 1305
91 88 1 847
71 46 1 9824
65 16 0 7748
36 77 1 7535
86 71 0 2365
43 31 0 9885
1 92 1 5734
70 81 1 2248
51 42 0 2512
68 7 0 8097
77 97 0 4689
68 38 0 5495
78 76 1 9885
50 91 0 1091
6 99 0 7825
56 58 0 5938
40 51 0 8180
94 19 1 1775
57 1 1 2692
61 3 1 3059
81 84 0 1475
10 40 0 3556
29 97 1 2248
33 16 1 6743
15 37 0 6997
10 30 1 8988
97 15 1 7230
80 60 0 8525
68 46 1 3467
68 79 0 5888
99 34 1 9504
37 100 1 1475
87 21 1 6585
72 11 0 6036
100 70 1 5247
98 72 0 1295
66 14 0 3581
99 47 0 9563
36 50 1 4076
11 60 0 2992
35 25 1 5043
86 10 1 387
35 100 1 2342
19 12 0 8301
20 78 1 1099
20 74 1 1962
29 30 1 7169
70 58 1 7818
77 45 1 949
29 85 0 8121
64 70 1 9556
46 76 1 3153
80 22 1 6312
65 90 0 1989
88 49 1 4001
36 78 0 9031
33 66 1 2817
29 52 0 7059
73 64 1 3711
56 2 0 8204
41 29 0 7900
82 94 0 2286
82 74 1 6626
94 14 0 3056
91 59 0 9115
31 54 0 1605
59 91 0 4314
91 70 0 654
11 93 0 9701
23 14 1 9959
94 31 0 679
42 98 0 6085
64 12 0 4732
52 23 0 8274
57 51 0 5871
40 34 0 12
39 13 1 1358
27 51 1 9628
80 4 1 3810
92 36 1 540
51 41 0 7548
36 75 0 4169
88 21 1 4459
39 56 1 7300
15 8 1 7132
1 85 1 7635
17 54 1 8345
49 4 0 8464
69 95 0 9670
62 31 0 829
50 19 1 1055
17 60 1 7458
3 53 1 7947
58 60 0 5142
42 68 1 6578
22 53 1 4862
100 41 1 4846
59 49 0 1708
13 96 1 2421
81 62 1 291
13 7 0 4853
51 71 0 1955
15 64 0 3703
74 7 1 403
9 82 0 1625
26 50 0 3883
76 16 0 6767
23 3 1 3597
59 94 0 821
44 32 1 6847
64 94 1 6178
63 87 0 3600
53 79 1 2086
36 45 1 7678
5 33 0 8404
22 92 0 8402
91 14 0 4598
71 2 1 2128
32 71 0 8539
47 98 0 1512
12 23 1 4239
18 59 0 3150
28 76 1 2799
48 30 1 573
94 83 1 4372
57 35 0 7215
40 57 1 5734
66 53 1 2535
4 93 0 9280
35 90 0 5400
73 90 1 15
4 28 1 4959
91 9 0 3634
78 57 1 7697
20 44 0 7882
77 87 0 1836
91 54 0 9453
34 22 1 9205
28 46 1 9479
48 47 0 2633
99 82 1 1042
9 86 0 7092
60 54 1 8893
20 59 0 849
96 63 0 7207
48 25 0 6951
11 22 0 1993
52 80 1 8962
79 67 1 5045
40 36 1 3063
90 99 0 2258
77 39 1 421
25 70 0 4265
57 17 1 7677
49 76 1 9064
63 19 0 4508
13 75 1 1499
43 4 1 4887
49 50 1 2960
89 1 0 171
17 47 0 9983
97 60 0 4859
51 93 0 4920
9 64 1 1861
38 64 0 7536
58 70 1 6972
54 59 0 6180
99 5 0 8635
46 87 1 1677
98 32 0 3288
15 46 0 2597
25 99 0 8186
67 8 1 3317
57 5 1 4680
94 28 0 9593
