100 5659
49 9 1 9598
46 15 1 9579
37 11 1 7322
17 78 1 9101
84 21 1 5517
82 53 1 9406
19 44 0 5534
26 97 0 88
76 58 0 5820
61 56 0 2790
19 82 1 5974
53 50 1 7935
68 66 0 1140
56 79 0 4138
17 71 0 6353
90 4 1 2667
93 66 0 7938
96 85 0 6337
52 98 0 692
48 1 0 5497
83 13 0 7846
36 96 0 1652
34 78 1 7917
67 90 1 2057
31 3 1 6754
39 26 0 2662
57 8 0 1861
46 84 1 7804
3 33 1 8398
57 53 1 1391
11 18 0 3276
83 39 1 5199
60 95 1 4487
35 100 1 8527
14 15 1 9832
25 62 0 3632
33 49 0 7244
28 53 0 1038
55 4 1 6410
56 33 1 1150
83 18 1 1253
21 62 0 6912
45 55 0 5268
22 24 0 4965
8 58 0 7151
96 3 0 2393
21 81 0 6653
73 95 0 4909
57 69 1 3442
24 100 0 6428
45 59 1 6545
30 38 1 3184
41 75 1 6148
71 46 0 540
89 79 0 4602
3 38 1 807
69 53 1 2362
77 33 1 4099
22 82 0 8116
93 12 0 9280
72 81 1 8242
99 22 1 3081
34 30 0 2904
55 84 1 5517
78 44 1 7521
57 26 1 9478
2 65 1 2503
56 1 0 4508
93 14 0 1480
68 33 0 5255
22 31 1 9390
25 90 0 3989
53 54 0 4224
65 71 0 5204
62 67 1 463
50 47 0 3693
89 72 1 2032
47 38 1 6354
73 14 1 3579
26 71 1 3641
83 68 1 1168
13 89 0 1473
98 40 0 5974
51 92 1 453
50 54 1 33
8 43 1 9647
79 15 0 9977
98 79 1 406
91 7 0 8994
85 2 0 3519
70 23 1 8320
19 3 0 4992
71 38 0 5714
90 43 0 8199
62 81 1 1465
20 57 1 3156
98 34 1 9422
21 66 0 6331
14 88 1 4183
92 80 1 3863
10 9 1 7450
32 16 1 4951
31 34 1 9937
22 4 0 4759
92 54 0 6543
54 32 0 6573
73 97 0 2844
10 54 1 5755
32 63 1 7449
42 6 0 5473
62 91 0 9499
60 57 0 1462
58 91 0 3857
56 92 1 9500
95 91 0 5485
90 100 0 7568
36 6 0 1025
51 68 1 3796
30 16 1 3142
91 49 1 4921
37 26 0 9484
15 96 1 967
54 10 0 1792
73 81 0 3813
40 38 1 3474
75 46 0 4231
84 39 1 587
18 44 0 2206
88 51 1 9376
81 58 0 838
49 82 1 608
35 88 0 6239
44 98 0 9210
74 53 1 8933
61 98 0 7885
12 54 0 8169
36 9 0 3524
39 70 0 6344
99 44 1 2295
26 56 1 9420
54 62 1 6567
100 39 0 7538
74 73 0 2749
59 96 0 7076
55 31 1 7911
46 71 0 1699
73 56 1 670
84 75 1 1853
99 69 1 2467
49 21 0 1105
82 43 1 1606
75 60 1 6643
70 97 1 2094
66 67 0 712
92 67 1 5006
58 83 1 4766
4 75 0 7727
40 62 0 583
13 64 1 4638
45 90 0 8073
42 81 0 6938
89 74 0 9504
58 87 0 9805
85 8 1 5150
29 68 0 7013
83 17 0 503
74 1 1 4897
91 44 0 2032
21 13 0 1843
90 74 0 3929
64 88 1 8719
32 91 1 222
46 17 0 2086
98 42 1 7789
94 57 1 7825
57 86 0 399
3 87 0 8298
87 96 1 4528
85 93 1 9654
25 61 0 8083
18 12 1 8366
29 37 1 1868
46 48 1 6787
43 5 0 6455
94 77 0 5576
83 100 1 3231
24 11 0 9484
59 60 1 5453
20 88 0 9466
6 12 0 9267
36 4 1 7556
37 61 0 5893
4 73 0 8178
9 19 0 2340
32 39 1 6216
58 30 1 571
14 20 1 8749
34 70 0 4343
24 92 0 2338
20 96 0 5027
73 29 1 8828
77 38 1 8731
68 98 0 4512
29 18 0 4519
5 78 0 5371
60 50 1 1241
64 87 0 6531
30 90 0 6431
40 84 0 48
13 15 0 7826
97 55 0 4349
28 91 0 8824
55 53 1 1968
77 70 1 3758
20 91 0 5511
18 66 1 8880
22 98 0 2596
100 37 1 8494
1 9 1 2129
19 61 1 9262
65 39 1 142
91 9 0 6963
29 35 0 7127
84 93 0 2832
38 78 1 7562
26 90 0 7923
64 92 0 7135
16 66 0 3879
27 38 1 4136
15 65 0 1220
72 5 0 2950
70 65 0 961
69 24 0 2101
58 24 0 7418
41 86 1 8668
84 67 1 2605
5 24 0 5970
80 87 1 9536
15 68 0 2823
77 5 0 6030
48 89 0 2714
99 79 0 3796
52 7 0 2891
16 21 1 7757
2 19 0 3207
98 64 1 671
48 75 1 8387
96 47 0 8038
44 25 1 1381
26 46 0 3867
38 54 1 4990
78 89 1 7765
22 5 1 4333
3 55 1 8743
20 78 0 8320
83 59 1 1282
41 82 0 6437
58 48 0 8960
59 15 1 4024
24 98 1 936
40 19 0 2661
76 13 0 6101
51 15 1 6328
93 49 0 1363
9 3 1 3437
94 29 1 9923
72 54 0 6310
15 13 1 7503
23 14 0 3223
33 59 1 3335
37 30 1 5609
96 54 0 5041
51 34 1 1519
90 36 1 1517
67 37 1 9582
52 64 1 4002
65 36 1 8373
16 35 0 3878
51 38 0 6591
57 77 1 1375
98 71 1 5433
80 26 0 2183
100 79 0 971
7 52 0 5424
10 93 0 4539
15 36 1 4535
10 64 0 5553
13 66 1 5909
34 72 0 3451
98 17 0 6832
53 32 0 7181
48 56 1 249
62 46 0 7862
100 8 0 5084
67 19 1 8343
69 86 0 9178
18 20 1 5229
27 72 0 8539
92 76 1 9313
46 12 0 6948
82 1 0 4424
46 47 0 3638
4 14 0 4729
93 55 1 6316
14 12 0 3069
30 39 1 9076
10 35 0 6737
38 45 1 918
29 73 0 322
19 89 1 8819
74 60 0 3750
73 19 1 7798
34 61 1 65
83 28 1 5456
31 12 0 5693
19 34 1 5795
84 48 0 5296
78 23 1 6975
50 43 0 5816
54 38 1 4030
12 64 1 8651
53 100 0 8152
10 90 0 3152
10 48 1 8261
74 75 0 1783
45 28 1 3005
62 59 0 9862
91 93 1 1294
13 70 1 8981
40 83 0 1004
43 71 0 3716
21 28 0 1006
65 100 1 1310
69 78 1 278
55 65 1 5187
78 60 0 7307
8 12 0 1306
9 28 0 7781
26 94 0 4976
46 14 0 320
42 64 0 5321
20 14 1 9622
96 89 0 3334
11 30 1 2368
46 61 0 8517
41 96 1 8184
77 36 1 3050
47 62 1 7776
77 10 0 9128
92 5 1 9171
98 19 1 5250
63 88 1 7491
31 36 1 64
82 3 0 8656
36 57 1 4519
54 45 0 660
34 38 1 8732
56 26 1 1357
60 82 0 1964
89 39 0 6979
2 51 0 2800
59 16 0 3394
56 88 0 5579
84 66 0 3489
8 42 1 2842
11 51 0 5295
19 94 1 9460
83 51 0 1495
4 40 1 2367
95 83 1 2886
8 34 0 2692
70 81 1 8838
40 59 0 4469
17 65 0 554
65 61 1 8431
86 84 1 8435
28 63 1 8064
5 9 1 201
67 69 0 6964
7 31 0 7572
65 19 0 1566
79 6 1 885
58 52 0 1613
99 58 0 541
37 95 0 7215
43 3 0 9757
75 4 0 5703
55 12 1 3407
38 58 1 4802
13 86 0 4471
23 15 0 6471
43 39 0 1151
23 89 0 3639
9 75 1 4754
88 60 1 1413
15 12 1 4711
48 64 1 3777
77 95 0 453
59 39 0 8241
47 80 1 2059
44 87 1 1617
79 67 0 9457
54 17 0 1169
98 33 1 5618
57 100 1 7301
98 72 0 6647
45 27 1 2050
91 40 1 7056
47 60 1 9785
19 32 1 3387
95 77 1 880
89 76 1 6719
34 20 0 589
6 36 0 3428
55 35 1 7510
3 54 1 4091
9 54 0 7449
55 98 1 3937
59 48 0 4437
45 88 0 8095
51 60 0 6052
62 55 1 4075
14 57 0 7258
79 82 0 6454
59 18 1 2950
93 45 1 897
9 77 0 1034
70 41 1 1766
13 61 0 98
47 64 1 5246
18 53 0 1779
8 24 1 513
83 43 1 1387
37 48 1 3581
69 6 1 2455
40 41 0 863
81 48 1 825
48 62 1 3504
31 90 0 3461
9 67 1 7060
38 21 1 7915
88 78 1 6934
97 40 0 6556
81 44 1 7679
29 72 1 7838
47 63 0 7603
86 78 1 7140
5 69 0 6801
28 67 0 1038
94 61 1 890
86 47 0 6779
98 56 0 8385
55 69 0 460
50 40 1 1341
84 46 1 7903
98 37 1 3995
71 2 1 5461
31 60 1 2572
3 43 0 9483
31 22 1 5523
63 20 1 8456
27 61 1 2512
90 30 0 9259
7 93 0 5697
19 38 1 9394
55 2 1 5289
53 78 1 7386
85 66 0 3493
50 76 0 3142
95 84 1 9268
91 11 1 8834
43 68 1 3961
14 92 0 7331
66 82 1 6922
86 90 0 2999
52 37 1 6055
28 31 0 5677
35 46 1 9075
48 58 0 7167
52 89 0 6040
25 49 0 8470
83 41 0 9167
62 51 1 2012
74 10 0 7639
7 86 0 2429
61 45 1 6108
83 2 1 4118
71 15 1 9073
92 25 0 5094
70 76 0 2367
4 69 1 8270
66 12 0 7546
9 32 0 5826
8 31 0 3242
32 90 0 756
92 96 0 254
90 40 1 2846
28 49 0 2298
93 81 1 5707
53 18 1 1092
96 31 0 2386
62 11 0 6543
13 99 0 5672
74 8 1 5054
90 49 1 1032
57 55 0 4311
81 80 1 9618
64 20 1 1287
43 100 0 3114
21 23 1 3953
13 44 1 9519
55 96 1 6304
100 40 0 1243
64 23 0 9780
67 82 1 2401
24 34 0 7967
31 49 1 9668
28 81 0 9594
12 63 0 4643
14 71 1 5194
63 79 0 34
75 96 1 9023
78 74 0 4807
63 83 1 6139
61 68 0 7106
53 66 1 7031
47 75 0 5890
2 46 1 6609
94 66 1 5511
84 90 1 8022
87 42 1 1972
86 85 0 1697
83 82 1 7150
84 58 1 1403
14 99 1 2450
60 44 1 4088
61 16 1 6640
81 4 0 9669
41 79 1 7824
17 28 0 2408
36 98 1 25
42 53 1 5748
37 57 0 2493
55 30 0 8873
89 8 1 5054
59 99 0 9121
53 56 1 5306
21 42 1 2678
56 52 1 660
48 26 1 6522
96 69 1 7539
41 50 1 424
100 54 0 590
73 77 1 1614
65 98 1 2006
5 4 1 7276
19 79 0 4447
19 62 1 9166
27 41 1 1012
85 100 0 4453
52 68 1 6607
7 97 0 4740
66 32 1 1091
66 39 1 6983
65 70 1 5557
17 66 0 5420
96 37 0 8512
49 39 1 7147
9 78 0 2764
94 53 0 3605
47 98 0 9873
65 67 0 5
74 32 1 8377
93 25 0 6839
53 83 0 4044
39 56 0 6431
67 29 0 4982
20 63 1 1694
26 22 0 6558
59 86 1 316
74 14 1 8558
14 17 0 857
23 40 1 962
77 8 1 325
59 90 0 6590
62 7 1 8183
23 70 1 3214
54 76 1 5062
98 8 1 9324
16 3 0 5893
45 63 0 3316
79 71 0 3816
49 98 1 2106
87 20 0 6893
20 52 1 8183
13 84 0 5665
71 84 0 1170
22 32 1 5548
74 82 0 3669
27 21 1 6399
2 57 0 9684
6 73 1 7588
13 16 1 6520
41 14 1 8806
72 37 1 613
35 34 1 585
41 34 0 7698
19 100 0 5594
14 1 0 555
51 61 0 1359
47 50 0 5416
88 37 1 3321
54 40 1 667
65 26 0 8463
89 64 1 1666
18 25 1 8073
31 6 1 4111
23 26 1 9833
23 25 1 7480
71 85 0 6394
55 34 0 6333
77 46 1 8930
17 54 0 9614
91 20 0 196
95 28 1 337
96 14 1 5894
26 55 1 885
25 40 0 4992
58 64 1 4383
67 17 1 9623
8 3 0 6577
68 55 1 8854
82 89 1 9423
29 41 0 2043
59 72 1 6750
16 12 1 8111
49 90 1 9293
76 97 0 473
13 41 0 2781
40 33 0 517
79 40 1 8019
92 12 1 7979
99 62 1 6408
97 48 0 9755
34 22 1 3849
63 93 0 873
83 47 1 8041
71 8 0 2223
65 92 1 9125
18 94 1 8410
67 51 0 8282
49 51 0 1050
20 68 1 935
43 81 1 4642
63 19 0 4002
30 60 0 8326
54 2 1 9051
86 95 1 3557
70 35 0 3909
38 39 1 6723
68 43 1 5642
42 86 1 2992
25 59 0 5247
72 56 1 2735
65 81 0 5742
47 35 1 8126
76 24 1 9267
26 54 1 9901
48 24 1 2524
27 84 1 2970
23 68 1 7947
99 13 0 4083
33 89 1 4662
94 93 0 753
54 21 1 3796
98 39 1 5921
27 53 1 2694
52 85 1 552
25 18 1 1271
13 39 1 5688
30 95 0 8086
15 25 0 6302
38 61 0 5261
17 70 0 702
94 83 1 3828
78 95 1 5741
76 30 1 290
58 55 1 7611
70 40 0 1152
29 1 1 8786
62 6 0 74
24 50 0 7479
80 99 1 6677
95 25 0 9806
96 99 0 991
76 5 0 2973
19 5 0 1692
98 85 0 2292
93 83 1 1188
58 94 0 2412
64 12 1 3696
86 29 0 5109
30 97 1 8337
98 20 0 9563
66 63 1 718
1 60 0 804
66 9 0 3080
93 72 1 3851
23 52 1 4657
40 52 0 3648
55 19 1 6105
22 56 0 385
49 84 1 33
68 30 1 885
27 65 0 2708
99 89 1 3152
66 55 0 316
16 13 1 6360
67 70 0 2210
53 33 0 8806
31 86 1 5061
63 29 1 3899
74 36 1 6852
39 36 1 9099
61 90 0 7984
57 46 1 6363
15 16 0 680
65 86 0 4220
74 78 0 6159
41 94 1 3005
26 75 1 467
22 17 0 7531
14 25 0 8660
52 79 0 1688
35 25 1 5371
81 57 1 7438
91 10 1 5141
73 12 1 2180
86 38 1 3251
56 10 0 3112
6 27 0 2450
65 35 0 189
19 33 1 769
77 44 0 3746
51 69 1 7202
61 99 1 5072
79 2 1 5400
19 20 0 2270
20 34 0 7734
16 36 0 7839
92 20 1 9935
36 85 0 8635
85 55 1 2053
15 78 0 1436
96 41 1 7447
62 23 1 4300
84 5 1 5406
72 67 0 2453
73 82 0 5197
97 19 1 5718
76 6 0 6751
57 96 0 82
46 72 0 3920
70 54 1 5315
13 53 0 7350
12 51 1 7753
26 73 0 342
44 39 1 1778
4 60 0 8090
51 97 0 8351
33 23 1 8413
78 64 1 5704
94 10 0 5797
41 32 1 2182
25 37 0 6372
70 38 1 969
36 35 1 5015
1 39 0 1592
60 74 0 9307
95 47 1 7513
75 32 0 7476
94 98 1 8882
97 84 0 4496
81 78 1 6755
83 21 0 5883
84 50 1 9223
58 59 0 4996
18 2 0 6464
93 29 0 8830
34 64 1 7321
86 25 1 2375
28 13 1 1846
70 19 1 2992
60 45 1 6711
25 41 1 7922
19 43 0 612
31 100 0 6309
68 67 0 2433
69 70 0 9602
2 82 0 978
90 73 0 6222
98 29 1 6714
74 19 1 112
3 42 0 5186
12 2 0 5383
94 15 1 2971
52 6 1 9573
86 35 1 1002
71 67 1 12
72 44 1 1607
79 46 0 2256
94 40 0 5268
57 83 1 6455
88 50 0 1540
49 60 1 9838
44 74 0 804
68 19 0 324
80 49 1 3220
29 80 1 3647
1 88 1 9486
12 78 0 6893
27 69 0 3600
22 23 0 6875
56 41 1 7712
86 12 0 5142
70 43 0 335
81 46 1 2426
78 43 1 140
91 70 1 3963
29 90 1 5745
92 66 0 9855
52 36 1 7612
45 75 0 7895
99 15 0 6334
96 38 0 7600
28 82 0 1053
63 75 1 1758
58 89 0 8328
47 56 1 9423
76 89 0 3454
61 85 1 6933
78 14 0 448
28 87 1 1494
50 58 1 9915
78 88 1 9570
1 24 0 926
22 79 0 6276
61 27 0 1478
66 69 0 2945
43 57 0 2260
71 44 0 4162
15 56 1 2433
7 81 0 5770
80 91 0 7172
64 93 1 5042
7 77 1 4889
12 17 1 5445
94 43 1 5416
75 3 1 1727
6 34 0 7369
49 67 1 146
74 15 0 5979
52 96 0 9335
41 80 1 7844
49 76 1 6199
32 92 0 999
53 85 0 2735
72 32 0 7502
94 22 0 8982
12 72 0 9501
94 51 1 5160
26 81 0 5445
66 34 0 1883
5 51 0 5308
35 52 1 1064
72 29 0 3398
2 37 0 1033
47 46 0 2532
56 58 0 6678
84 44 0 8446
96 93 0 4403
69 19 1 3598
11 17 1 7191
34 45 1 4637
90 23 1 4147
88 34 0 4603
94 52 0 5909
58 10 1 7487
30 71 0 2456
41 9 0 3375
49 99 0 2117
69 28 0 2427
88 23 1 6890
48 41 0 5445
36 73 1 9699
67 84 1 5793
19 42 0 437
35 89 1 6927
52 65 1 2780
66 18 0 9097
39 66 0 4108
90 76 1 4571
91 43 0 9920
17 62 0 953
21 56 1 3811
62 1 1 696
37 35 0 215
82 77 1 5733
72 17 0 793
77 97 0 1469
75 40 1 7297
27 93 1 7805
95 56 0 5396
25 51 0 3253
34 86 0 7627
20 93 0 4141
37 70 0 6424
97 66 1 4844
16 98 1 4661
72 22 1 1222
96 71 0 2711
54 66 0 7119
51 77 1 3298
14 42 0 4468
19 10 0 1577
95 23 0 6840
86 92 1 4179
63 52 1 8003
40 63 0 1756
60 68 0 5848
14 18 0 7861
15 97 0 8251
81 89 1 3378
21 2 0 7049
55 90 0 7332
53 90 1 5541
19 27 1 3755
56 4 0 6019
77 16 0 1234
67 7 0 622
56 61 0 9849
3 52 0 1149
89 59 0 4631
18 67 0 6466
92 55 1 4073
82 11 0 3555
16 54 1 2436
13 95 1 855
31 59 0 7514
85 18 0 9704
31 24 0 4763
11 25 0 1530
68 84 0 3357
20 76 1 9573
30 27 0 123
75 90 1 6249
82 16 1 6643
9 87 0 9228
16 55 1 6669
14 45 0 6474
76 59 1 3981
37 22 1 33
49 71 1 9144
78 8 0 560
20 2 1 5268
68 49 0 9997
95 73 0 5568
86 98 1 5599
24 37 0 5037
66 89 0 6175
26 72 1 4168
56 51 1 6342
74 93 0 6218
21 48 0 9129
16 23 0 5646
97 28 1 3053
25 1 0 9009
4 70 1 2495
33 54 0 8748
3 10 1 904
95 58 0 5841
59 45 0 6235
99 46 0 715
36 52 1 2010
63 7 1 200
81 36 0 9498
99 88 1 2250
98 53 1 8440
83 75 1 7516
20 9 0 7328
23 86 0 4221
47 16 1 7211
3 36 1 1364
29 63 1 8237
95 79 0 7315
88 67 0 4538
15 79 1 5284
76 91 0 1158
55 27 0 4679
72 45 1 759
97 65 1 7740
36 28 0 1463
28 58 1 5652
77 19 0 9893
16 10 0 6398
80 46 1 1318
25 21 0 4734
55 16 0 3413
34 69 1 7842
44 62 0 5543
98 57 1 5731
11 24 0 3970
86 42 0 9978
66 90 0 9728
30 42 1 7871
78 46 0 888
80 56 1 2506
80 1 0 8516
68 47 1 4813
98 23 0 5601
42 46 1 6927
28 92 0 4310
40 80 0 3790
92 24 0 5034
76 16 0 3467
54 14 1 1285
53 37 1 5653
18 17 1 2695
64 51 0 4
77 41 0 2816
83 50 1 8410
64 66 1 6765
63 28 0 8181
46 54 0 4389
69 17 0 3007
71 73 0 2860
76 2 0 3387
68 61 1 6923
36 93 0 5670
2 38 0 8238
22 81 0 7523
1 31 0 2843
11 91 0 1403
53 75 0 4060
71 95 1 9945
46 20 1 2115
27 98 1 409
61 76 0 5249
65 74 0 6096
70 3 0 5181
56 91 1 4426
80 6 1 6623
45 92 0 4754
15 83 0 3393
69 37 1 6487
83 95 0 4032
82 24 1 4503
94 67 1 4991
43 98 0 5276
19 53 0 2744
18 36 0 1746
17 53 1 7987
11 46 1 4678
38 80 1 1036
41 55 1 1009
94 85 1 2508
61 7 1 4732
4 66 0 1750
45 99 1 3742
59 84 0 9327
44 9 0 7811
59 63 0 335
25 67 1 4499
26 58 0 2280
4 12 1 3876
92 68 1 8192
94 86 1 3357
34 21 1 5053
12 50 0 802
74 81 1 9726
83 97 0 8145
67 53 1 1866
56 25 0 9688
55 72 0 475
39 71 0 942
19 95 1 7445
3 4 0 7250
75 45 0 9699
11 87 1 1807
93 57 1 5653
6 79 1 5615
95 37 0 4972
56 97 1 9535
52 72 1 4207
8 96 1 4417
13 56 1 9423
35 13 0 3199
85 38 1 693
45 19 1 153
18 55 1 1096
2 84 1 4946
14 93 1 5752
64 32 1 7058
47 34 0 3585
18 85 0 3573
7 37 0 8255
51 100 0 9542
87 43 0 9107
61 6 1 8586
24 74 0 7711
94 8 1 3279
53 39 1 7487
46 43 1 4798
63 55 0 7475
7 54 0 1518
19 16 1 8942
48 13 0 1236
52 54 1 8463
67 80 1 8940
37 25 1 7540
21 19 1 7047
68 11 0 2764
57 16 0 7569
88 18 1 2610
39 77 1 1763
48 46 1 591
76 31 0 7955
46 18 0 1117
40 34 1 1919
39 17 1 2351
73 64 0 4768
37 78 0 7828
50 2 0 3522
81 86 1 5158
71 47 1 6084
27 31 0 7207
85 63 1 8326
95 89 1 3148
33 93 1 2406
49 17 0 9151
17 50 1 5734
36 1 0 6789
35 79 1 2469
77 76 1 6426
20 32 1 8292
60 59 0 4307
55 54 0 226
77 3 1 6186
5 29 1 9447
41 10 1 8021
31 47 1 1018
66 71 1 4750
18 86 0 2113
39 14 0 8352
46 97 0 9980
9 71 1 1261
22 26 1 5200
13 62 0 7907
16 73 1 9514
62 12 1 4344
23 93 1 1412
43 30 0 3180
89 61 0 3894
7 5 0 8743
84 65 1 1326
69 84 1 8951
23 5 0 7811
90 44 1 9797
14 32 0 2584
90 29 1 1386
49 20 0 7709
95 19 0 7059
85 49 1 1954
76 83 1 7110
100 41 0 9131
91 67 1 8309
28 77 1 8437
90 80 1 5048
83 16 0 9495
49 29 1 8870
29 100 1 4060
94 96 0 5235
18 23 1 2374
93 76 0 4723
53 30 0 3559
73 45 0 2598
21 27 0 8934
68 40 1 5854
96 77 1 948
6 53 0 9750
96 39 1 7065
61 26 1 7752
40 11 1 4389
33 44 0 4822
29 2 1 2619
20 99 0 3166
93 79 0 7966
75 70 0 8483
18 19 1 6846
72 23 1 6298
48 55 0 1365
45 31 1 8557
36 91 1 9867
27 75 0 2824
25 97 0 6349
87 28 0 9605
96 92 0 3342
6 22 1 6
48 96 0 2009
98 100 1 3352
96 82 0 9843
9 92 0 9252
57 88 1 3361
44 10 0 1720
64 38 0 5556
13 38 1 1644
92 23 0 1922
61 57 0 7237
4 56 0 8367
6 99 1 9019
99 36 1 6938
100 20 1 8290
84 34 1 4930
68 36 0 5290
1 20 1 4557
76 7 1 6444
71 57 1 9133
30 50 1 2248
46 70 0 5530
100 65 1 1936
65 15 1 8167
36 10 0 7362
7 18 0 34
58 49 0 3573
65 91 1 644
4 8 0 7112
50 55 1 9076
71 22 0 7502
2 79 1 6834
85 41 0 2963
53 2 0 3469
33 13 1 2766
82 62 1 3834
50 37 0 8226
4 20 0 6595
74 85 0 1258
7 50 1 9993
45 10 0 3650
26 2 1 6981
35 20 0 6841
38 95 1 206
50 41 0 2661
39 84 1 9405
11 20 1 8619
41 44 1 6946
68 1 1 7157
9 59 1 8979
25 78 0 5247
16 40 1 5675
87 100 0 4428
59 34 1 8383
47 14 0 404
18 51 0 1401
91 79 1 8517
53 24 0 6991
85 11 0 9473
39 20 1 9619
75 86 1 3567
57 69 0 5825
1 99 0 9959
18 9 0 5275
3 78 0 9981
51 2 1 2873
92 42 1 2693
82 88 1 3168
61 3 0 1897
78 33 1 322
52 25 0 92
72 25 1 9431
30 2 0 6141
47 96 0 5029
74 65 1 1209
83 12 0 7747
18 43 1 3286
20 35 0 144
19 26 1 3848
46 81 0 9782
38 87 0 1921
67 72 0 157
6 62 0 9736
18 98 0 169
98 67 0 2768
16 80 0 525
57 18 1 7281
63 98 1 697
52 83 0 4751
8 41 0 5941
89 81 1 4711
65 25 1 3959
48 14 1 9490
43 95 1 9325
67 39 1 1737
27 87 1 9750
61 37 0 366
25 81 1 124
43 48 1 9097
91 97 0 754
70 53 0 1242
50 24 1 392
84 100 0 7236
70 44 0 9337
67 81 0 1489
61 91 0 5837
54 15 1 1250
88 40 0 7170
69 50 1 4303
74 90 1 8551
29 44 0 7558
22 14 1 6384
66 31 1 9312
71 76 1 8286
68 21 0 2358
100 23 1 3731
35 40 1 2200
64 63 1 8959
14 5 1 3835
92 39 1 3565
38 83 1 372
64 95 0 8607
97 51 0 6300
39 5 0 7963
46 25 0 6482
60 27 1 531
80 86 0 9553
93 59 1 1322
82 12 1 9743
74 21 0 1240
4 100 1 5338
31 18 0 6557
96 30 1 6771
5 32 0 3635
54 47 1 3685
34 63 1 3120
45 24 1 9226
17 88 0 9020
43 58 0 1224
59 83 1 3559
77 60 0 4327
77 37 1 4635
5 58 0 2826
57 1 1 3353
17 82 0 9231
71 82 0 2066
24 20 1 7451
10 25 0 6295
78 70 1 9023
67 9 0 9285
62 89 0 8886
73 54 0 8399
79 39 1 2749
31 73 1 7323
81 76 0 8597
5 46 0 2096
52 82 0 4243
71 62 1 2161
90 52 1 6598
82 7 1 574
84 57 0 7353
99 5 0 9661
83 25 1 3308
40 77 0 5141
24 64 1 6843
75 55 1 75
80 30 1 1776
5 17 1 9047
70 25 1 6711
11 65 0 7431
35 1 1 9512
98 65 1 7265
27 85 0 8813
66 47 0 3000
23 63 0 3664
93 98 1 8583
40 16 0 8451
19 9 0 407
13 82 0 1752
19 87 1 1918
87 52 1 9832
34 6 0 9978
32 24 1 4436
99 64 0 148
72 20 1 6597
82 84 1 9722
74 88 1 6868
8 20 0 9365
97 32 0 2600
30 94 0 4982
71 51 1 2593
1 3 0 3773
92 74 0 9718
8 62 1 7952
47 85 1 8422
17 23 1 5620
50 8 1 7009
30 26 1 32
93 6 0 9330
40 27 1 3330
3 8 0 4240
66 27 1 8448
60 53 1 4278
80 72 1 979
56 17 1 965
79 8 1 4610
27 1 1 5200
77 66 1 7100
76 47 0 4499
77 89 1 7039
93 53 1 6800
74 63 0 5604
92 7 1 2042
11 39 0 3374
72 61 0 3305
35 30 0 8548
86 72 1 3348
43 60 1 1680
22 60 0 5106
8 86 0 3901
60 17 1 2373
82 27 0 4714
70 78 0 445
92 26 1 4990
24 26 1 2979
55 87 0 8104
73 43 1 8201
1 18 0 281
24 69 1 2109
62 48 1 1186
54 78 1 7483
69 39 0 9845
78 73 0 6382
39 13 0 1584
75 10 0 5684
59 81 1 2727
21 67 1 2889
4 74 0 2840
61 48 0 4385
17 98 1 526
52 20 1 3758
40 46 1 7903
78 92 1 7872
73 41 1 5714
16 41 1 6118
59 82 0 3056
35 12 1 9456
5 93 1 7697
38 14 1 3933
85 74 0 1109
88 94 1 45
26 12 0 1547
11 26 1 1734
34 97 0 4237
76 69 0 1221
2 33 1 6616
73 30 1 6625
39 90 0 8794
71 90 0 4465
47 24 1 5368
65 34 1 9335
96 32 0 223
5 27 0 6253
39 60 1 9828
87 59 0 1823
53 4 1 690
82 61 1 5373
50 75 1 7208
46 69 0 3713
87 90 1 7043
9 65 0 5090
43 21 1 2231
95 4 1 6190
4 87 0 7383
81 3 0 8923
5 96 1 1788
88 89 1 3973
40 65 1 7786
19 72 1 8636
79 70 0 6457
17 13 0 4886
59 4 0 2050
86 28 1 4397
49 30 0 4101
10 50 0 9113
8 75 1 718
58 61 1 9027
10 68 1 3919
66 81 1 8540
23 6 0 9562
69 21 1 2599
89 10 0 4530
78 51 1 7748
42 51 1 2620
49 53 1 5688
8 66 1 9535
80 57 0 9024
29 22 0 1423
87 75 1 1036
2 94 1 5232
41 11 0 872
90 26 0 2484
88 25 0 8520
100 71 0 4654
90 51 1 962
14 3 1 6553
58 17 1 9156
75 43 0 3529
97 63 0 3612
40 74 0 4667
21 22 1 9659
46 3 1 3650
77 11 0 2180
20 44 0 32
18 6 0 8165
28 11 1 4771
42 95 0 559
92 60 1 8283
17 21 1 5821
87 81 1 9999
73 85 0 7947
78 65 0 705
79 18 1 2102
30 33 1 4828
11 89 0 1052
38 7 0 7491
10 14 0 6738
97 16 0 6397
77 100 0 1164
15 75 1 4696
41 49 0 3044
8 53 1 1194
48 38 1 4923
48 47 0 5676
52 90 0 6082
98 51 1 9303
75 92 1 9703
68 6 0 296
66 45 1 7834
47 68 1 180
44 86 1 639
11 71 0 5226
6 25 1 3418
64 91 1 6520
72 46 1 1087
69 99 0 83
6 45 0 4167
57 5 1 339
87 29 1 3218
47 87 0 1597
79 47 1 9269
31 45 1 4171
96 27 1 1360
33 12 0 5954
60 14 0 7672
31 54 0 8672
25 24 1 8289
9 83 1 5522
28 12 0 2149
68 38 0 6586
81 94 0 7198
71 40 1 9350
48 29 0 6309
3 83 1 9369
46 37 0 4213
22 62 0 7643
37 3 0 6276
99 39 1 888
44 27 1 2856
38 52 0 9307
70 79 0 5140
57 10 0 6162
59 52 0 5892
37 86 0 5478
12 97 0 4515
90 19 1 735
70 85 1 741
52 4 0 2252
87 88 1 7731
87 73 0 723
98 10 0 2325
79 90 0 9702
38 18 1 4112
7 74 1 4026
2 53 1 5920
16 92 0 1171
63 70 1 6397
74 47 0 857
67 10 1 1107
71 79 0 9592
56 22 0 7618
62 34 1 8804
39 65 1 5452
79 97 1 6281
87 86 0 9988
17 73 1 2715
26 23 0 2065
77 96 1 6072
64 24 1 7417
11 21 0 7024
44 29 0 8119
99 30 0 5296
53 67 0 8468
12 58 1 4831
94 21 1 1957
5 88 1 5699
86 9 1 8838
39 52 0 6142
93 30 0 5456
55 82 1 9749
28 55 0 5503
84 87 0 2643
10 17 1 8474
80 27 0 9211
79 73 1 7823
58 90 0 257
82 46 0 7171
44 35 1 855
72 48 1 7129
63 74 1 9993
49 7 1 3351
70 2 1 5773
12 81 1 511
51 11 0 9506
51 83 1 1988
57 25 1 5924
85 46 0 9475
83 69 0 5974
66 100 1 9074
79 24 1 2287
37 4 1 3599
68 63 1 9072
48 87 1 153
32 25 1 1800
21 87 1 8843
45 89 1 8432
10 43 0 2707
61 50 0 5506
10 63 1 5555
20 7 0 1123
85 69 1 5601
96 43 0 1062
47 30 0 6291
6 50 0 777
47 76 1 5803
84 24 0 896
24 32 0 6170
54 20 0 7148
36 27 0 7684
77 45 1 3268
86 59 0 7648
77 81 1 9258
22 86 0 867
72 78 0 7994
3 49 1 6408
79 29 0 369
61 9 1 2399
9 55 0 7239
32 40 1 2944
27 63 0 2455
97 75 1 1482
71 13 0 8723
45 46 1 605
64 80 0 4659
96 51 0 1435
74 41 1 8560
4 28 0 2129
85 72 0 6949
39 85 1 6702
68 80 1 1137
6 72 1 5641
48 79 1 266
19 39 0 4045
52 69 0 1544
21 75 1 4444
74 38 0 4723
37 8 0 7300
65 38 0 5217
42 17 0 6196
65 84 0 4027
7 19 0 8655
96 11 0 2940
66 10 0 2149
36 8 1 223
51 54 1 9733
50 7 1 117
87 99 1 9986
31 67 0 3216
62 40 1 4548
5 63 1 8684
89 17 1 3953
11 1 1 9036
24 27 0 5168
97 34 0 4206
38 65 0 9153
14 100 1 4734
52 49 0 7033
9 16 1 4716
74 13 1 8902
20 8 0 3713
24 63 0 3721
16 72 1 8799
55 52 0 7076
52 84 1 3094
88 19 0 756
82 15 0 9672
56 66 0 9114
56 28 0 7582
10 31 0 3012
40 69 1 4462
12 91 1 2685
32 34 1 3681
89 91 0 950
86 48 0 1512
78 54 0 6748
70 64 1 3219
6 16 0 4250
31 87 0 7025
44 80 0 9231
10 18 1 9578
93 73 1 3421
22 78 0 3006
1 79 0 2406
1 69 0 7494
8 85 1 3025
90 93 0 8009
59 24 1 2191
61 18 1 5343
35 59 0 3080
67 8 0 9816
90 5 1 7542
88 47 1 9420
36 38 1 9287
30 9 0 7055
87 76 0 9696
24 70 1 5181
99 26 1 2708
73 44 0 3193
81 83 1 5224
30 10 1 8080
47 12 1 7572
38 55 1 1607
32 69 1 9346
15 20 0 2761
32 31 0 5490
49 65 1 7499
52 17 0 4199
63 50 0 5582
92 10 0 6411
47 3 0 6524
57 11 1 7262
65 12 1 7777
92 22 1 5529
65 23 0 7559
18 90 0 959
16 27 0 268
43 15 1 851
57 75 0 1497
13 93 1 444
100 59 0 4790
73 63 0 7650
46 31 0 6310
51 26 1 1477
31 76 0 8298
12 57 0 5617
96 97 0 2947
85 48 1 814
59 70 1 566
30 19 0 6466
77 32 1 2175
55 64 0 8599
63 91 1 8017
23 100 0 8784
91 12 0 8767
58 71 0 2886
70 59 1 3166
97 46 0 9581
48 22 0 6019
95 27 0 2344
20 60 0 138
6 80 0 6725
1 81 0 9115
94 39 0 8553
32 73 0 5485
16 82 0 4082
85 83 0 4921
77 68 1 7844
81 1 1 884
33 16 0 9172
82 19 0 3777
51 53 0 3895
49 64 0 2982
39 41 1 6133
13 90 1 1866
35 47 1 2494
50 39 1 3180
5 43 0 4762
86 39 0 462
100 48 0 6570
60 9 1 4401
53 29 0 1785
10 65 0 1348
42 84 0 5558
22 40 0 7246
32 37 0 2097
46 62 0 3262
2 55 0 6476
80 92 0 9159
67 12 0 5844
73 7 1 4245
46 19 0 6153
83 79 1 4979
15 87 0 9513
11 90 1 4780
44 82 1 8513
66 78 0 2692
11 58 1 2151
71 98 1 8344
27 7 0 7655
49 55 1 2848
8 84 0 8089
18 48 0 3134
99 86 0 3645
89 70 1 4455
75 38 1 3229
74 86 0 7483
63 35 0 7499
25 32 1 569
90 67 0 7668
43 80 1 1758
7 80 1 2137
72 55 0 7107
36 55 0 6085
7 72 1 1091
63 34 0 5414
40 39 1 2654
43 90 0 2187
93 56 0 3551
64 8 0 4869
95 13 1 2802
13 88 0 1113
34 12 1 8205
81 34 1 6997
78 15 1 1751
75 98 0 6060
99 82 1 2962
20 25 1 1370
93 61 1 6433
64 54 1 8187
56 76 1 8370
99 83 0 4962
93 91 1 36
10 23 1 5607
82 26 1 1767
73 88 0 695
41 43 1 7565
18 72 1 9549
96 56 1 7560
61 8 0 8806
14 77 1 6807
63 11 1 8679
77 72 0 8769
91 83 1 451
2 5 1 3293
45 51 0 5331
11 28 0 4100
47 25 1 8598
4 96 1 8203
81 91 1 4662
9 8 0 2120
20 95 1 4555
65 6 1 9330
53 19 0 142
22 63 0 3377
84 88 1 9936
72 28 1 3122
16 45 0 8795
31 44 0 9214
57 35 0 3011
82 21 1 159
57 43 0 4714
74 25 1 9822
66 54 0 7663
9 45 0 7957
23 18 1 5415
35 51 1 324
64 33 0 1786
32 14 1 6853
57 37 0 4617
13 43 0 399
18 74 0 1497
89 41 0 1255
42 66 0 1819
67 48 1 6521
42 72 1 7434
9 38 1 618
38 53 1 4482
74 22 0 1583
2 44 0 4394
98 81 1 2165
18 42 1 1612
70 69 0 651
34 53 1 4763
96 21 1 2170
54 79 0 4485
87 94 1 2178
9 96 0 6559
87 60 0 8546
13 26 1 9607
11 66 1 5321
3 50 1 9079
54 24 1 5850
91 82 0 2081
78 93 0 2500
87 48 0 3409
6 67 0 2077
8 7 1 5558
16 79 0 2411
70 75 1 6418
60 78 1 2705
64 42 0 4571
62 97 0 3881
30 72 0 7662
71 37 0 3009
66 41 1 7068
20 69 1 7620
30 67 1 1253
5 18 0 4990
36 86 0 2557
100 68 1 9345
2 21 1 4454
49 75 0 5983
87 18 1 3631
5 55 0 5306
100 28 1 2978
32 87 0 624
72 34 0 1198
26 1 1 8315
78 10 0 1367
28 35 0 8295
31 30 0 2788
60 89 0 3238
6 19 0 5066
6 15 1 9229
73 75 1 4060
53 80 0 7143
87 67 1 2214
5 19 0 6145
67 25 1 949
34 51 1 2609
8 9 0 4124
24 81 1 6664
76 33 1 615
51 4 0 8090
48 44 1 1052
96 53 0 2541
100 9 0 2761
24 53 1 7928
46 86 0 1345
29 84 0 6349
75 71 0 9926
2 18 1 1210
100 88 1 4728
2 29 1 327
80 32 0 7120
93 15 0 80
50 34 1 8542
87 33 1 1249
88 71 1 5751
21 33 0 555
88 97 1 7147
94 88 1 6060
44 76 1 8357
3 17 1 4920
10 70 1 1485
26 42 1 6185
38 86 1 7732
48 71 1 4882
14 16 0 3235
98 74 1 6483
72 62 1 4729
50 83 1 498
7 36 0 7728
66 2 0 3279
61 52 1 38
66 42 0 1417
14 59 0 6221
62 83 0 761
36 32 0 4962
75 9 1 5695
7 75 1 2263
37 93 0 2543
35 42 0 3961
66 50 0 9857
68 26 0 3964
68 57 0 9490
85 86 0 6608
16 31 0 6802
94 71 1 5683
20 26 0 9886
95 44 0 4311
58 56 0 8198
3 29 1 3890
11 32 1 2817
21 29 1 4848
38 42 0 6207
5 6 1 8695
69 64 0 9167
45 86 0 6666
12 9 1 9779
98 52 1 3734
87 39 0 7715
64 79 0 2284
56 45 0 4358
11 62 0 9695
75 1 1 1559
92 87 1 2031
99 56 0 3826
21 43 0 7258
59 69 0 906
51 87 0 6041
2 32 1 5569
59 7 0 6514
12 25 0 1091
65 50 1 9827
70 72 0 4733
15 39 1 4649
58 26 0 5133
60 86 1 8665
9 24 0 5537
7 34 0 6131
46 88 1 893
37 69 1 8586
2 81 1 8565
73 47 0 4286
64 40 0 970
59 43 0 9892
33 29 0 3521
35 44 0 1239
32 100 0 2588
83 86 1 3815
50 81 1 6531
32 76 0 1989
49 19 0 3178
90 88 0 6716
13 1 0 1077
79 66 0 2224
27 45 1 808
18 89 0 3503
48 35 1 6547
65 52 1 1130
14 55 0 2288
40 4 1 1930
79 35 1 8740
53 79 1 90
24 51 0 6552
78 32 1 2749
36 3 1 4237
70 26 0 7368
72 52 1 6989
22 42 1 3728
78 80 0 4736
56 34 1 1971
2 1 0 8451
30 51 0 3331
65 95 1 2655
72 68 1 2357
91 24 0 989
39 44 0 103
82 57 0 1638
34 18 1 4024
74 35 1 7054
10 38 1 3514
17 39 1 7252
60 84 1 9458
27 18 1 2727
1 38 0 6341
94 92 1 9119
93 9 1 8742
37 42 0 6904
91 34 0 3758
80 12 0 1624
34 95 1 6941
57 82 1 4057
18 11 1 1698
87 48 1 8565
4 37 1 1619
58 36 1 182
43 72 1 9425
45 56 1 8336
28 7 0 1879
47 100 1 7736
8 36 1 4921
31 4 0 9237
77 21 1 5748
39 43 1 3002
74 83 0 7930
100 58 0 2962
29 8 1 9366
52 76 1 8525
58 50 1 6060
16 95 0 5845
24 55 0 4733
67 44 1 3069
17 64 0 5914
33 56 0 5412
73 79 1 8951
16 15 0 7008
8 82 0 164
96 34 1 2868
38 40 1 8012
35 24 0 8781
88 16 0 9783
2 93 1 9336
14 4 0 4756
16 9 1 1313
55 14 1 8146
5 20 0 7586
62 27 1 2968
86 58 0 8361
89 60 0 5669
82 29 0 1214
49 5 1 1445
91 78 1 6578
46 100 1 2029
75 89 0 9076
84 43 0 9524
76 29 0 6670
53 74 1 621
93 95 0 8567
21 52 1 2513
81 53 1 9271
95 97 0 9171
1 67 0 9869
9 89 0 6640
83 58 0 6968
95 67 0 5574
36 50 0 5808
59 61 0 5872
11 22 0 9735
25 22 0 8197
64 62 0 3686
28 32 1 1632
1 87 0 8791
1 29 0 9251
45 61 0 727
50 10 0 5200
39 23 1 276
61 43 0 3251
66 13 1 764
33 88 1 3862
9 69 1 4710
31 26 0 3428
35 15 0 8336
82 72 0 7258
31 29 0 4355
87 26 1 3632
75 93 1 8017
51 64 0 6762
58 72 0 5750
78 58 0 3399
52 38 1 3881
62 18 0 3715
71 41 0 1730
73 93 1 4629
82 55 0 9762
99 37 0 1602
15 4 0 3360
41 77 0 5455
21 53 1 8551
56 71 0 1346
61 75 1 1761
11 6 0 6985
90 3 1 8257
35 67 0 7267
22 50 1 6934
7 32 1 3155
50 36 1 885
14 36 1 7028
86 45 0 5077
50 15 0 7657
76 35 1 3944
63 3 1 9466
44 40 0 3755
76 39 0 1457
45 42 0 8107
18 16 0 79
33 70 1 9844
68 7 0 594
97 18 1 8358
69 18 0 2324
35 6 1 15
67 91 0 685
8 59 0 7694
48 39 0 8360
58 65 1 9884
52 56 0 4841
7 10 1 6750
53 15 1 9901
92 69 1 6702
77 98 1 9611
38 56 1 2870
35 9 1 193
37 94 1 4269
60 22 1 4946
39 42 1 5804
45 79 1 6295
89 56 1 8481
80 28 1 2037
39 28 1 8272
49 6 0 960
14 80 0 3765
8 1 1 9056
4 10 0 329
80 45 0 8064
8 71 0 3740
65 18 0 3583
3 32 1 5272
89 32 0 7748
20 48 0 5248
17 87 1 8690
66 3 0 568
54 59 0 9047
63 46 1 6334
34 90 0 5604
31 95 0 9597
43 76 0 8545
97 36 0 1141
31 58 1 4066
45 21 0 4660
24 29 0 4554
64 97 0 656
69 67 0 5147
81 27 1 4131
96 90 1 2850
51 9 1 797
80 16 0 8326
84 31 1 1258
30 47 1 2968
96 98 0 8168
47 1 0 3368
50 14 1 4821
8 90 1 3278
95 57 0 7900
98 35 1 9174
4 88 1 235
100 50 1 7971
20 65 1 2337
84 18 1 7996
50 96 1 6923
50 97 0 1950
15 43 1 8288
52 40 0 8848
6 41 0 9270
84 72 1 6156
34 43 1 9517
47 48 1 786
95 81 0 9442
64 94 0 385
61 79 1 3575
62 93 0 3410
28 9 1 9946
2 64 1 2921
83 27 1 390
41 65 1 4517
13 77 0 4339
2 8 1 2974
35 98 0 5489
74 56 0 7542
97 1 1 9072
71 14 0 897
42 10 1 8678
16 42 0 526
40 48 0 169
99 12 1 409
2 67 0 441
9 22 1 1106
49 32 1 3103
25 85 0 5083
27 36 0 7654
20 92 0 9591
92 73 0 6033
6 55 1 7020
9 42 1 8742
63 87 1 9725
82 32 1 5167
28 86 0 5134
51 20 1 1469
21 83 0 797
32 4 1 611
64 47 1 4050
11 99 0 9499
91 87 0 6360
58 100 1 9396
98 14 0 3341
64 13 1 1
94 80 0 3609
46 76 0 9193
97 22 1 6240
11 8 0 8329
87 64 0 7302
24 23 0 2254
38 1 0 7573
78 7 1 8634
75 76 0 1213
23 24 0 8669
92 56 0 8542
13 96 1 665
40 67 1 281
31 88 0 8267
57 59 1 4426
47 37 1 6782
34 99 1 709
72 98 0 2845
16 30 1 4718
25 19 1 2397
53 27 0 3915
57 84 0 1870
80 63 0 1155
88 38 0 2280
30 70 0 4340
64 43 0 3524
76 67 0 8476
53 8 1 6455
8 93 1 9336
76 100 0 3435
7 49 0 3990
93 65 0 6652
29 45 1 5760
77 74 0 2390
66 35 1 7202
33 27 1 9049
50 87 0 2461
67 75 0 2505
65 11 0 7902
41 21 0 4789
49 15 1 8676
8 97 0 6275
39 49 0 9273
78 72 1 6863
25 7 1 9054
17 49 0 6501
11 41 0 2081
58 40 0 5958
9 49 1 5815
66 30 1 7895
27 54 0 1992
28 36 1 4892
60 96 0 1962
22 53 0 4874
56 13 0 295
14 41 1 4916
39 86 1 5923
38 15 1 8672
21 84 0 5511
20 12 1 7080
59 87 1 4951
56 7 0 5141
16 96 1 6460
15 26 0 1957
38 44 1 1115
76 86 0 6920
26 67 0 1878
49 69 1 9294
5 62 1 923
31 52 0 8243
59 1 0 5113
99 14 1 7337
57 98 0 6686
95 45 0 6294
10 46 1 8887
39 81 1 3344
64 70 1 8870
1 70 0 1506
6 98 0 1652
48 4 1 7695
71 12 0 197
44 64 1 6556
19 18 0 6162
72 30 1 2761
14 53 1 2655
99 55 0 864
14 46 0 2191
56 15 1 6528
75 95 0 7170
24 1 0 2962
91 26 1 1030
66 68 0 4335
30 98 1 2362
78 63 0 858
44 60 0 2664
52 67 1 6045
44 24 0 5395
20 50 1 2771
71 65 1 7699
75 39 0 9748
6 49 0 7786
40 31 0 4083
96 33 1 4914
59 56 1 4021
11 47 0 8981
28 39 0 7795
63 39 0 1182
2 30 0 9409
69 77 0 2019
18 28 0 8885
69 89 1 4872
19 97 0 7484
89 58 1 7422
36 11 1 7311
56 39 0 8735
42 63 0 7333
39 98 1 4493
57 32 0 1851
66 73 0 8500
69 95 0 6233
98 11 1 5601
82 70 0 9389
98 75 0 1805
70 55 1 6664
23 74 0 6935
15 35 1 7985
25 96 0 7602
84 16 1 2051
19 12 1 7019
70 82 1 570
53 23 1 7771
69 81 0 8585
57 78 0 6978
15 64 0 3747
53 68 1 9838
34 52 0 3376
58 86 1 8387
81 31 0 8952
60 37 0 1529
100 64 0 3367
89 87 1 9274
6 47 0 1478
29 83 0 6304
92 27 0 3290
3 5 0 2688
43 69 0 9505
49 36 1 9850
39 10 0 7136
2 59 1 1390
51 58 1 4142
86 24 1 561
90 55 0 371
84 55 0 1070
16 83 0 3125
23 64 0 4918
83 14 0 8936
84 17 1 8017
1 95 0 515
98 69 0 9871
98 9 0 8315
54 39 1 9816
50 28 1 7106
36 51 1 2315
13 65 0 1837
74 2 0 6321
81 23 1 8021
85 26 0 781
23 47 1 9463
92 1 1 1092
48 80 0 9856
100 46 1 1000
3 96 0 1545
10 60 1 3070
42 9 1 6494
51 10 0 2770
52 73 1 8815
22 61 1 5288
95 36 0 9976
33 45 1 6634
34 57 0 1061
13 48 1 1507
84 38 1 6904
93 24 0 1180
24 42 1 4338
5 2 1 6293
79 57 0 8646
44 97 1 8389
42 69 0 1300
90 63 0 4548
1 45 0 6988
21 85 0 3100
51 79 1 5292
33 74 1 1946
46 10 0 4310
89 65 1 6469
94 72 0 1660
8 27 0 8373
75 44 0 5959
4 55 1 8559
41 60 0 5392
70 86 0 2997
98 54 1 6558
71 100 1 46
28 94 1 1939
35 70 1 2358
41 1 0 6127
77 99 1 1327
45 96 0 8473
48 85 1 2367
23 83 0 4118
66 59 0 1691
6 90 0 5120
28 20 1 7309
73 62 1 1740
30 93 0 5610
7 39 1 800
36 75 0 6471
56 9 0 6474
78 22 1 9801
64 17 0 2947
79 95 0 159
76 22 1 1508
17 37 1 7066
79 48 1 7363
29 57 1 7864
62 41 0 2563
28 37 1 1186
61 100 0 3013
97 76 1 5994
43 53 1 3037
73 53 1 1539
38 99 0 5920
47 36 0 2989
8 70 0 621
57 93 1 711
3 95 1 7866
51 94 1 5283
53 5 1 8668
50 4 1 9953
10 81 1 9834
86 63 1 246
38 32 0 2860
92 32 1 3864
11 78 1 9003
80 39 0 8889
24 12 0 5565
10 53 1 4275
4 35 1 4873
8 76 0 9400
100 99 0 3375
61 60 0 4797
89 11 1 5254
54 83 0 7366
76 42 1 5428
56 59 0 905
85 79 1 3406
62 44 0 1029
9 39 0 2659
22 84 1 3514
93 26 1 9381
69 49 1 6233
58 70 0 4607
79 58 0 1915
92 78 0 7044
41 83 0 8846
36 23 1 2323
78 38 1 364
29 59 1 4040
56 85 0 6124
20 81 1 2769
65 10 0 7859
34 66 1 2144
40 97 1 2123
3 59 1 795
55 60 1 7181
69 100 0 696
63 94 0 8850
45 57 1 7303
100 24 1 3136
36 77 0 2565
69 16 0 6223
98 38 1 9282
70 62 1 6661
70 61 1 2054
37 43 0 4270
16 60 0 7060
1 11 1 6470
66 26 0 2405
22 94 1 5011
67 14 1 3078
59 93 1 2842
40 60 0 9095
40 37 0 4683
92 62 1 8376
6 59 1 9197
100 47 0 932
38 30 0 2754
68 27 0 3117
83 64 0 1430
73 46 0 6828
100 44 1 4723
22 54 0 7601
72 50 0 2828
90 83 1 5330
56 29 0 3528
61 70 0 858
9 84 0 2161
60 66 0 8672
7 91 1 8566
23 92 0 8993
39 15 1 1829
98 36 0 386
35 55 0 5078
26 69 0 2672
89 75 0 3158
19 91 0 5282
61 64 1 1014
26 65 0 9566
1 62 0 1359
36 39 0 8220
6 1 1 6070
76 45 0 3853
42 74 1 674
58 43 1 9156
98 84 0 9268
91 68 1 9250
38 73 1 9451
16 2 0 8383
81 66 0 3759
55 75 1 2194
69 74 1 1677
27 50 1 5690
34 94 0 6863
8 38 1 7203
93 39 0 822
47 6 1 9093
28 70 0 2510
35 65 0 329
30 57 0 9155
6 64 1 8810
47 22 0 2636
5 72 1 9810
2 7 0 6809
41 52 0 3838
73 99 1 805
82 14 1 3201
88 10 0 3132
48 46 0 8493
55 39 1 2796
73 24 1 9560
21 92 0 6674
99 76 1 4349
29 78 1 5565
100 78 0 522
35 56 1 2051
77 1 0 8694
92 81 1 6336
39 58 0 7208
91 72 0 8367
54 67 1 2781
63 48 1 5153
94 12 1 422
79 94 0 4570
79 9 1 2908
18 54 1 8130
21 25 1 4137
52 75 0 4516
26 83 1 8324
14 73 0 7722
99 19 0 223
69 7 0 5342
69 66 1 4219
67 87 0 187
50 45 0 6629
42 26 0 4573
98 80 0 4688
63 56 0 1328
12 86 1 4611
20 73 1 2969
96 4 0 6922
79 31 0 7465
90 79 0 8376
64 18 1 8959
38 10 0 4536
33 47 0 7130
54 19 0 3607
17 61 0 9378
19 23 1 4155
4 97 0 5847
42 87 1 8903
24 66 1 2845
19 65 1 5959
5 39 0 7628
99 43 0 58
3 19 1 3738
16 50 0 6601
66 17 1 2237
5 91 0 2057
99 66 1 7330
98 6 0 5199
52 58 1 3805
65 54 1 8281
48 77 0 3806
66 51 0 9613
39 8 1 8555
13 49 0 8324
57 64 1 956
67 85 1 5202
64 31 0 42
66 99 1 3249
36 99 0 6015
9 10 0 6132
23 98 0 6295
9 63 0 9473
29 56 1 9115
21 60 1 6827
26 36 0 4052
67 77 0 9317
99 23 1 9188
1 96 0 7356
91 96 1 4468
76 4 0 9584
50 1 1 629
42 11 1 2748
28 57 0 4446
33 31 0 7831
16 43 0 1969
15 71 1 4108
91 80 1 4245
53 84 0 596
55 44 0 8300
51 19 1 3385
37 98 1 305
25 64 1 7937
27 9 0 9240
61 34 0 8234
43 24 0 7151
7 62 0 8335
87 56 1 892
20 6 0 2731
42 67 0 2580
77 4 0 5315
36 42 1 6487
70 45 0 8639
2 58 0 8602
65 68 0 4040
9 79 0 6340
100 94 1 4153
96 100 1 6532
1 15 0 5512
4 90 0 5963
12 87 0 3785
70 51 0 2903
98 45 1 5391
1 77 0 5160
49 8 0 8128
47 79 0 3819
1 71 0 5303
11 86 1 4235
90 77 0 5558
56 83 1 8396
31 55 1 1243
65 99 0 6401
67 30 0 5559
8 100 1 3926
81 25 1 3081
58 16 0 1093
96 63 0 6928
95 64 0 4225
16 74 0 6845
35 19 1 8787
78 94 0 5317
58 34 0 5180
82 20 1 186
85 13 1 9231
68 18 0 3665
45 54 0 4605
64 75 1 5079
89 78 0 760
30 44 0 5174
31 32 0 5265
34 13 1 459
76 6 1 4959
72 36 0 8224
7 67 1 1751
41 69 0 7023
61 20 1 2053
100 98 0 8367
45 50 0 7321
45 32 1 5391
84 94 1 9152
52 32 0 3719
39 72 0 823
28 85 0 4144
93 46 0 9777
7 20 1 6380
63 73 0 397
1 13 0 901
52 80 1 2165
83 89 1 6851
39 32 0 4960
73 42 0 3823
76 28 1 6210
9 58 0 8455
90 66 1 9563
36 18 0 461
22 9 1 7217
96 42 0 4436
28 75 1 9196
37 13 0 7936
90 12 0 5352
26 93 0 2241
13 94 1 7168
60 73 1 4038
83 98 1 7029
27 2 0 5742
1 34 0 5479
60 67 1 5898
38 28 1 3504
49 33 0 7323
1 2 0 5426
31 85 1 6429
93 5 1 5614
64 28 1 9142
84 71 0 7459
44 78 0 6010
78 97 0 8382
64 73 1 7406
22 20 0 1076
60 76 0 1435
33 51 1 3440
51 86 1 265
7 13 0 4319
92 86 1 4198
83 77 0 5632
51 46 0 7770
96 1 0 1396
67 40 1 1959
36 66 0 5648
60 20 1 7250
33 60 0 778
7 47 0 2363
48 67 0 7048
69 14 1 1742
94 78 1 2338
24 35 0 9160
1 56 0 5964
54 37 0 1273
57 15 1 8569
95 61 1 262
91 38 1 4340
75 84 1 2275
56 67 1 237
74 12 1 6736
3 99 1 3564
17 6 1 3123
39 27 1 5054
30 79 0 9809
31 65 0 2351
51 13 1 9241
13 52 1 6719
33 53 0 3605
43 56 0 1602
61 10 1 3608
79 33 0 6939
6 96 1 2795
61 4 1 1398
94 11 1 7019
98 92 0 1282
55 77 1 7454
27 88 0 5734
53 10 1 1407
23 97 0 1958
27 59 1 9255
10 39 1 6832
62 86 0 951
98 62 1 679
86 56 0 3643
37 9 0 287
19 8 1 2295
5 95 1 4368
88 20 1 7141
76 79 1 7290
6 20 1 2921
86 22 1 5727
78 11 0 5222
68 90 1 108
87 17 1 389
7 33 1 6826
34 87 1 5519
53 25 0 6979
65 55 0 9530
68 8 0 4860
46 2 0 4862
62 82 0 8652
71 42 1 1204
94 58 1 1276
1 78 0 9357
82 51 1 3783
61 42 1 3818
14 11 0 6287
22 47 1 3822
98 99 0 4775
8 54 1 1792
42 96 1 4142
6 40 1 8544
33 82 0 9177
92 97 0 5025
57 85 0 9872
88 29 1 4113
87 5 0 4979
5 81 1 275
60 48 1 8359
18 96 0 4241
4 64 1 5433
17 51 1 2610
30 31 0 6115
58 78 1 2180
84 45 0 8215
35 16 1 2990
31 64 0 8130
4 48 1 1697
94 74 1 739
55 41 0 3279
9 53 0 6190
39 19 0 6452
58 6 0 4271
90 9 1 4309
18 14 0 3480
36 78 0 9477
85 3 1 5541
23 61 1 3966
51 62 1 2845
27 96 1 6838
38 90 1 4723
98 55 0 7825
26 96 0 8218
24 41 1 7004
52 31 0 4490
26 41 1 8196
65 85 1 7513
41 53 0 7178
71 68 0 621
35 7 1 289
50 95 1 7000
16 67 1 8727
89 95 0 9054
100 34 1 6530
83 3 1 276
25 57 0 5534
48 40 0 9144
76 64 0 8776
74 5 1 7974
35 48 1 7718
2 80 1 6538
7 9 0 7549
95 86 0 8981
64 39 0 4537
81 6 1 6617
40 47 0 5090
61 14 0 6194
67 63 1 4522
41 91 0 3824
42 71 1 8143
69 1 0 8488
70 42 0 9269
91 57 0 6727
81 79 0 2176
60 93 0 8692
66 20 0 1291
58 15 1 8647
24 18 1 9836
65 57 0 9258
61 35 1 2300
76 41 1 6973
56 3 1 3275
43 40 1 3960
65 53 0 9912
84 61 0 1209
59 27 1 8874
22 13 0 1714
26 78 0 3013
52 42 1 5858
30 40 0 1972
63 13 0 7500
20 77 0 6945
100 75 0 5857
43 16 0 5165
85 98 1 9644
74 44 1 3733
17 14 0 1236
26 28 1 5699
70 31 0 6782
99 77 0 3255
44 42 0 9487
57 99 0 6452
51 74 1 7991
25 38 1 3126
73 27 1 9168
18 56 0 946
43 32 1 9068
65 78 1 5916
57 76 1 6845
82 45 0 8710
8 29 0 4164
43 75 0 7606
94 56 0 9490
37 99 1 2702
24 16 1 227
3 37 0 7439
15 18 1 6695
26 11 1 1578
59 74 0 2623
65 9 0 6911
15 9 1 8238
73 57 1 261
56 87 0 2721
56 40 0 8749
97 94 0 7912
63 100 1 8251
30 18 0 420
93 64 0 5653
2 92 1 2155
65 48 1 9302
10 28 0 8459
10 89 1 3335
32 8 1 3008
27 24 1 9652
56 82 1 306
75 29 0 9546
93 28 1 9422
90 69 1 9701
48 28 1 325
72 96 0 3199
10 32 0 6166
49 79 1 460
69 46 1 9520
79 74 1 4472
80 68 0 3144
89 23 0 2284
70 5 1 6237
41 90 0 4670
21 12 1 2185
59 64 0 8530
68 79 0 1611
4 17 1 8622
1 30 1 1019
3 16 1 3034
7 3 1 176
11 67 0 4379
36 7 0 2383
80 8 1 6883
2 99 0 5949
88 36 0 6634
82 37 1 632
38 27 1 1187
9 13 1 4807
18 52 1 1734
78 39 0 1018
26 77 0 6787
12 76 1 6207
53 59 1 3400
7 99 0 4550
50 93 1 6975
79 89 1 6835
12 7 0 8237
3 70 0 5076
69 25 1 225
3 82 0 6536
72 90 0 4577
36 72 1 7267
76 60 0 4838
68 70 1 8279
41 97 1 4280
35 38 1 1523
30 69 0 6560
7 71 1 8863
42 25 1 3427
61 28 0 4095
12 90 1 4459
81 29 1 48
92 8 1 4436
27 11 1 8380
1 28 0 5227
35 71 0 6560
72 21 1 6962
47 11 0 8711
81 35 1 7936
94 82 1 3161
54 26 1 3532
67 96 1 9973
90 41 1 7379
74 64 0 9594
90 48 1 8495
64 86 0 8910
13 40 1 8396
60 49 0 9613
23 80 1 3867
43 2 0 2104
80 24 0 7479
89 44 1 8473
49 42 0 1354
71 4 0 4655
64 7 1 2033
37 96 1 430
97 25 0 792
11 72 1 764
17 81 0 6070
84 91 1 5805
25 56 1 5465
17 85 1 3065
86 91 0 12
68 83 1 4848
73 6 0 4288
31 35 1 203
90 14 0 5235
42 37 1 7385
87 83 1 4058
81 18 1 9067
69 23 1 1417
38 25 1 9575
17 33 1 2686
22 29 0 7685
68 46 1 7821
94 49 1 2582
72 58 0 5862
21 45 0 5501
35 27 1 6001
20 40 0 9297
46 66 0 6363
34 49 1 6685
83 44 0 5141
33 34 1 393
28 71 1 3103
97 17 1 9994
97 15 1 2805
54 77 0 398
15 17 1 6
34 80 0 3944
57 27 1 8785
83 45 1 8634
52 1 0 2946
64 68 0 7948
69 3 1 9020
62 37 1 2772
59 80 0 5298
87 27 0 6348
34 27 1 3043
84 26 0 1750
2 28 1 8039
48 65 0 1459
93 54 1 4588
29 26 0 1062
75 100 0 194
91 64 0 8090
39 38 1 2901
16 22 0 5219
89 73 0 2162
36 94 1 1799
46 23 1 8491
66 95 1 4754
1 46 1 9828
38 43 1 5141
53 6 0 5913
5 80 1 4031
5 66 0 4951
92 49 1 8814
4 94 1 8322
83 67 1 5260
38 62 0 2749
17 36 1 4188
23 17 1 6638
43 52 1 1163
98 82 1 5078
89 47 1 8482
28 95 1 6080
100 35 1 7666
62 74 1 9395
14 68 0 6427
37 51 1 2274
21 9 0 5748
59 21 1 8117
4 11 0 6088
16 89 1 4408
7 98 1 9558
16 86 0 9552
74 16 1 5089
87 62 0 5403
29 5 0 9598
8 37 0 3339
70 88 1 4706
9 12 1 3208
47 31 1 3726
71 77 0 3303
77 86 1 7321
12 23 1 7149
37 89 1 3442
1 58 0 287
61 30 1 5751
37 14 1 3801
87 37 0 6226
42 73 0 5989
58 19 0 5638
26 8 0 9362
13 10 0 5123
49 11 0 3760
58 66 0 4383
80 67 0 9504
48 36 0 2547
39 68 1 9213
74 29 1 1220
67 2 1 9110
23 28 0 7915
42 22 1 2171
41 5 1 188
90 71 0 8408
44 75 0 7787
29 28 0 5452
22 58 0 6611
93 44 1 8965
63 12 0 4758
88 80 1 9327
63 30 1 6105
11 95 0 5738
87 93 1 3757
49 52 0 6358
61 65 0 4477
82 4 1 4756
39 46 0 1501
11 9 0 5598
98 93 1 9023
93 68 1 2432
48 34 1 8348
26 25 0 5599
100 25 1 9868
8 83 1 8634
24 30 1 2599
37 31 1 8463
84 97 1 436
58 1 0 5254
25 9 1 4415
46 93 0 9918
40 76 1 9686
68 62 0 1703
63 82 1 4324
57 6 0 1646
76 66 1 5321
9 7 0 2416
11 38 1 1027
11 31 0 2010
13 74 0 5709
69 42 1 6290
34 46 0 3045
11 96 0 1705
11 82 1 7817
53 57 0 5819
33 90 0 4578
17 42 0 7158
66 91 0 3395
55 13 0 7108
97 79 0 3432
46 83 1 2490
16 53 0 3303
97 44 0 5899
18 95 1 3131
35 60 0 136
34 47 0 6089
98 18 1 6176
67 42 0 2057
88 90 1 6209
49 13 1 1302
72 63 0 2751
43 65 1 5100
69 22 0 1264
58 7 0 9143
53 26 0 4133
35 64 1 1016
38 84 0 6880
55 58 0 6281
54 74 1 5948
97 35 1 7165
41 42 0 3624
95 69 0 2307
30 99 0 6346
80 33 0 1579
71 32 1 8781
14 84 0 3216
33 52 0 416
99 42 1 5751
17 77 1 2062
49 25 0 2459
52 14 0 4405
2 90 0 2065
68 91 1 6
45 25 1 7610
68 3 0 2710
19 60 1 6029
95 50 1 7439
72 35 0 5213
79 27 1 7701
87 77 1 9460
3 81 1 2814
20 79 0 6193
53 1 1 5859
88 28 0 8983
14 29 1 9856
27 48 0 3343
37 71 1 1766
24 85 0 4506
55 79 0 4960
78 19 1 9831
28 79 0 4355
1 8 1 732
32 75 0 3090
90 38 1 5096
76 40 1 2977
90 32 1 2565
86 82 0 6634
21 97 1 891
95 7 1 3560
70 46 0 7386
37 47 1 2132
88 56 1 8232
95 38 1 9694
98 4 1 9174
69 54 1 7819
56 18 1 6877
69 52 1 9542
29 79 0 6514
91 74 1 7073
54 95 0 8651
87 34 1 5391
96 83 1 7541
94 81 0 1609
6 54 0 931
56 63 1 937
17 46 0 5126
45 29 0 6797
68 78 0 2906
68 56 0 1521
7 14 0 622
88 69 0 1713
24 82 0 8320
3 13 1 9530
44 99 1 6298
60 28 0 185
88 86 1 6336
15 69 0 2696
6 78 0 3236
3 9 0 2548
60 90 1 3585
46 78 0 3665
28 15 1 2952
69 72 1 9667
66 25 1 7785
97 92 1 6987
84 83 0 4841
66 1 1 7176
22 71 1 7085
54 99 1 9100
84 62 0 9718
48 32 1 9957
38 98 1 6757
14 75 1 5931
81 99 0 457
41 59 0 1170
98 59 1 8215
30 66 1 553
33 25 0 8504
53 35 0 9088
11 69 1 4172
58 21 0 7252
53 91 1 1413
77 22 0 3561
18 32 0 7908
6 38 1 9584
24 80 0 3385
10 56 0 7894
3 21 1 6512
36 5 1 8620
89 82 0 8835
38 100 0 4753
67 94 0 1100
97 62 1 2919
44 45 1 2360
33 87 1 4050
55 94 1 7594
64 99 1 5730
4 79 1 4643
24 38 1 1348
74 26 0 4520
97 82 1 2794
96 48 0 3648
71 6 1 6027
82 33 1 3318
100 76 1 7361
37 19 0 2945
15 2 1 1882
70 99 1 9098
10 62 1 8678
34 7 0 452
23 79 1 3743
44 37 0 2092
48 92 0 2395
58 69 1 9772
21 17 1 147
97 69 1 5788
90 6 0 4229
41 56 0 4475
61 81 1 5816
30 56 1 6871
65 72 0 3833
12 79 1 2626
8 49 0 6188
93 84 1 9841
90 92 0 962
34 84 0 6242
91 77 1 3946
14 39 1 90
74 97 0 8613
15 74 1 9105
4 59 0 4165
88 74 0 8039
99 16 0 9277
47 51 0 5353
96 62 0 9558
77 49 1 3249
44 12 1 742
25 95 0 569
80 62 0 6920
46 11 0 3735
13 14 0 7914
65 7 0 441
67 79 1 3356
26 32 0 7644
96 94 0 2375
56 75 0 725
26 19 0 137
95 35 0 6789
73 32 1 4265
57 95 1 4185
54 96 0 4599
12 38 1 9381
68 69 0 2901
31 20 0 5732
68 12 0 9776
24 49 0 9152
54 65 1 7448
56 96 1 4854
65 87 0 4503
55 47 0 4660
15 41 1 2127
6 97 0 3162
30 23 1 4082
15 86 0 3701
55 80 0 4246
28 33 1 5963
33 23 0 8625
72 15 0 2974
40 21 0 6689
79 23 0 5924
72 33 0 7968
95 80 0 1822
5 15 1 5473
11 100 1 6440
10 94 0 8221
55 50 0 135
10 22 1 121
20 4 1 5927
63 8 0 1753
72 49 1 4981
57 4 1 7447
14 49 1 1124
95 40 1 6955
70 36 1 3525
76 46 1 9188
25 50 1 2694
35 29 0 8442
18 63 1 7304
71 54 0 2155
40 88 0 262
31 37 0 4372
51 30 1 9351
30 81 0 7684
37 29 1 3131
9 31 0 1755
22 95 0 4422
11 94 1 9764
78 77 1 757
84 13 0 8318
93 40 1 8374
93 7 0 2958
99 60 0 605
97 6 0 8743
13 72 1 5926
61 44 1 2328
33 91 1 9852
90 39 1 2401
88 8 1 726
4 7 1 8732
6 26 0 5714
65 73 0 6451
64 15 1 8129
21 64 1 586
97 24 0 6115
21 77 1 2902
32 38 1 519
22 85 1 7490
98 96 0 8194
87 11 1 9650
19 13 1 1842
1 26 0 648
17 68 1 9646
9 62 1 8242
5 54 0 6796
3 45 1 4557
80 22 1 8717
45 16 1 7518
37 73 1 6600
5 31 1 1855
37 81 1 7225
37 2 1 658
75 50 0 5922
7 56 0 8957
60 70 1 2716
98 78 1 6787
88 72 0 4629
95 9 0 7912
72 64 1 3475
49 68 0 1397
17 58 1 8336
50 21 1 1333
35 3 1 7339
45 36 0 4514
4 34 0 4122
4 91 1 1900
21 57 0 8946
86 88 0 9494
95 11 0 9469
66 84 1 8142
84 76 1 5895
27 9 1 1338
100 2 1 6699
23 38 0 9064
14 9 1 6364
90 47 1 2976
81 55 1 5461
35 8 1 7331
10 40 0 3415
89 22 0 5698
11 53 0 953
88 53 1 3829
22 37 1 7196
85 20 0 7758
24 10 0 1149
37 23 1 1558
60 41 1 1527
59 35 0 8650
36 65 0 4380
89 67 0 1121
63 38 0 9077
14 66 1 7703
26 44 0 2872
69 60 1 8167
35 78 1 2600
85 97 1 6475
3 57 0 3532
37 50 0 8584
81 98 1 8768
20 23 1 9760
70 34 1 212
75 69 0 1958
79 54 0 1846
95 31 0 2731
63 85 0 7691
40 51 1 9286
70 21 1 3668
43 49 0 3583
30 65 1 494
84 78 1 8162
8 69 0 1181
25 29 1 4203
25 60 0 9067
49 41 0 7199
89 66 0 7663
48 76 1 7144
1 53 1 3282
92 51 1 9428
92 30 0 2120
67 97 1 177
80 13 0 5357
22 38 1 1948
53 34 1 7410
1 52 1 4815
61 55 1 1286
67 76 0 7646
66 77 0 4680
59 51 0 9402
41 71 0 545
38 92 0 5356
60 15 0 801
37 1 0 2537
10 80 0 9105
38 79 0 4156
74 37 0 4089
86 77 1 3467
9 33 0 2973
100 61 1 4966
71 78 1 7168
98 89 0 5286
17 99 1 8315
69 93 1 4574
15 62 0 8459
6 11 0 6461
24 43 1 3149
82 31 0 7722
70 12 1 1685
95 100 0 9287
2 60 0 1206
77 42 0 3769
55 100 1 5031
62 94 1 2151
33 43 1 8816
6 74 1 5072
29 86 0 1317
37 5 0 5430
48 16 0 462
43 35 1 4696
77 13 1 8145
95 24 0 7660
30 5 0 2023
54 35 1 918
62 38 1 3697
54 13 1 9530
51 31 0 493
46 74 1 267
65 3 0 9505
23 49 0 4837
6 95 1 8614
79 68 0 9316
63 23 1 9907
50 52 1 6948
10 24 0 3836
27 99 1 9570
57 97 0 548
81 52 0 7397
67 23 0 5062
48 78 0 4801
16 85 1 552
33 86 0 1316
46 45 1 8833
12 35 0 5123
13 30 0 4532
60 26 1 3335
77 30 1 1092
84 6 1 6763
91 17 0 4469
81 96 1 4608
35 73 1 4297
86 3 1 3291
94 28 0 8233
19 30 0 6502
88 63 1 3237
2 100 1 6187
10 3 1 8532
56 73 0 8532
7 28 1 1188
6 93 1 5281
12 48 0 4505
12 73 0 9600
52 95 1 2968
43 19 0 4183
23 8 0 7507
52 2 1 8046
4 44 1 4158
87 82 0 683
12 46 0 2485
76 32 1 6625
20 41 0 1088
3 64 0 5663
95 34 0 8055
5 21 1 3760
41 58 0 9278
74 17 1 9402
11 23 0 4588
32 1 0 1794
66 75 1 7146
99 27 0 4679
82 25 0 6382
93 34 1 8557
14 62 0 7079
3 94 1 6337
39 11 1 3458
100 6 1 6264
51 16 0 6540
87 3 0 6650
6 14 1 1007
36 61 0 4671
71 9 0 2033
21 8 1 12
67 6 0 6752
27 8 1 1541
33 73 0 6371
26 98 1 7934
62 58 1 6793
72 71 1 8642
25 26 0 9163
27 19 1 6403
9 68 1 4379
31 82 0 8436
85 17 0 3070
47 32 1 6556
26 13 1 8916
78 13 1 6446
9 81 1 495
2 89 1 506
50 88 1 1486
98 97 1 4099
58 41 1 3686
78 41 1 8265
60 92 0 8586
29 70 0 3005
89 98 1 9675
91 39 1 8723
46 29 1 3518
12 70 0 6243
7 83 1 7165
60 47 1 276
78 31 0 8201
40 32 0 3143
25 100 1 3698
76 95 0 2444
72 88 0 8897
2 47 0 7003
92 17 1 4207
36 67 0 3690
32 19 1 295
27 76 1 6733
68 89 0 3106
27 55 1 3105
78 40 1 358
4 39 1 2400
83 72 1 1008
13 5 0 6109
24 45 1 5824
83 88 0 110
63 45 1 254
95 66 0 5746
23 2 1 4435
3 20 0 671
95 26 0 9615
32 47 0 1400
76 93 0 3657
16 62 1 516
57 36 1 3071
10 27 1 4648
22 77 1 8083
84 40 1 1282
74 23 0 6923
94 42 0 1454
29 16 0 9424
45 87 1 6759
42 54 1 4171
51 73 0 3768
78 12 1 8057
93 47 1 7057
61 69 1 8387
62 70 0 7225
81 74 0 8742
84 41 0 7084
37 64 1 7217
88 44 1 7316
79 93 0 7731
65 2 1 1716
49 81 0 588
74 68 0 598
82 90 1 1776
7 79 0 4624
25 43 0 6986
27 86 1 1181
72 59 0 4548
77 78 0 7403
50 18 0 6673
13 42 0 8871
21 47 1 7296
17 4 0 1195
43 84 1 3421
12 36 1 3061
65 51 0 4885
42 39 1 4846
33 50 0 9135
49 24 1 2429
15 30 1 555
17 41 1 200
15 7 1 1742
63 15 1 9417
57 63 1 3962
39 40 1 2652
14 67 1 3485
9 1 1 5555
5 33 0 6966
30 32 1 1312
66 57 1 4711
75 14 1 9811
66 79 0 4779
19 70 0 4983
41 73 1 3158
90 13 1 5759
64 41 0 4331
74 62 0 1858
76 50 0 7341
47 65 0 826
78 50 1 2254
88 35 0 9166
39 33 1 5962
13 8 1 1118
46 49 0 6336
18 10 1 4055
79 17 0 8619
15 90 0 4831
2 49 1 6331
53 70 1 1491
4 24 1 4483
4 84 1 9849
34 25 0 6270
13 63 0 3768
59 29 1 6529
73 38 0 7516
31 10 0 2053
44 51 1 2794
5 64 1 8520
62 60 0 1749
29 71 0 6124
37 80 1 209
6 84 1 6009
26 43 1 2752
83 80 1 51
28 45 1 7619
73 20 1 877
59 23 1 4698
43 50 0 7493
15 76 0 9191
73 83 1 7726
1 100 1 6322
43 79 1 8205
38 16 0 599
78 86 0 2357
16 88 1 306
56 84 1 6919
29 31 1 8343
47 73 1 2460
92 38 0 2608
30 43 1 3011
22 91 0 9168
89 40 0 8875
22 43 1 6574
21 59 0 433
27 67 0 8667
38 35 1 3369
83 91 1 2133
8 91 0 7919
62 53 1 325
39 18 1 3200
91 32 0 4698
33 36 0 8291
11 88 0 9237
69 33 0 5719
37 18 0 1479
24 52 0 1801
12 49 0 2438
52 61 0 1775
37 75 0 2805
21 11 0 2504
45 4 1 5068
9 46 0 3870
59 14 0 2242
87 40 0 7358
82 42 1 6355
80 18 0 1573
59 75 0 6259
65 45 0 2001
69 59 0 4564
52 86 1 4118
86 5 1 5113
53 92 0 8835
94 20 0 1368
45 12 1 6848
79 26 1 4862
14 64 0 8903
42 31 0 7411
89 37 1 7083
2 63 0 3363
43 62 0 3025
98 86 1 6259
78 36 1 2899
86 2 0 1951
65 30 0 4708
41 31 1 4946
58 88 1 2460
94 4 0 2059
88 65 1 2679
96 50 0 9521
50 25 0 5002
26 80 1 9981
48 17 1 9917
44 18 0 6174
68 17 0 1583
40 5 1 1539
53 81 0 5032
66 36 0 1361
51 27 1 6155
34 15 1 5219
21 1 0 7093
93 71 1 5693
94 35 0 5729
13 17 1 9912
11 52 1 8097
89 9 0 834
56 49 1 199
61 46 0 93
77 62 0 8230
9 57 1 2594
87 50 0 7324
100 52 1 46
65 33 1 4512
55 67 1 1894
26 61 1 3822
17 74 0 6683
67 95 0 2847
98 46 1 1170
7 61 0 6125
38 76 1 9228
75 30 0 4144
59 9 1 5796
27 43 0 8501
93 77 0 9859
33 20 0 7516
47 61 1 5390
27 79 1 8173
25 28 0 1605
85 75 1 3133
28 48 0 3038
79 3 1 4412
54 12 0 6167
36 14 1 3639
94 95 1 4996
41 17 1 9932
69 88 0 5310
8 17 0 7762
94 30 0 2148
81 8 1 9376
86 51 0 8932
47 97 0 6885
3 31 0 8856
66 70 0 35
45 5 1 5357
42 79 0 3658
6 66 1 8291
82 5 1 202
19 88 0 3419
50 71 1 3322
65 47 1 5361
81 63 1 7186
10 84 0 1926
68 100 0 4216
57 2 1 449
63 57 1 6365
65 75 1 4656
63 96 0 339
11 37 1 7569
10 76 1 7823
29 48 1 4671
42 94 1 4467
12 21 1 5861
32 60 1 7744
15 49 1 3168
39 63 1 6331
17 89 1 2160
77 53 0 7006
19 4 0 7636
91 2 1 383
15 23 1 8836
23 50 0 1182
55 11 1 8844
37 36 1 8695
76 78 0 205
70 94 0 828
6 68 0 4669
76 43 1 6501
62 98 1 4728
9 35 1 9742
20 82 1 4981
99 54 1 8168
19 69 1 4002
80 25 1 6812
35 53 0 7173
99 3 0 5444
98 43 0 1294
53 36 1 249
84 80 0 5127
21 72 0 7182
56 95 1 4709
46 42 1 151
93 58 1 6888
90 75 0 4514
54 60 0 9248
84 52 0 2087
60 65 0 3030
20 80 1 2633
24 72 0 3108
20 84 0 5997
85 29 1 1310
66 46 0 3909
92 11 1 195
82 35 1 90
51 7 0 3901
75 56 0 118
85 15 1 462
41 4 1 2969
12 42 0 6626
5 42 0 253
11 68 1 7145
57 48 0 9992
71 53 1 9516
37 91 0 3336
2 11 1 1961
31 68 1 7210
59 26 0 1830
96 79 0 4085
99 50 0 5113
30 89 0 2027
86 21 0 4453
35 33 0 9408
38 11 1 400
14 8 1 9828
30 41 1 7046
64 10 1 5508
91 82 1 3341
67 28 0 1081
62 84 1 1093
92 6 1 3991
32 23 0 8414
58 11 0 4531
36 46 1 123
4 18 1 5447
27 51 1 3261
48 98 1 5833
73 8 0 5688
46 8 1 4863
76 88 0 9153
73 61 1 8820
90 84 1 3017
76 27 1 7203
46 40 0 3342
10 12 1 5631
57 73 1 8720
64 74 0 9098
75 83 1 2846
1 36 1 4717
70 89 1 8741
77 87 1 8194
5 37 0 3982
78 53 0 5428
13 59 1 4810
84 77 1 7857
90 8 1 644
83 57 1 7155
54 34 0 6630
27 3 1 9896
9 5 1 6133
73 42 1 9272
49 18 0 4802
26 40 0 4148
38 41 1 1003
32 98 1 1469
82 8 0 3956
87 51 1 9204
90 58 0 8411
60 30 0 1027
54 8 0 5733
41 89 1 168
38 48 0 739
74 51 1 3996
75 64 0 8311
13 87 0 1596
32 95 0 1099
72 42 1 2358
22 99 1 2453
3 41 0 6891
87 49 1 5311
51 47 1 4189
85 34 0 141
5 74 1 5552
30 61 0 6688
20 89 1 4493
90 95 1 515
23 51 1 3354
63 31 1 4949
26 5 0 9319
24 22 0 6829
24 48 1 8954
92 50 0 5803
14 47 0 3267
93 1 1 6380
64 59 1 7321
48 53 0 3572
59 85 0 6664
45 100 0 1254
32 51 0 6641
95 20 1 7414
87 79 0 3671
56 38 1 7074
49 10 1 8073
45 64 1 3088
92 64 0 710
91 33 0 2522
72 1 1 617
10 61 1 2543
94 68 1 378
14 94 0 3390
82 23 1 8540
17 27 0 5744
88 21 1 5253
28 4 0 6469
39 80 1 8147
71 91 0 6600
24 14 0 3165
91 54 0 282
59 57 0 4039
88 84 0 4915
87 84 0 3013
78 59 0 2083
5 71 0 8896
26 33 1 1929
10 4 0 9879
92 77 1 1361
44 83 1 7903
45 22 1 195
99 80 0 6304
96 80 1 6018
35 58 0 5949
35 61 1 5659
28 59 0 2611
57 19 0 6042
11 60 1 1791
59 95 1 669
91 52 0 492
98 63 0 9088
64 81 1 807
25 20 0 3134
86 49 1 6973
79 56 0 6785
2 45 1 6266
45 60 0 8530
96 64 1 9255
92 61 1 7065
81 45 0 1779
43 37 0 2514
24 73 0 5733
20 74 0 6546
10 19 0 5512
8 28 0 6889
79 86 0 7194
39 53 0 8966
11 7 1 2444
40 28 0 2134
35 36 1 959
49 1 1 6604
16 91 0 9892
65 8 1 9963
45 81 0 688
39 22 0 9086
60 61 1 2963
52 5 0 6311
48 68 0 1396
19 93 0 5597
18 30 0 8565
33 26 0 7483
40 29 0 1915
94 32 1 2146
2 10 1 3859
85 23 1 3327
51 1 1 7777
47 27 1 6513
62 24 1 658
16 51 1 8475
88 14 0 5781
4 61 0 205
29 20 0 7651
74 50 1 5767
52 92 0 7441
70 96 1 4355
51 17 1 1034
13 57 1 475
93 2 0 7795
10 75 1 138
32 62 0 9562
85 92 1 4022
91 25 0 9681
1 17 1 7548
88 61 0 9269
89 20 1 7584
90 37 0 9258
94 2 0 5881
66 23 0 1513
52 43 1 368
85 91 1 8154
43 73 1 522
40 20 0 967
38 59 1 4920
6 82 1 6946
82 93 0 6696
33 38 1 7736
46 79 1 4926
66 58 1 8996
63 76 1 2112
26 31 1 6250
29 36 0 898
95 33 0 3580
55 38 0 9713
1 91 0 3428
36 62 0 3764
9 98 0 3220
79 55 0 3934
41 72 0 9849
91 73 0 4986
92 48 1 2912
20 49 1 8184
44 59 1 3307
65 1 1 5762
63 49 1 9261
88 73 1 3825
5 73 1 3466
16 11 0 7357
95 62 1 2602
92 71 0 5977
59 55 0 5508
5 16 0 4747
14 79 0 8182
90 98 1 4635
41 99 0 4446
13 100 0 5150
83 22 1 723
32 17 1 8670
62 33 1 5176
99 59 1 1935
100 56 1 2572
28 76 1 8585
80 41 1 2221
58 3 0 137
43 36 0 6998
86 93 1 822
27 52 0 5909
39 83 0 3202
51 63 0 283
3 24 1 9332
29 46 1 2483
41 78 0 775
59 79 1 1604
16 68 1 5285
18 22 1 5605
85 24 0 3580
57 51 1 1810
2 39 1 610
12 32 0 4294
42 34 1 8832
6 100 0 5288
97 39 1 6526
75 22 1 5451
75 47 0 7762
43 41 1 5012
33 99 0 6930
2 25 0 542
29 32 1 1058
17 40 0 3719
91 21 0 2559
17 86 0 8969
1 80 0 9083
17 5 0 7803
85 64 0 7732
67 34 1 1256
82 66 1 6217
17 57 0 3767
45 13 1 7766
55 56 0 9849
34 71 1 1083
89 28 1 9855
94 45 0 2315
50 38 1 8109
23 37 0 2051
10 74 0 6290
87 30 0 427
78 57 0 874
39 9 1 2576
26 30 0 5124
67 60 0 7405
31 43 1 8478
13 34 0 2644
21 55 0 1358
62 77 0 1892
8 68 0 5881
19 25 1 1219
39 35 1 910
60 79 0 7155
54 87 0 6984
11 40 1 458
82 94 0 2163
42 47 0 8345
41 26 1 1719
22 83 1 9595
13 7 1 9740
78 5 1 122
32 61 1 6194
30 87 1 5981
96 23 0 3435
27 68 0 4256
18 49 0 7334
78 45 0 6653
92 37 1 4171
16 70 0 9700
7 76 0 9797
61 67 1 3508
30 50 0 2554
31 17 0 5866
34 62 1 4218
91 30 1 517
37 67 0 4766
46 50 1 2847
14 43 0 2278
27 71 0 8935
76 3 0 1181
52 45 0 8316
61 62 0 9366
95 17 0 3904
16 24 1 3018
95 54 0 9239
30 22 1 8378
41 27 0 6761
51 24 1 6788
26 74 1 9653
11 54 0 941
3 61 1 1529
77 12 1 838
61 88 1 9832
92 89 1 1848
15 80 0 3831
68 41 0 8253
36 90 1 5209
1 64 1 2150
55 40 0 9153
64 77 1 8143
86 70 1 9064
25 14 0 8688
37 79 1 711
45 69 1 7717
6 9 1 6585
79 4 1 6251
70 13 1 657
66 49 1 173
97 8 1 4360
9 18 0 8055
46 64 0 4578
38 50 1 248
26 47 1 9828
4 5 1 3987
19 6 0 7927
49 44 1 6904
69 62 0 688
49 62 0 5884
84 29 1 5694
94 55 0 1859
61 38 0 8906
75 65 0 8289
15 57 0 7154
40 45 0 47
3 35 1 1998
50 60 1 9002
77 40 1 545
41 64 0 4456
90 82 0 9814
42 35 1 7495
10 66 1 6604
47 52 1 5326
12 39 1 4108
22 68 0 1517
85 47 1 7614
39 75 0 8332
67 1 0 9371
81 50 1 5946
38 97 1 5862
76 81 1 4861
68 76 1 7093
2 12 0 4871
59 100 0 236
21 51 1 2553
34 28 0 7700
68 92 1 3882
32 22 1 9855
61 32 0 2456
31 41 1 77
26 84 1 1103
79 85 1 6082
20 39 0 3908
70 58 1 1203
62 35 0 6305
27 33 1 3967
65 5 1 6911
83 38 1 8811
53 40 1 2815
73 1 0 8632
24 90 0 1995
33 61 0 2458
30 73 0 5905
38 24 1 8704
80 92 1 1274
72 87 1 6337
46 22 1 2066
78 55 1 6024
87 8 1 908
4 42 0 1306
10 82 0 2876
20 10 0 4718
57 14 1 9320
24 4 0 9339
96 17 1 4797
96 95 1 7603
54 1 0 8455
26 45 1 5738
50 85 1 5225
85 35 0 1030
22 49 0 5795
21 15 1 9000
24 59 0 4906
81 68 0 2191
37 90 0 3299
29 66 0 3374
10 41 0 8284
26 15 1 9575
60 46 0 5189
19 24 0 7741
100 17 0 4442
61 95 0 1959
51 37 0 7574
16 56 0 3586
93 52 1 4895
33 67 1 9884
46 77 1 4775
22 35 0 4256
7 65 0 9238
50 90 0 8638
49 35 1 4247
73 86 1 6993
23 78 1 3178
52 33 1 650
72 26 0 6996
58 38 1 3195
24 21 1 7548
99 20 0 9195
36 87 0 1286
63 80 1 1525
97 54 0 7332
87 65 0 9583
72 10 0 1429
28 78 0 2118
63 4 1 3523
87 6 1 2105
86 18 0 9956
58 29 1 624
65 77 1 6320
24 68 0 1990
52 51 0 6966
34 24 0 4300
42 15 1 5355
42 77 0 9213
3 79 1 4605
9 50 1 6081
27 62 0 7145
17 52 0 7833
23 87 1 6961
49 77 0 7197
7 69 0 9433
17 59 0 8371
7 46 1 1920
54 56 1 5655
19 58 1 6272
3 92 0 7970
15 6 1 2389
16 20 1 6038
39 6 0 7569
50 94 1 5147
1 35 0 827
93 32 1 2919
71 56 1 830
14 83 1 5039
85 99 0 5776
58 2 1 1087
56 8 0 2564
80 58 1 9480
19 99 1 5190
79 52 0 3129
43 38 0 8781
39 1 0 2958
10 100 1 9527
86 30 0 2436
97 93 0 2148
46 4 1 2260
45 8 0 8207
57 38 1 9508
77 94 0 8248
4 1 1 4118
61 86 0 8489
74 99 1 3560
58 63 0 3975
42 28 1 5435
60 5 0 8061
82 13 1 6104
34 9 0 7001
89 26 0 5267
37 49 1 6209
38 71 1 3674
21 82 0 2027
30 49 1 257
96 6 1 6971
76 90 1 3630
32 83 0 9105
25 8 1 6693
59 89 1 1495
27 100 0 6272
3 62 0 6271
24 36 0 7230
9 2 1 3912
18 37 0 4734
32 28 1 5404
22 67 1 6669
45 58 0 2043
29 93 1 3999
22 72 1 6785
1 40 1 7156
17 48 1 2613
16 5 0 7047
66 16 1 4643
50 77 1 8442
76 57 0 5704
15 55 1 9667
14 50 1 432
81 59 1 9791
10 67 0 1873
51 66 0 4609
64 52 0 9760
95 92 0 1762
13 36 1 4844
26 86 0 9327
89 18 0 6415
20 29 1 1386
36 15 0 125
23 27 0 8440
28 27 0 5711
31 16 1 2906
12 80 0 529
31 2 0 4815
88 13 1 8599
93 82 0 4326
16 39 1 9211
85 56 0 4495
26 21 1 5970
61 33 0 340
37 28 0 8032
56 20 0 4480
25 2 1 1590
50 79 0 6168
56 77 0 5616
44 41 0 1459
63 17 1 1158
7 1 0 8986
33 71 0 9068
65 96 1 4585
38 89 0 2042
70 98 0 9521
49 43 1 8506
99 49 1 3079
55 23 0 6993
44 93 1 9737
31 33 1 3213
57 49 1 726
28 42 1 4722
50 82 1 7522
73 48 1 5478
42 24 1 3411
5 84 0 4
70 50 0 9929
79 16 1 4179
76 63 0 5178
35 63 1 2678
33 65 0 1845
18 82 1 9927
41 87 0 5640
49 37 1 2745
19 15 0 7998
88 1 1 2810
4 32 1 305
89 21 0 2828
69 26 1 8675
68 65 1 7898
72 85 1 6906
87 46 1 5054
95 88 0 4809
17 96 1 2229
42 7 1 517
98 22 0 968
12 82 0 5745
87 95 1 8436
26 51 1 5549
24 97 1 7272
16 26 0 9578
6 77 1 7723
77 27 0 3425
44 57 1 599
31 79 0 2548
90 2 1 8802
45 93 1 9894
61 92 1 2921
59 78 0 2805
56 93 1 1398
74 34 0 2602
1 89 0 4970
16 59 0 2434
10 88 0 2806
16 7 1 8878
34 14 0 9025
8 92 1 8426
54 72 0 3051
3 68 1 1653
78 2 1 9457
62 15 1 8152
36 58 0 9742
61 49 0 5777
98 24 1 1875
35 18 1 3977
95 90 0 5623
80 75 0 9303
32 86 1 7006
23 1 1 2611
6 76 0 7575
62 64 1 4441
45 72 0 5189
62 79 1 1123
86 66 0 2618
34 17 0 1469
75 87 0 6435
99 48 1 7710
60 21 0 5077
23 56 1 9085
59 91 0 4427
1 75 0 2015
52 53 1 6848
71 59 1 3763
96 7 0 8700
43 45 0 7721
44 66 1 8345
5 52 1 8524
10 44 1 2571
30 28 0 756
15 34 1 5917
36 12 0 4780
8 45 0 8891
12 40 1 9489
38 60 0 5921
73 50 0 5040
31 69 0 7119
79 1 0 5600
37 24 0 9359
69 79 1 5324
42 92 0 8485
82 91 1 5947
7 66 0 6045
20 33 0 879
5 49 1 6179
9 47 0 4202
48 9 1 6745
32 42 0 251
30 45 1 2902
89 49 1 2045
8 16 0 811
96 36 1 9868
4 31 1 7511
96 19 0 4084
37 34 0 4447
81 10 0 3689
44 7 1 4537
7 6 1 2714
53 72 0 5258
35 68 1 1383
67 78 1 3805
19 84 0 5098
40 24 1 7630
40 92 0 9299
35 84 1 3898
76 52 1 3587
80 78 0 4181
100 93 0 9784
48 3 0 2152
57 41 0 7569
7 23 1 1172
75 19 1 6456
18 76 1 7785
80 5 1 8875
27 56 0 6510
6 75 0 6372
46 51 1 167
13 32 0 6869
77 57 1 1198
35 66 1 6605
42 59 0 1585
84 36 1 4737
63 6 0 3429
56 5 1 6297
78 42 1 4867
70 48 1 6824
83 54 1 6185
55 85 0 3281
60 25 0 2900
56 62 0 705
50 59 0 9215
2 73 0 7028
45 76 1 9099
28 61 1 8849
25 99 0 1
26 63 1 4041
91 1 0 4356
63 2 0 7373
95 87 1 366
54 3 0 4924
61 89 1 6802
41 51 0 4824
93 88 1 2534
76 44 1 2117
38 91 1 2198
56 43 0 9503
43 59 0 4457
52 74 0 9854
72 47 0 7241
28 100 0 6744
53 47 0 4815
99 35 1 5699
11 33 1 5320
79 98 0 268
61 87 1 385
84 59 0 7485
26 35 1 5759
58 73 0 9914
72 66 1 9404
91 62 1 5984
46 26 0 3989
72 39 1 582
62 66 0 4416
95 16 0 8034
92 34 0 7776
15 77 0 12
97 77 0 8032
18 7 1 1247
78 66 1 812
73 90 0 4014
34 33 0 6649
93 50 1 8276
18 3 0 6813
20 37 0 1853
48 7 1 418
1 33 0 8302
32 13 1 2632
23 3 1 251
30 53 0 8469
99 25 1 672
58 33 1 9291
69 58 0 7732
17 2 0 8243
78 9 1 8328
79 75 1 1771
51 55 1 8802
31 89 0 2656
12 55 0 2202
89 85 1 4816
25 12 1 4412
31 78 1 5099
34 73 1 430
29 19 0 2011
24 96 1 6831
15 54 1 5274
11 19 0 9480
42 20 0 8160
7 17 1 2600
83 1 1 8193
60 63 0 5493
50 66 0 1372
40 30 1 967
12 4 0 4735
85 44 0 8499
100 77 1 9762
94 25 1 8508
19 64 0 9344
16 8 0 2749
84 28 1 5180
24 5 1 6968
11 61 0 9892
32 82 1 6708
75 52 1 1411
11 98 1 5660
1 63 1 6448
93 75 0 1846
100 72 0 9977
50 73 0 3814
53 65 0 3340
85 59 1 6324
41 15 0 7401
50 49 1 8043
94 41 1 4468
21 98 0 1965
77 63 0 4329
62 45 0 9125
35 93 0 1887
29 62 0 8986
80 23 0 9642
53 20 1 8022
58 22 1 2287
62 13 0 3306
45 68 0 6899
94 24 1 4449
10 87 0 3435
63 51 1 6689
60 8 1 8287
33 30 1 5599
53 44 1 7956
38 26 1 6459
60 75 1 919
40 81 1 7662
36 76 0 4500
48 95 1 9194
87 12 1 2631
28 60 0 7175
54 9 0 1542
77 55 0 7212
1 76 1 2397
68 71 0 8125
92 29 1 3330
34 54 0 8571
3 30 1 4227
76 48 1 7731
28 30 1 9853
16 65 1 516
54 27 1 668
14 28 0 1118
24 99 1 8113
65 66 1 192
87 80 1 6802
24 83 0 5577
96 15 1 2690
74 61 0 4392
31 15 1 9477
84 47 0 7940
75 26 1 9954
80 65 1 4499
44 21 0 3169
27 70 0 5531
89 32 1 6447
93 19 0 5626
32 53 1 9684
69 71 1 4464
33 66 0 7138
33 14 1 972
50 64 0 1028
92 16 0 4679
71 20 0 9830
3 39 0 7983
20 83 0 4558
78 85 1 1211
82 78 0 9408
45 38 0 1139
62 100 0 90
6 52 0 7467
68 85 1 8897
43 34 1 9894
78 82 1 6255
97 89 0 8023
60 10 0 8559
79 43 0 9602
73 28 0 749
55 25 1 704
42 89 0 2071
40 71 1 5831
62 28 1 5938
11 83 0 454
60 7 1 4939
61 72 0 7551
70 4 0 8681
87 23 0 5933
93 85 1 6586
10 95 1 6340
100 29 0 9095
73 92 1 1884
17 1 1 6386
94 47 1 7366
76 20 1 8464
79 84 0 4607
21 79 0 8669
4 68 1 8555
36 41 0 347
16 28 0 6120
63 47 0 3353
11 84 0 4565
38 31 1 551
72 27 1 7285
34 74 1 8765
20 3 0 9115
3 22 1 3499
7 89 1 8145
93 60 0 1471
26 39 0 6720
64 27 0 9423
21 86 0 1733
80 71 0 9600
94 46 1 9768
49 47 0 4998
70 20 1 3332
51 42 0 496
33 4 1 7279
32 33 0 3310
42 93 0 1745
15 84 0 1307
32 2 1 4000
6 89 1 5767
73 60 0 4217
78 28 1 4036
10 16 0 421
62 50 1 8657
91 16 1 7945
51 25 0 1248
84 79 0 4552
39 76 0 2310
59 49 1 2004
96 10 1 5416
16 1 0 793
86 50 1 558
6 33 1 1789
81 2 0 8510
85 21 0 1520
66 92 1 2245
100 12 0 7034
4 76 0 4178
55 33 0 9764
44 95 1 7441
75 7 0 633
81 61 0 6935
6 94 1 4848
60 35 1 1556
2 77 1 1392
81 14 0 1313
24 33 1 673
54 4 1 5358
63 60 0 7964
32 97 0 190
76 56 0 5575
71 81 0 3891
22 34 0 3206
80 53 0 5990
29 87 0 1753
90 35 1 5406
62 61 0 4699
4 67 1 4418
49 4 1 8065
25 48 0 4539
43 70 1 9057
85 43 0 3093
91 14 0 7994
79 63 0 1654
86 10 1 6598
49 80 1 874
15 98 0 593
4 23 0 5443
93 13 1 2868
12 27 0 6758
11 27 1 10
81 49 0 4209
85 10 0 3495
1 23 1 2880
3 48 0 636
9 40 0 3295
56 36 1 5444
96 60 0 8601
61 1 0 9517
65 4 1 9281
93 27 0 7274
15 95 1 9932
75 37 0 3152
91 99 0 3878
97 81 1 198
56 89 0 9041
40 89 0 4057
28 26 1 2262
29 51 1 6330
72 76 0 7980
11 64 1 6879
56 19 1 2775
35 92 1 9830
60 3 0 5784
59 13 1 6588
56 23 1 1859
74 89 0 7115
46 28 1 4690
28 17 0 5050
43 42 0 1793
1 25 1 9666
58 14 1 8678
47 15 1 7954
36 100 0 6878
34 91 1 5918
29 3 1 1816
31 80 1 122
24 94 0 10000
67 15 1 9772
32 41 1 7457
32 36 1 4512
13 22 0 972
2 69 0 7245
65 32 1 5020
53 7 0 2097
28 69 1 9167
43 10 1 4642
5 87 1 2382
26 14 0 9722
45 15 1 335
88 79 1 7907
52 63 0 6762
94 84 0 5716
45 47 1 5093
43 88 1 9404
79 50 0 1545
97 70 0 1356
95 32 0 7168
32 52 0 9638
32 50 0 1616
81 17 1 4039
42 98 1 3015
3 11 0 8370
81 87 0 8898
67 20 0 1931
66 93 1 1963
86 32 0 6114
39 17 0 5757
10 36 0 9751
68 99 0 1058
34 8 0 1077
84 35 0 238
31 50 0 8627
69 45 1 8390
24 75 1 9027
80 81 0 9141
47 91 0 1533
100 38 1 3122
33 78 1 2093
49 26 1 4738
29 81 1 1246
25 46 1 618
21 6 0 9815
68 86 0 2151
84 30 1 3672
100 15 0 2800
94 76 1 5790
94 33 1 4168
91 81 1 427
3 72 1 2706
99 74 1 6928
73 10 1 9926
3 56 0 7461
72 65 0 6737
38 12 0 4002
95 42 1 9714
21 26 1 1503
97 80 1 880
95 82 1 8490
31 96 0 4053
26 95 1 2999
26 10 0 8049
5 61 1 9326
18 64 1 2663
4 57 0 2283
64 34 0 4565
13 28 0 1118
27 40 0 473
58 51 0 5573
20 54 0 6387
86 75 0 7716
81 60 0 7062
62 2 1 5161
40 85 0 8985
99 65 0 8808
24 60 1 1938
13 79 0 1298
75 28 0 6559
84 86 1 4646
72 57 0 9277
75 97 1 9849
79 60 1 9501
6 7 1 7917
18 68 1 3493
94 14 0 4097
1 10 1 8934
75 99 1 5476
70 28 0 6040
59 50 0 7357
39 2 1 2435
80 66 0 4262
3 73 0 5644
82 99 0 2419
4 82 0 7303
34 37 0 9078
17 80 0 441
23 95 1 693
39 16 1 8212
7 96 0 6204
35 37 1 5820
17 24 0 6728
48 70 1 9963
86 19 1 5697
64 37 0 3478
52 12 0 260
82 80 1 4556
31 66 0 5147
69 20 0 1669
57 22 0 4664
15 11 1 9614
50 61 1 7194
6 48 1 972
63 68 1 6561
49 54 1 4374
8 80 0 5597
82 52 0 9900
51 99 1 1804
82 10 1 626
40 23 0 6940
18 24 1 6745
47 40 0 2288
63 32 0 498
62 31 0 449
54 11 1 2725
48 45 0 9783
32 58 0 8760
36 30 0 8792
12 31 1 2591
63 58 1 4370
26 92 0 5506
33 3 0 2911
81 64 0 6092
11 4 0 866
40 3 1 2637
19 81 0 9392
64 46 0 5772
14 74 0 1171
72 9 0 8446
74 20 1 4478
54 23 1 9029
88 81 0 2358
79 96 1 6010
23 82 0 644
10 99 1 5271
74 49 0 8992
1 66 0 5486
21 58 0 6794
34 96 0 2458
23 72 0 8113
9 99 1 456
2 48 0 9648
73 18 1 9409
28 72 0 7257
1 90 1 1657
42 49 1 7388
67 92 0 5460
78 69 0 9378
36 25 0 9497
54 94 0 3183
3 65 1 5313
83 37 1 3852
77 73 0 4118
50 56 0 6242
60 12 1 3684
90 68 0 5575
73 22 0 4296
29 24 1 413
55 95 0 1922
36 29 1 8455
88 12 0 6784
42 18 1 3536
44 14 0 719
68 25 1 8758
11 77 1 1287
13 75 1 8962
46 38 0 3554
69 92 1 4432
77 84 1 6104
3 46 1 8066
71 92 1 1622
79 28 0 1883
39 34 1 210
39 29 1 5379
55 48 1 9831
32 88 1 1839
59 47 1 5133
75 13 0 1539
51 32 0 1009
95 98 0 2180
32 48 1 8983
68 73 1 2956
14 21 1 6934
89 50 0 2619
64 96 1 2190
32 49 1 21
62 16 1 8477
48 10 1 8856
42 52 1 8165
4 80 0 5104
31 8 1 681
74 27 1 2250
94 63 1 5063
47 86 0 8373
31 14 0 8603
99 31 0 263
47 88 1 9063
97 52 0 9619
5 3 1 3391
86 71 1 8793
51 93 0 1962
91 35 1 2050
78 6 1 8403
30 36 0 3059
46 91 1 9423
28 97 0 7538
63 37 0 6131
76 36 1 8373
54 81 0 8183
7 29 1 9430
91 3 1 1253
15 89 0 8852
6 60 1 1653
94 31 0 4505
42 85 1 441
91 19 1 6798
93 51 1 1286
21 31 0 6789
69 36 0 4640
27 34 1 4423
30 34 1 291
30 64 0 2089
100 63 1 5770
55 76 1 3175
91 66 0 7394
73 65 1 1472
23 16 1 9783
86 36 1 6623
60 51 0 9434
76 25 0 8565
96 91 1 4380
45 39 1 5620
17 45 0 766
3 84 1 8241
30 63 1 604
29 9 1 8603
24 91 1 1118
44 73 0 8697
37 41 1 1494
10 57 0 3100
19 1 0 7464
49 85 1 5233
90 70 1 989
20 64 0 6857
82 64 0 803
55 81 0 9878
40 99 0 6138
53 63 0 5395
12 84 1 6379
54 7 1 292
5 35 0 4186
94 26 1 5470
84 27 1 9824
44 72 0 7394
16 90 1 6558
68 16 1 1546
98 12 0 4311
38 85 0 4253
75 72 0 8577
9 30 1 1831
21 46 0 6581
29 97 0 1455
8 4 1 9466
66 87 1 8384
39 37 1 209
23 94 0 6462
25 70 1 7586
65 59 0 7082
22 28 0 4548
88 31 1 1882
75 73 1 7267
74 95 0 7694
21 41 1 4688
15 70 0 1430
5 14 0 3096
85 6 1 1126
22 51 1 4444
97 11 1 5851
72 99 0 694
33 2 1 2341
41 28 1 2695
49 89 0 7013
50 27 0 836
65 62 0 3847
80 70 0 8369
65 27 1 8880
46 52 0 9530
67 52 1 3531
43 55 1 9636
93 17 0 7678
85 89 1 9317
81 67 0 8213
12 60 1 284
42 14 0 1548
30 8 0 9361
4 58 1 4739
23 60 1 7809
7 57 0 8795
22 19 1 3831
7 100 0 2996
99 24 0 9952
25 88 1 8550
48 97 1 2442
72 69 1 133
50 33 1 7324
63 21 1 9761
18 59 0 1551
33 24 1 5462
8 78 1 1563
12 67 1 9271
5 28 1 6067
9 21 1 5132
12 89 1 830
1 85 1 9415
47 18 1 2625
96 61 0 8120
66 97 0 8013
32 67 1 781
6 35 0 7792
49 2 1 2556
39 73 1 304
47 72 0 8500
61 29 1 5360
66 80 1 8282
44 20 1 216
62 22 0 2583
70 22 1 3433
99 34 1 9843
62 47 1 7248
54 30 0 9496
91 92 1 2239
69 34 1 6056
90 31 1 9152
96 75 0 2560
56 90 1 3850
69 31 1 2768
20 15 1 8038
88 41 1 8004
56 74 0 5406
79 10 1 6010
7 12 1 1255
15 94 1 2498
30 54 1 305
72 91 0 921
79 92 1 2610
39 94 1 2923
99 32 1 1396
40 15 1 6515
59 5 0 3613
20 71 1 4803
80 2 1 7977
92 52 0 9877
16 6 0 4284
40 7 0 3934
57 70 1 4529
95 53 1 902
92 43 1 4543
36 44 1 4416
58 37 1 4582
16 69 1 188
23 76 1 3539
41 23 1 3945
68 9 1 8365
93 78 1 3711
11 2 1 4855
88 22 0 9317
99 28 1 2990
39 21 1 2975
89 1 1 5105
87 45 1 7912
62 4 1 1372
27 89 0 160
71 23 1 4818
9 88 0 5765
15 66 1 4865
83 48 1 7409
29 4 1 3519
64 29 1 2570
85 42 0 2419
82 41 0 4423
89 54 1 6812
20 11 0 4245
77 29 0 3005
60 94 0 8574
50 78 1 6656
22 2 1 6189
57 23 1 6278
47 39 1 4856
73 80 1 9677
46 63 0 1967
18 58 0 6981
71 48 1 2692
53 45 0 6607
87 78 0 2766
15 72 1 3350
19 67 1 2316
89 52 1 6215
80 14 1 5394
58 57 1 5345
65 46 0 4723
15 45 0 77
44 69 1 9914
87 55 0 8203
29 60 0 2963
60 32 0 8498
14 65 0 6788
43 8 0 3341
85 81 1 2739
29 23 0 444
79 20 0 6773
98 3 0 6721
83 42 1 8267
72 13 1 1584
33 18 1 6700
88 91 1 1493
9 26 0 7339
12 94 0 2849
45 82 1 7113
86 34 1 3912
32 64 0 9520
6 51 0 1542
23 85 1 2530
88 27 0 4789
100 91 0 271
10 8 1 8312
76 53 1 7183
48 31 0 1581
43 74 0 1847
16 63 1 2253
21 73 0 3870
59 40 0 8399
85 54 1 6225
91 98 1 2143
57 65 0 859
77 67 0 1531
63 61 0 4169
74 55 0 4309
32 72 0 6371
9 60 1 5181
40 6 1 4488
63 41 1 806
19 41 0 2610
80 44 0 642
44 3 1 2928
87 35 0 1784
68 15 0 519
7 63 0 2895
26 49 1 6015
73 37 0 9408
15 5 0 9940
97 61 1 8083
35 86 1 5031
31 9 0 5946
20 24 0 3370
73 76 0 3285
68 75 0 9664
15 44 0 7215
94 19 0 8727
96 12 1 826
89 2 0 1366
76 71 0 200
19 68 0 4586
30 1 1 6104
75 49 1 5295
91 31 1 4028
3 66 1 6031
68 50 0 9220
8 5 0 6426
19 31 1 1201
74 39 0 6652
76 12 1 6018
15 61 1 6949
78 68 0 9785
17 63 0 697
20 36 0 2454
18 50 1 5045
10 69 0 1199
80 73 0 9653
60 69 1 2343
42 4 1 9616
93 62 0 8172
77 54 0 4397
56 47 0 985
88 42 1 1657
72 38 0 9908
86 37 0 6741
31 53 0 1399
68 2 0 3557
38 2 0 2589
67 66 0 1717
47 4 0 982
45 5 0 4080
2 87 0 1411
3 40 0 6148
87 16 1 5888
24 46 0 4306
80 20 0 1028
65 42 1 8568
93 43 0 4151
99 4 0 1807
12 29 1 9104
74 43 0 9697
27 94 0 3572
62 75 0 8340
29 98 1 3446
33 9 1 4228
86 1 1 9748
30 4 1 3353
62 5 0 45
44 92 1 3927
34 89 1 2844
7 16 0 3412
13 9 1 6940
69 13 1 7158
38 20 1 1537
29 15 1 9551
14 27 1 312
36 48 0 9505
91 15 0 8623
83 84 0 665
50 13 0 5531
23 66 1 8775
81 24 0 8827
19 47 0 9330
28 41 0 7331
95 3 1 269
26 66 0 114
17 60 1 8382
20 62 0 8229
12 62 0 5794
50 35 1 6994
100 42 0 138
99 6 1 7089
18 15 0 8132
68 39 1 3628
23 4 0 8368
35 21 1 795
40 55 1 7480
19 49 1 864
55 70 0 1501
48 69 0 4157
78 37 1 5027
46 58 1 3529
36 22 0 2348
8 79 0 2509
68 37 1 9613
55 6 0 2083
14 48 0 2160
33 6 0 2290
24 79 1 594
19 73 0 2952
56 6 0 6285
18 61 0 8592
49 46 1 5406
29 42 0 766
92 90 0 700
66 61 1 4120
36 17 0 619
62 96 0 6178
94 13 0 6834
26 3 1 8432
63 84 1 5394
91 85 0 6740
8 32 1 4748
10 45 1 9840
6 32 0 9092
31 42 0 3230
74 91 0 791
72 19 1 5034
23 45 0 651
60 81 1 5135
7 21 1 1068
11 14 1 5114
17 8 1 1985
46 53 1 1484
62 17 0 3520
23 22 1 9775
43 51 0 5978
1 5 0 322
11 45 1 5442
35 23 0 4802
42 8 0 17
40 22 1 7860
90 86 0 3365
69 82 0 2270
42 45 1 6209
54 41 1 860
17 25 0 8373
19 75 0 1856
43 63 1 1700
55 1 0 812
83 56 1 7270
1 92 1 5180
50 99 0 4942
31 83 1 4878
19 21 0 5663
75 15 1 4154
80 98 1 4303
96 66 1 4046
100 5 1 3660
25 65 0 7536
47 77 1 8058
11 50 0 1775
80 60 0 7559
11 74 1 5790
40 53 1 6416
2 14 1 4519
55 15 0 2989
34 79 1 2783
7 11 1 4354
95 18 0 2842
41 88 1 4324
8 74 1 6023
43 66 0 3354
70 18 1 673
1 16 1 8143
80 76 0 5718
42 16 1 3141
5 13 0 2026
28 96 0 1939
51 76 0 8291
38 69 1 1706
57 3 1 1462
82 54 1 5710
54 88 1 6880
79 88 0 1571
24 57 1 3123
20 59 1 5603
