100 6079
98 2 1 487
94 67 0 8897
74 32 0 3827
29 43 0 3374
27 18 1 1537
35 90 1 6602
84 4 0 915
58 99 0 7036
92 49 1 9026
56 25 0 6868
5 50 0 9116
94 16 1 3929
34 75 1 8542
6 37 1 3486
30 8 1 1959
87 55 0 7308
73 18 0 7677
51 72 0 2857
10 75 0 1294
6 4 0 5793
68 90 1 6722
50 79 1 9607
36 81 0 3780
71 2 0 405
62 39 0 376
55 75 1 4873
72 71 1 5765
54 23 1 5676
71 22 1 9126
49 86 1 9078
17 19 1 9508
26 72 1 2105
24 1 1 4447
47 68 1 7624
27 19 0 2155
91 43 0 8570
52 90 0 7867
59 15 1 9599
17 22 0 2546
87 74 0 7076
83 59 1 2920
66 43 0 5051
95 72 1 2668
7 60 0 5184
59 43 1 5968
93 50 0 8043
38 94 1 6952
43 84 0 1034
28 84 0 7076
27 67 1 215
44 74 0 8695
22 93 1 332
61 42 1 8299
15 71 1 59
38 5 1 4430
27 73 0 9284
34 79 0 1268
90 40 1 5120
68 4 1 9609
24 69 1 1214
19 49 0 5552
39 35 1 7367
90 68 1 2209
82 33 1 9294
90 76 1 3717
31 63 0 4820
86 43 0 7940
10 24 0 6579
88 34 0 9200
29 98 0 9342
79 80 1 8124
31 40 0 53
33 86 1 7904
18 47 0 5304
43 39 1 1132
20 77 1 6101
4 79 1 1130
79 70 0 9034
1 86 0 4415
89 86 1 5776
28 70 0 4131
61 21 0 9498
4 52 0 1802
82 36 1 8917
87 22 0 9096
14 82 0 339
72 78 1 7464
93 46 0 5511
60 82 0 5242
47 92 1 5618
33 100 0 85
25 100 0 5183
45 44 0 2310
95 40 1 3826
6 53 0 1139
78 51 0 1584
44 26 0 4167
2 59 1 5795
15 77 1 9684
87 52 0 4995
7 3 1 602
70 74 1 918
35 59 1 4536
42 5 0 5305
11 19 1 8763
87 84 0 984
74 34 1 6961
82 7 1 9891
44 70 1 981
20 80 1 2976
58 76 0 6333
83 84 1 4812
50 13 0 5766
78 76 1 8446
11 67 1 2526
66 72 1 6978
55 76 1 8914
6 48 0 9464
77 9 1 1394
81 47 0 3984
10 16 1 9089
66 53 0 2462
85 61 0 5191
6 1 1 7987
6 21 1 3639
54 44 0 9782
13 67 1 2625
100 19 0 7963
31 11 1 3090
70 82 0 1101
89 57 1 8813
8 87 1 2083
30 61 0 4094
66 6 1 9313
58 84 0 6833
25 62 0 1905
27 35 0 5415
44 57 1 4067
51 87 1 1120
47 85 1 9650
86 76 0 5123
55 45 0 2640
24 22 1 4805
1 9 0 8672
93 2 0 8646
98 50 1 6472
5 71 1 6226
17 54 0 1445
40 90 1 9231
54 93 1 6032
45 57 0 2443
49 20 0 3320
38 64 1 713
9 16 0 8365
81 85 0 5893
86 70 0 6861
7 8 0 208
78 73 1 7465
14 92 0 1093
8 60 1 9153
99 7 0 2864
76 87 0 1606
20 62 0 8023
48 1 1 667
87 43 0 5159
40 69 0 8602
22 9 1 4824
100 3 0 3258
31 66 1 7317
67 16 0 8905
100 68 1 24
57 16 0 3215
100 88 1 1342
20 53 1 1265
76 62 1 2305
14 33 0 6478
9 63 1 8170
52 5 1 5036
15 37 0 3009
41 35 0 8084
84 89 1 3376
92 81 0 2282
32 1 0 6267
4 7 0 1048
73 39 1 7272
56 30 0 984
1 53 1 4686
74 76 0 6714
86 57 0 5518
72 19 0 6102
50 77 0 425
71 46 0 5994
43 74 0 7397
54 33 1 5040
67 45 0 2073
55 16 0 1413
6 32 1 9832
34 47 1 6220
56 37 1 2251
68 29 0 2671
61 57 0 4763
49 73 0 3544
63 71 1 8619
73 71 0 5495
6 16 0 7357
67 87 1 9836
32 17 0 6487
1 36 0 8713
11 83 0 8749
84 38 1 3655
21 87 1 5350
5 10 1 9051
24 86 0 5370
16 36 0 8125
34 2 1 2812
52 99 1 8033
9 86 0 2225
13 92 0 9824
17 91 1 8648
94 92 0 1867
91 77 0 1249
1 34 1 5010
6 65 1 7996
86 58 0 5181
69 56 0 6149
99 70 1 8369
73 56 0 7159
53 44 0 7213
43 23 1 8759
75 64 1 8429
42 25 1 7811
5 55 1 8923
28 48 1 3715
57 67 0 4331
76 22 0 2240
30 63 1 3910
47 27 1 3192
56 99 0 4646
1 99 0 1221
48 25 0 6598
66 4 1 2496
90 26 1 895
49 61 1 4554
5 15 1 8280
57 40 1 4124
38 29 1 4441
28 80 1 2842
48 20 0 7560
23 34 0 7231
9 98 1 1145
21 9 1 6018
50 67 1 9185
3 61 0 6441
40 33 0 3673
38 40 1 6872
94 3 1 2708
75 86 0 2050
12 29 0 8206
51 84 1 1298
75 48 0 8516
49 94 1 8269
60 70 0 956
59 46 1 7639
49 92 1 7669
78 29 1 1165
100 64 0 2931
15 12 1 5899
46 48 0 2103
72 88 0 3585
49 39 1 4293
75 97 1 4687
75 39 1 3910
37 34 0 2881
79 36 1 6438
27 53 1 2541
73 48 1 6644
61 52 0 2662
42 13 1 1123
69 36 1 8399
17 29 1 6932
18 89 1 1030
8 72 1 3746
47 99 1 1374
71 77 1 7161
82 60 0 2945
62 57 1 1563
99 43 0 8748
53 49 0 2637
84 74 0 7886
1 82 1 1961
5 25 0 3397
49 60 0 9883
88 30 0 1793
30 7 0 8988
27 100 1 4706
88 81 0 9847
39 72 0 9231
64 72 1 6747
25 44 1 3080
47 98 1 4164
96 69 1 6596
89 79 0 115
56 4 1 4292
86 65 0 6875
26 92 0 7722
21 14 1 3219
84 23 1 6388
43 73 0 8927
24 80 1 2641
77 58 0 2029
75 36 1 8036
96 46 0 3989
50 51 0 155
38 7 0 438
98 74 0 3845
65 83 1 7204
32 37 1 4990
62 25 0 7099
68 59 0 661
39 19 0 2593
80 76 1 821
4 35 0 8021
29 60 0 9475
14 89 1 8697
29 52 1 4184
84 40 0 4912
96 79 1 5099
86 42 0 9186
4 88 1 1458
41 90 0 6184
68 12 1 1585
63 19 1 5936
71 52 0 608
30 4 1 776
32 52 0 797
66 13 1 3850
97 57 0 5617
64 55 1 1697
42 58 1 5187
1 8 1 8824
64 23 1 6526
53 34 0 5142
50 42 0 2288
17 41 0 5006
84 51 1 809
93 38 1 5991
75 44 1 766
19 4 1 6559
5 41 1 5505
77 57 0 6629
8 88 0 5743
19 55 0 8876
77 24 1 2895
35 63 0 590
23 64 1 2198
96 54 1 135
37 53 0 2886
93 65 1 2587
91 6 1 7938
57 9 1 9270
9 60 1 8230
9 85 0 1922
51 49 0 4366
65 1 1 5877
38 17 1 1137
48 17 0 7920
72 74 0 9644
24 65 1 6444
94 97 0 3716
29 27 0 6473
77 8 1 7249
28 62 0 5376
31 91 1 5935
51 77 1 8619
42 99 1 1711
84 27 0 6733
67 82 1 2633
89 71 0 8682
41 91 1 1173
49 31 0 4576
27 29 0 2347
65 8 1 4877
99 35 1 9637
88 33 1 1394
64 98 1 2063
18 87 1 5401
33 28 1 5307
90 69 0 4668
53 10 1 3587
2 9 0 2178
25 2 1 9888
88 1 1 5685
44 69 1 286
100 57 0 7934
32 11 1 4002
78 8 0 9054
93 8 0 7299
19 6 1 4275
69 86 0 493
13 23 0 2989
5 16 1 3142
65 50 0 873
92 6 0 6915
60 28 0 9434
77 44 1 6335
12 24 0 8729
62 23 0 9520
92 98 0 7544
44 79 1 9291
19 51 0 5067
5 22 0 4659
3 96 1 4293
90 88 0 5739
75 34 0 1564
39 94 0 6139
30 91 1 6039
71 99 1 8150
23 66 1 1629
49 1 1 6685
72 46 0 2766
76 100 0 7503
44 35 1 5934
75 83 1 2189
91 17 1 9214
55 87 0 361
4 94 0 7110
30 21 1 9847
79 8 0 1873
17 93 1 3316
20 46 1 6639
6 41 0 3935
43 66 1 4705
55 39 0 8604
19 68 0 6642
53 90 1 6994
59 99 1 939
40 89 1 3717
85 6 1 5813
69 2 0 3414
85 98 1 1891
4 16 1 1682
28 86 1 4757
3 80 0 1476
13 20 0 7416
39 6 0 9210
46 89 1 4438
7 56 1 7627
16 12 1 4680
85 27 0 7204
38 33 0 2577
34 88 1 2264
11 63 0 3113
24 32 1 3382
5 77 0 8071
79 72 0 6619
83 94 0 7847
100 92 0 4849
25 74 1 8465
26 40 0 4866
49 12 1 9578
38 10 0 3166
92 100 0 8927
30 29 1 8639
98 64 0 2651
2 47 0 4697
68 74 0 4502
43 14 0 3905
39 53 1 7487
36 6 1 369
43 47 1 161
34 89 0 8896
73 29 0 3364
5 1 1 64
99 78 0 7645
49 16 1 9832
22 86 1 2661
89 94 0 7857
74 60 1 5336
97 58 0 9589
2 50 1 8900
64 37 1 4210
17 20 1 4037
100 55 0 1062
33 3 0 2865
18 100 0 4170
41 43 1 915
32 98 1 2676
96 37 0 2515
15 81 0 2314
77 1 1 2404
14 93 0 2267
61 50 0 4255
42 55 0 5169
73 35 1 1144
8 85 1 7654
22 8 0 4961
67 9 1 5248
5 43 1 3945
81 67 1 6597
75 2 1 5823
17 79 1 8239
3 71 0 5401
46 15 1 6438
54 20 0 3011
7 4 0 7504
7 93 0 4027
35 86 1 2347
12 53 0 8051
88 22 0 7580
29 51 0 7236
62 82 0 869
37 35 0 8460
66 18 0 3778
54 41 0 597
83 35 0 1030
9 72 1 217
50 83 0 2001
21 70 1 9247
22 48 1 3082
71 96 0 5573
12 6 1 8218
76 98 1 7864
52 58 0 9617
82 32 1 7529
16 85 1 7364
14 8 0 4475
90 48 0 7414
81 72 1 706
51 64 0 2324
17 2 0 9229
28 98 1 7010
81 66 0 8698
37 38 1 5832
63 61 1 9402
80 42 1 7607
36 75 0 9084
49 71 0 7814
15 56 1 2635
18 75 0 5397
9 17 1 2713
10 2 0 8580
61 82 0 340
20 82 0 3083
6 95 0 979
61 72 0 9651
54 12 1 5793
26 20 1 1722
2 18 0 6475
98 4 0 1070
57 15 1 5788
71 15 1 2867
87 68 0 4603
58 83 1 3687
88 21 1 3689
21 32 0 5604
71 97 1 6080
15 50 0 8421
43 19 0 8434
74 47 1 1539
78 31 0 4623
60 64 0 2973
74 19 1 7894
28 46 1 6672
22 61 1 1718
83 63 1 6891
85 14 0 7686
91 36 0 8173
7 63 0 7540
5 11 1 1561
57 48 1 6868
15 88 0 7287
33 77 1 2007
15 69 1 7986
45 7 0 4640
5 86 0 9727
2 66 0 85
59 6 0 3078
88 77 0 1318
18 85 0 2316
81 51 0 7209
17 48 1 6236
3 5 0 6795
66 69 1 9045
57 51 1 8214
52 80 0 8854
49 95 1 5694
79 48 1 2699
22 13 1 4813
34 94 0 4721
41 9 0 5285
2 3 1 3254
6 54 1 5373
75 45 0 4135
74 36 1 5352
12 51 0 5777
55 7 1 6388
58 96 1 9951
9 13 1 9565
70 26 0 233
97 34 1 9966
58 10 1 1492
88 70 1 667
57 72 0 7871
95 60 1 822
50 56 0 918
21 95 1 5687
99 90 1 6832
7 37 0 9282
77 79 0 1618
19 17 1 7478
46 75 1 269
14 80 1 8983
57 54 1 5342
45 100 0 3612
100 81 1 2061
21 71 1 5073
3 23 0 369
91 44 0 1427
27 90 1 1659
68 75 0 1516
85 37 0 1583
23 54 0 7248
46 83 0 7789
98 44 0 4072
6 66 1 1478
9 87 1 6392
39 37 1 2124
32 18 0 1046
34 70 1 2012
96 74 0 4416
83 10 1 7375
1 51 0 1347
67 43 0 2563
50 78 1 8378
41 76 0 161
42 57 0 2790
35 48 1 3179
74 62 0 7985
16 30 0 8531
5 47 0 8124
85 81 1 8296
15 48 1 6706
40 4 1 6705
19 62 0 1448
94 58 0 3411
77 49 0 9743
12 30 0 5326
79 34 1 802
33 65 0 5699
85 73 1 5873
61 49 1 2925
37 23 1 3106
71 94 1 2518
21 55 1 4043
3 20 0 3468
93 84 1 9273
43 99 1 6279
78 71 0 4128
42 72 1 1700
68 39 1 6399
2 83 1 9159
68 40 0 8176
79 39 1 8097
73 93 1 9286
32 14 1 4357
70 57 0 2144
45 76 0 7152
53 80 0 7642
60 93 0 4185
46 68 0 3767
2 37 1 9007
96 8 0 8665
75 29 0 4934
95 39 1 6940
35 83 1 9649
11 71 0 5200
21 96 1 7568
55 37 1 777
72 85 0 9325
14 49 0 8767
96 63 1 6216
48 11 0 6692
8 52 1 8713
1 55 1 7485
39 47 1 3867
67 42 1 8658
32 38 0 9388
84 73 1 324
43 56 0 2996
37 84 0 9699
62 92 1 511
26 46 1 7464
73 52 1 5278
92 36 1 5659
48 55 1 1055
11 37 0 1942
98 36 1 6299
8 3 0 3279
44 33 1 516
100 1 0 2006
78 94 1 1881
3 18 1 9679
33 7 0 7137
5 89 0 5445
19 25 1 1481
47 64 1 1316
99 74 0 9459
12 15 0 7010
63 13 0 3008
11 38 1 770
10 40 1 8967
28 94 0 2316
3 85 0 8488
78 34 0 8777
93 22 0 7581
78 64 0 801
21 100 1 8901
17 14 1 6798
13 35 0 75
85 87 1 5929
2 91 0 4668
80 49 0 4475
33 27 1 3045
92 12 1 2419
39 29 0 3712
26 74 0 4962
3 90 0 5891
81 23 0 5026
83 17 1 6664
57 49 0 2668
33 25 1 1538
67 86 0 2025
23 26 0 4102
57 41 1 5704
25 45 0 2422
80 38 0 1934
98 61 1 4576
3 95 0 4192
92 61 0 6937
44 12 1 876
65 98 0 2047
9 4 0 5729
16 22 0 1855
88 63 0 1024
8 51 0 1280
18 31 0 9527
86 78 1 5495
31 97 1 9827
92 7 1 3252
89 58 0 2308
90 47 1 9433
80 98 1 4530
4 84 0 9208
91 57 1 120
53 51 0 941
100 7 0 2249
83 36 0 5980
84 87 1 668
50 11 0 2907
4 13 0 1259
64 57 0 4333
58 67 0 4611
72 4 0 8417
18 76 0 8361
36 33 1 6424
24 58 1 694
67 39 0 1282
98 32 0 5447
16 46 1 1819
42 2 0 9214
18 29 1 4369
95 9 0 26
34 37 1 6953
75 94 0 5174
37 80 1 7613
76 86 1 8683
37 79 1 810
61 81 0 7675
39 81 0 5578
74 46 1 9794
94 22 1 2237
40 66 1 1870
81 34 0 3460
78 70 1 2051
62 16 0 8009
84 78 1 8958
87 46 0 5791
40 62 0 7038
60 86 0 651
11 13 1 7933
70 9 0 642
97 61 0 7595
89 34 0 5305
30 5 0 3195
53 20 0 1096
84 94 1 6213
76 18 1 8996
91 66 0 2616
88 68 1 5314
35 65 0 8558
18 51 0 1873
72 66 0 7149
22 18 1 3366
31 39 1 8863
19 2 1 191
23 4 0 1929
82 75 1 6615
63 81 1 6927
40 49 0 9219
74 29 1 6466
62 71 1 4995
27 78 0 9384
78 2 1 191
49 69 0 2463
77 21 1 8343
54 58 0 3329
61 68 0 1001
42 38 1 6123
96 30 1 5524
32 64 0 827
83 96 0 8869
34 5 1 9984
98 29 0 7210
61 13 1 4535
95 23 1 4046
51 41 1 8470
66 34 0 9275
70 8 0 664
47 9 1 9836
32 35 1 3668
91 96 0 9858
78 36 1 8569
51 9 1 7291
5 48 1 7340
85 36 1 7013
39 89 0 8708
88 35 1 5282
54 16 0 8191
65 96 0 2177
73 19 0 4767
66 26 0 127
18 2 0 2848
10 64 0 6925
5 4 1 3228
25 76 1 5895
21 19 0 9620
58 44 1 609
15 17 0 3848
25 63 0 8417
25 24 1 7708
44 31 0 7175
43 79 1 2171
89 51 0 7108
77 43 1 7277
62 97 1 5224
76 39 1 939
6 46 0 9540
5 49 1 9549
7 28 1 4580
24 47 0 4265
58 42 1 7246
80 77 0 3549
40 8 0 6827
65 28 0 6629
52 39 1 2496
86 63 0 8597
35 13 0 1593
30 52 0 1688
79 43 1 857
61 83 0 2215
91 5 0 8386
42 88 0 6837
36 69 0 9033
54 5 0 8181
91 80 0 4705
2 87 0 893
86 17 1 7701
9 91 1 1290
16 97 1 5042
16 41 0 4302
6 84 1 2949
74 55 0 1091
42 59 0 9190
78 97 1 9434
70 38 1 9284
32 75 1 2477
95 45 0 6833
28 7 1 708
84 90 0 5861
35 42 0 2652
40 30 1 4221
49 48 0 3998
45 80 1 2689
29 14 0 4602
86 25 0 3959
73 11 0 9443
93 86 1 7531
90 13 0 4281
81 84 1 5512
30 54 1 5822
21 98 0 5303
86 32 1 72
91 76 1 6219
54 60 1 709
39 58 1 5633
93 48 1 1957
52 18 1 8202
57 98 0 1922
11 26 1 6616
27 74 1 4418
60 100 1 4218
87 82 1 8542
35 84 0 8535
89 9 1 6815
38 20 0 3032
94 93 0 781
68 8 0 7331
84 3 0 2972
46 34 0 5050
41 80 0 5722
43 85 0 8165
95 41 0 9926
22 76 0 3558
24 3 1 3129
26 56 1 4701
39 73 0 285
24 34 1 4475
20 34 0 1309
46 82 1 2969
48 53 0 9668
41 55 1 6541
44 24 1 1129
4 64 1 9289
9 19 0 5277
48 56 0 6719
57 22 1 3487
68 23 1 55
8 17 0 9217
82 13 0 6289
54 86 0 5345
82 14 0 52
9 34 1 2058
60 27 1 3071
36 83 0 7776
23 11 0 6288
24 50 1 3570
55 4 0 6342
36 67 1 3055
81 3 0 8592
99 58 1 6858
67 61 0 4612
70 89 1 943
4 47 1 426
77 73 0 5193
44 53 1 2002
81 61 1 1362
29 38 0 7674
41 98 1 8558
50 55 0 6960
12 57 1 2132
36 99 1 1094
61 67 0 6639
68 5 1 149
48 23 0 4561
75 5 1 6765
52 45 1 7186
63 46 1 7554
94 39 0 124
32 61 1 1410
20 52 0 4365
44 9 0 9611
51 33 0 2614
13 43 1 1677
59 24 0 3119
90 66 1 5368
62 98 0 6836
31 78 1 6876
4 39 1 3827
14 5 0 6244
93 57 0 3838
15 89 1 4561
18 28 1 2146
45 74 1 2027
5 24 1 7343
74 39 0 7481
8 47 0 857
61 47 1 2803
51 47 0 4694
24 25 1 8573
65 22 0 7081
71 62 0 5262
19 96 1 1634
34 57 1 4100
79 28 0 7354
62 52 1 1814
64 68 1 3014
56 27 1 7853
9 40 1 6068
67 91 1 3820
3 70 0 9015
95 37 0 8492
96 67 1 2859
55 68 1 6024
90 30 0 8133
31 54 1 4175
99 16 0 985
9 95 1 7031
54 30 1 1447
86 84 0 5868
11 20 1 250
53 3 1 420
26 8 1 9895
22 68 1 3414
100 20 0 7433
9 7 1 819
48 50 1 410
45 87 1 7393
88 83 1 9670
32 33 1 2337
53 96 1 3194
10 59 1 5727
1 13 1 2905
20 84 0 4226
12 31 1 2346
72 36 0 4481
76 92 1 8735
79 6 1 2112
20 54 0 6606
43 5 0 9158
80 8 1 1212
67 33 1 7601
14 74 0 708
40 100 1 7382
62 1 0 8376
4 38 0 3905
53 13 1 6762
53 97 1 2273
75 56 0 8418
76 19 0 1844
61 78 1 7115
89 72 1 3399
36 23 1 9213
90 17 1 7699
12 69 0 3287
44 30 1 6931
6 17 0 6698
47 15 1 9223
17 78 0 6763
5 75 1 5493
95 2 0 3726
15 7 0 203
83 91 1 18
74 77 1 413
65 84 0 8417
7 32 1 6643
47 43 0 5104
57 24 0 2701
87 33 1 164
77 39 1 7552
30 60 0 4600
44 10 1 5655
65 59 0 3039
76 48 0 3797
91 18 1 9299
90 18 0 5674
70 32 0 6963
26 39 1 97
87 15 1 5037
32 77 1 9692
40 20 1 2720
78 72 0 9817
75 14 0 8560
3 8 0 4911
25 34 0 6512
28 81 0 3120
35 17 0 3528
76 3 0 2195
42 10 0 2331
2 84 0 9271
55 95 1 4144
87 13 0 2738
70 36 1 751
58 8 1 9646
58 72 1 452
27 77 0 2352
79 11 1 7953
17 62 1 8352
99 12 0 8883
33 20 0 8794
16 3 0 5243
79 19 0 6082
30 67 1 526
89 7 1 3306
16 43 1 3669
24 41 1 3358
28 29 0 8888
60 19 0 7920
81 53 0 6628
71 32 1 9953
30 6 1 6560
26 79 1 3719
82 73 0 1142
58 21 1 7597
38 26 0 2768
19 87 0 3493
81 64 1 2281
56 74 0 4940
30 100 0 7306
85 86 0 4370
97 19 1 774
81 20 0 6103
28 66 1 1679
27 41 0 5429
2 74 0 3577
80 55 0 4639
1 33 1 2879
17 28 1 5664
24 38 0 821
78 75 1 5545
31 80 1 5200
18 90 1 6161
74 51 0 7079
80 26 1 4575
38 23 0 2435
88 2 0 2714
93 34 1 7541
11 74 0 9693
11 54 0 6810
15 25 0 2557
75 78 0 4524
15 67 1 8916
4 28 0 9889
1 18 1 1222
11 64 1 9108
47 71 0 2230
99 37 1 5378
30 98 1 5848
42 77 0 139
3 67 0 2594
16 73 0 8793
28 13 1 2664
89 41 1 8736
100 94 1 5702
48 79 1 8804
81 100 1 4059
41 97 0 8816
21 44 1 7633
50 53 0 6853
41 87 1 7874
36 82 1 9344
50 16 1 1258
20 88 1 823
27 16 0 2670
27 49 0 8624
23 35 0 284
55 5 1 8533
23 89 0 4098
74 25 1 3707
54 56 1 9176
94 86 1 2570
93 37 1 1415
96 76 1 2991
62 17 0 4825
46 80 0 4677
92 99 1 2057
50 28 1 6728
82 92 1 6648
8 7 1 4729
19 76 1 8322
59 89 0 4472
58 5 1 7696
4 95 0 1703
16 100 1 6702
11 94 1 7196
94 90 0 2993
79 38 1 7741
19 3 0 7967
18 58 1 1800
4 59 1 5678
46 81 1 8362
73 62 0 8668
23 40 1 4801
28 47 1 5042
56 69 1 6053
63 23 0 529
56 90 0 1219
51 100 1 1969
61 32 0 4960
71 28 1 2840
61 18 1 6268
45 82 0 3255
100 62 0 2079
97 5 0 2832
60 46 1 4341
28 22 0 450
61 89 1 8979
30 31 1 6928
36 4 0 9430
44 59 1 6511
22 98 0 7529
53 14 1 3473
79 53 1 5180
30 70 1 4224
31 18 0 9197
90 5 0 742
50 38 0 3473
47 26 0 4082
12 26 1 8353
26 78 0 2929
1 20 0 3680
35 66 0 6116
23 52 1 272
17 30 1 1399
66 33 1 7168
16 59 0 2040
10 80 0 2525
42 46 1 766
47 58 0 4176
51 13 1 5421
21 4 1 7
93 97 0 2904
91 23 1 8573
46 1 1 533
93 78 1 8246
3 46 1 6871
69 32 0 3768
14 91 1 4647
96 4 0 7125
4 8 0 991
78 93 1 3739
1 29 1 3818
80 48 1 24
29 66 1 768
38 2 0 598
75 66 0 4899
99 93 0 2264
90 71 1 4053
38 100 0 1783
34 11 1 5290
48 57 1 5273
16 6 0 9759
86 75 1 2727
17 35 0 8108
63 76 0 523
21 91 1 1142
97 79 1 4029
92 47 1 8848
54 98 1 7441
7 2 0 3372
71 63 0 5701
11 58 0 1069
91 37 1 7987
37 49 0 9504
73 42 1 6383
3 59 0 1331
5 63 1 9154
24 19 1 4713
80 39 1 2491
78 14 0 3079
26 2 1 5622
49 67 1 5058
3 73 0 7981
42 64 0 7797
84 36 0 2919
4 87 1 424
46 87 1 1377
51 43 0 6720
61 27 1 9772
15 11 1 6994
50 1 1 8442
36 47 1 7555
87 17 0 540
78 37 1 5457
70 88 1 7702
14 10 0 4005
26 34 1 7815
23 56 1 5726
10 21 1 2714
7 87 0 7435
59 26 1 5637
71 75 1 5104
7 46 1 6887
49 25 0 6543
36 19 1 2243
10 28 0 3391
85 28 0 1287
99 39 1 6361
71 57 0 3913
90 37 0 342
75 77 0 2771
32 22 0 4158
84 39 1 2677
96 88 1 2093
98 5 1 8993
83 87 1 6692
6 68 1 6116
82 89 0 3400
1 87 1 1903
29 25 0 1081
40 96 0 4962
2 97 0 8722
96 14 0 9921
13 3 0 9525
40 29 0 4696
88 67 0 439
17 84 1 8453
20 31 1 984
26 62 0 7182
71 80 1 2042
82 26 1 2455
24 37 1 1652
34 21 1 5878
45 41 1 5798
75 47 0 4427
63 52 0 5692
53 91 1 2432
3 52 0 4972
91 67 1 2092
16 32 0 2785
51 24 1 130
2 36 1 3278
90 61 0 2271
85 78 1 5637
30 13 0 8159
25 7 1 2583
98 20 0 3963
97 10 0 5121
13 53 1 8776
26 41 0 866
74 28 1 4885
92 52 0 3668
13 8 1 6207
52 6 0 1442
43 55 0 3929
70 11 1 7192
57 45 0 2956
89 88 0 4543
83 80 1 9630
55 89 0 5884
47 49 1 3620
30 51 1 8044
2 98 1 1180
100 42 1 2164
7 54 0 249
71 62 1 6353
71 56 1 2216
90 33 1 3551
22 90 0 1711
35 9 0 9895
39 61 1 9791
54 45 0 756
38 16 1 6760
16 39 1 6936
44 37 1 7179
58 81 0 4305
68 9 1 225
11 33 1 1097
13 4 1 6090
47 20 1 392
33 93 1 836
68 89 1 4146
72 27 1 5445
12 48 1 87
87 88 1 8878
89 14 1 2282
1 16 1 7808
13 44 0 6441
100 71 0 1960
67 50 0 4664
77 27 1 1558
3 64 1 8002
66 42 0 5832
97 94 1 8492
17 6 0 871
13 48 1 4129
88 97 0 1015
23 25 0 3205
63 31 1 1498
97 51 1 9323
53 87 1 8067
99 17 0 4002
51 28 0 2577
66 95 1 7619
85 67 0 1008
20 7 1 6490
21 58 0 9107
55 65 0 1785
32 23 1 9251
36 2 0 5554
93 17 1 9339
62 73 0 979
12 46 1 8500
14 36 1 2260
66 29 0 2920
92 16 1 2775
59 83 1 7128
92 31 1 7891
95 27 1 9878
75 37 0 6738
33 46 1 4201
36 92 0 1739
1 88 0 4279
90 75 0 5480
90 56 0 3705
30 35 0 7013
90 73 0 8272
35 11 0 1664
96 97 1 859
10 99 1 818
97 42 1 1430
59 19 1 8766
20 27 0 2860
16 67 1 6755
81 8 0 1857
83 15 0 9669
92 79 0 479
22 26 0 9685
69 16 1 3333
75 63 1 1788
63 82 1 1147
33 63 0 5042
72 93 0 4335
74 56 1 8999
48 72 0 7882
58 22 1 8988
94 74 1 7896
33 82 1 4850
12 83 1 2306
15 33 1 73
50 32 1 1408
95 80 1 2475
6 26 1 5667
45 20 1 1927
97 4 1 8037
71 53 0 876
62 41 1 1141
25 89 0 5841
97 85 1 8715
23 88 1 2839
77 6 1 6045
98 99 0 1478
6 23 0 5336
11 41 1 7237
34 17 0 2892
95 31 0 511
93 43 1 1185
4 60 0 4695
1 79 1 9811
55 69 0 7957
1 72 1 9426
52 74 0 3825
25 51 0 9890
24 54 1 3308
68 46 1 5505
62 53 0 7376
73 21 1 444
13 97 1 6355
63 8 1 1672
41 24 0 3414
19 32 1 5626
36 30 1 7273
54 90 0 2210
25 31 0 5761
73 58 1 2734
64 87 0 8463
54 99 1 835
63 45 0 6762
18 1 1 8594
1 54 0 7517
73 38 1 3433
1 7 1 9449
8 46 1 1326
76 55 0 8239
57 53 1 3688
46 36 1 7378
24 20 0 5935
82 51 1 9531
74 73 0 5307
76 75 0 2632
88 61 0 8739
41 20 1 9228
75 95 0 4582
85 44 1 945
25 19 0 4063
84 66 0 6398
39 7 0 6623
88 43 1 9516
97 74 0 712
38 37 1 5053
10 57 1 9019
60 1 1 4204
83 44 0 3032
38 39 1 3016
65 95 1 53
94 59 1 2715
36 80 1 1152
91 47 0 2150
26 12 1 3511
64 58 0 1302
86 40 0 1993
39 4 0 9591
42 36 1 6961
7 85 1 7936
5 97 1 7574
46 20 0 5424
92 66 1 3649
37 14 1 3519
64 63 1 3119
39 66 0 2490
32 65 1 3009
92 88 0 2827
77 93 1 6477
27 89 1 5437
26 27 0 9950
32 29 0 1627
35 75 1 5359
53 36 0 7691
89 44 0 6754
89 69 0 8916
4 96 0 6339
41 36 1 6901
76 12 1 5301
21 53 1 2213
59 57 1 2028
79 71 1 1795
28 38 0 2251
52 3 0 5213
56 31 1 2583
42 35 1 3265
55 83 1 7670
22 62 1 4101
20 12 1 243
9 64 0 4293
10 44 0 2203
46 69 1 224
63 85 0 2543
36 77 0 1559
45 56 0 6365
89 80 0 1162
85 75 1 4157
56 46 0 2477
41 96 1 42
64 15 1 8813
97 53 0 8101
94 13 1 9777
36 63 0 650
77 19 0 1213
92 1 1 3786
95 3 1 3827
94 25 1 6824
40 44 0 2398
2 19 1 2
93 44 0 8232
4 65 1 1570
86 44 1 1358
30 32 0 2037
73 67 0 5162
10 81 0 2126
100 21 1 1304
18 62 1 3088
91 94 0 8192
32 31 1 3383
81 46 1 9172
56 7 1 4862
40 21 0 5323
11 31 1 9114
87 12 0 252
60 13 1 4143
48 70 0 6150
64 52 0 9796
31 26 1 4575
31 95 1 8670
83 26 1 4999
98 3 0 536
32 83 0 3623
44 85 0 8374
96 6 1 9734
47 83 1 3181
81 65 1 671
13 45 1 2241
59 63 0 7619
9 27 0 4201
46 37 1 1099
5 51 0 3580
87 65 1 950
19 13 1 8623
86 14 0 7829
44 91 1 6173
26 96 1 9580
79 82 1 4008
76 14 1 6980
56 58 1 3797
5 72 0 1560
3 74 0 4387
26 83 0 8904
67 71 1 8010
53 81 1 8120
75 96 1 3741
20 51 0 3655
96 7 1 7968
89 99 0 7820
99 95 1 8988
59 30 0 2223
93 59 0 8471
92 42 0 4922
44 38 1 8129
19 97 1 6223
47 33 0 7410
68 86 1 6282
63 24 0 9454
16 9 0 2015
33 97 1 4363
63 3 0 7078
66 37 1 3512
94 49 0 1472
93 66 1 6617
42 73 0 6234
78 25 1 3213
31 62 0 5242
8 69 1 892
44 36 1 1933
59 61 0 169
26 58 0 4662
46 88 0 9084
72 21 0 6988
2 13 0 1166
26 76 0 2029
82 46 0 4652
19 9 1 1923
80 19 0 6006
98 19 0 8975
56 86 0 5595
78 33 1 4602
18 91 0 9910
55 91 0 5943
9 88 0 4552
2 62 1 8284
31 4 1 6989
68 65 1 9298
2 80 1 588
4 82 0 3474
43 13 1 3876
16 75 1 7748
44 2 1 3785
11 89 0 2657
23 16 1 6809
85 31 1 1249
55 20 1 2709
56 36 0 8100
92 50 0 5151
21 24 0 4125
84 96 0 5230
67 8 1 1875
26 44 0 6995
12 61 0 1377
50 94 1 8028
5 94 1 5026
55 61 1 4991
75 23 1 7939
69 9 1 4421
60 52 1 8105
17 81 0 749
47 52 1 1495
44 82 0 6249
33 31 1 8804
47 88 1 190
54 29 0 4706
27 9 0 7873
84 93 0 8045
9 10 1 1467
96 64 1 8445
44 81 0 731
67 73 0 6755
5 88 0 9143
83 39 0 4279
95 87 1 1707
69 68 0 696
67 80 0 2160
64 71 1 2815
51 46 0 7048
66 8 0 7629
71 4 0 198
71 43 1 3562
42 8 0 5695
45 50 1 6830
93 29 1 6412
28 31 0 1817
29 17 0 3095
89 63 1 6918
85 82 1 4006
72 45 1 4507
18 42 1 5312
12 88 1 8954
21 12 0 2673
52 17 1 8863
47 30 1 7871
29 64 1 4941
80 88 1 4281
63 69 1 4554
32 66 1 8262
26 49 0 2812
12 43 0 9414
15 85 1 688
13 29 1 4450
29 88 1 5351
91 61 1 594
11 12 0 7351
38 56 0 3846
44 90 0 6189
24 99 1 8910
18 71 1 1611
73 30 0 2312
19 47 0 1608
21 90 0 4316
16 21 0 5161
47 2 0 7306
88 86 0 8638
38 30 1 698
46 72 0 1228
49 18 1 8130
34 98 0 7640
62 37 1 5513
61 33 1 1046
31 30 0 1249
29 23 1 4524
47 81 0 7917
33 88 1 1291
87 35 0 2055
84 65 0 892
28 59 1 1841
26 85 0 8762
14 81 0 3320
14 64 1 6032
9 68 1 7341
7 40 1 1453
39 8 1 7085
3 100 1 8045
99 100 1 9624
31 75 0 5757
63 37 1 5142
95 12 1 6236
1 50 1 8405
71 82 1 2707
45 77 0 6792
39 100 0 9542
74 50 0 1981
92 27 0 229
59 56 0 7259
2 79 1 1035
30 47 1 5847
72 97 0 2078
92 32 0 6242
10 31 1 1035
95 58 0 3641
94 73 1 2439
90 49 0 2722
1 64 1 3897
91 39 1 418
17 72 1 1134
79 42 1 4376
10 67 0 2204
25 49 0 8768
82 56 1 4457
78 69 0 3381
4 91 1 3879
98 80 0 3116
22 58 0 7992
60 83 1 576
59 35 0 6965
12 16 0 2391
53 60 0 6644
24 89 0 1331
37 76 0 2420
16 53 0 8179
86 53 0 646
42 61 1 7129
75 31 0 2087
52 27 0 9574
39 41 0 4261
30 56 1 3685
34 14 1 1131
6 73 1 3279
16 93 1 7683
19 73 1 5001
81 80 1 4853
61 31 0 2696
91 27 1 4296
51 79 0 9464
32 47 0 1656
65 26 1 9892
20 99 0 1734
19 94 1 2750
84 60 0 8835
88 95 0 2653
39 83 1 5857
82 61 1 8091
42 30 0 2443
83 8 0 1885
80 25 1 8653
96 92 0 4656
2 20 0 1509
48 44 0 4925
37 11 0 6332
65 5 0 1498
53 52 0 4142
41 23 0 7740
44 64 1 9955
79 88 0 2614
60 16 1 119
59 25 1 1120
45 85 0 9515
47 55 0 7751
95 65 0 9336
37 58 1 9025
22 65 1 7551
17 4 1 3693
14 90 1 30
25 71 0 9166
53 66 0 7813
46 58 0 5294
35 31 1 2313
18 7 0 1009
31 35 0 7784
94 53 1 2489
55 47 1 5976
56 51 0 6226
58 61 0 4661
10 66 0 6957
45 39 1 2557
36 50 1 1669
11 86 1 2838
44 13 0 10
17 13 0 1442
93 70 1 123
17 77 0 330
30 80 1 8413
40 48 0 2281
90 12 0 3960
30 27 0 8268
32 69 0 1608
13 95 0 284
92 55 0 46
46 10 0 5606
33 87 0 1624
87 48 1 8093
34 72 0 1448
85 58 0 891
96 28 0 1978
56 3 0 4420
48 54 1 9768
57 37 0 740
72 87 1 4118
1 28 0 2493
97 28 0 8720
39 59 0 2651
95 52 0 7558
97 78 0 8366
45 17 1 4226
70 80 0 3947
5 85 1 9209
81 28 1 5188
51 89 1 3373
5 82 0 3586
47 54 1 6039
72 38 1 9468
64 93 0 8908
38 1 0 3072
34 16 0 3615
60 56 0 9622
4 86 0 4140
86 15 0 1659
69 22 0 1798
33 69 1 8994
13 54 0 1362
15 10 1 8718
22 39 0 9816
82 55 0 8918
97 100 0 7136
62 94 0 3376
97 16 1 9983
88 94 0 1713
69 58 0 6941
56 1 1 9778
79 99 0 9062
32 88 0 3675
63 62 1 815
85 74 1 923
47 46 0 5506
17 83 1 6013
25 53 1 6291
72 81 1 3477
19 81 1 8589
52 47 0 8676
63 80 1 4000
41 63 1 4973
59 17 0 8012
63 53 0 377
56 85 1 3206
92 23 0 865
17 24 0 3651
73 89 0 4933
24 84 0 7572
48 99 1 9541
13 59 1 4707
55 62 0 9112
92 69 1 8052
95 62 0 4831
28 16 0 6610
96 40 1 2361
88 62 0 4128
60 8 1 7800
96 17 1 19
60 3 1 7193
94 83 0 1075
96 66 1 592
58 31 1 1360
91 21 1 8073
67 97 0 7325
63 74 0 9911
17 85 0 4402
86 2 1 2927
50 4 1 248
82 34 1 7969
2 16 0 586
85 68 0 5111
81 4 1 7312
9 1 1 4209
62 43 1 327
65 52 0 6805
36 40 0 2545
31 38 1 1706
55 88 0 7874
59 78 0 2260
9 47 1 2570
70 12 1 8907
93 79 1 9757
50 2 1 8086
31 8 0 6305
91 3 0 7668
14 11 1 9729
56 76 0 357
27 96 0 3142
66 50 1 4147
75 43 1 6685
19 88 1 2410
61 17 1 3395
8 1 0 7261
54 7 1 9382
79 65 1 2306
63 56 0 1735
11 39 0 4233
4 17 0 8889
35 81 1 7174
70 39 1 317
23 24 1 7377
57 28 0 8262
61 95 0 2709
59 8 1 3835
98 23 0 4996
38 85 0 4458
30 17 1 6226
37 36 0 1112
98 55 1 2153
52 34 0 8006
24 90 1 4878
60 41 0 797
10 73 1 9940
70 94 1 6149
85 90 1 3620
48 2 1 1806
35 20 0 1649
95 42 1 5469
96 98 0 4115
9 48 0 8743
22 23 1 3593
3 43 0 7811
91 19 0 4400
1 45 0 7658
96 70 1 2387
62 70 1 1760
21 11 1 7199
2 77 1 4304
92 39 1 9807
13 34 0 924
66 57 0 6312
62 43 0 6490
91 71 0 1291
38 18 0 6801
68 63 1 9689
55 31 1 8568
92 58 1 6448
78 21 1 7497
73 46 1 7332
25 21 0 7517
58 19 0 7680
77 92 1 9175
37 59 1 2705
37 31 0 6979
65 73 1 7633
96 47 1 6390
85 99 0 135
12 18 1 9191
22 51 1 955
89 36 0 2324
55 100 0 4378
15 36 1 2486
74 45 0 4027
18 92 0 5221
93 56 1 2113
88 60 1 9966
12 3 1 6898
67 47 0 3897
71 5 1 6575
31 29 1 4281
33 62 0 1223
52 68 0 617
26 15 1 5993
83 77 1 3550
66 5 1 2216
93 75 1 2222
40 51 1 9229
86 67 0 8504
84 52 0 675
20 5 1 9
46 14 1 4844
98 18 0 7648
100 11 0 3768
29 53 1 222
48 96 0 1730
15 9 0 9514
33 54 0 6468
46 41 1 9430
38 15 1 2370
10 62 1 2943
60 35 1 2106
46 97 1 6862
36 27 1 321
78 3 1 8571
72 54 1 1849
94 15 1 5904
45 83 1 9095
50 54 1 119
99 34 1 9616
35 72 1 7068
58 12 1 3212
80 54 0 2976
21 77 1 2258
6 79 0 7524
45 36 0 4692
36 20 0 87
71 55 1 891
94 5 0 4158
29 81 1 5826
35 51 1 4588
75 21 0 2587
44 55 0 8542
45 52 1 5774
51 81 0 3990
40 2 1 3045
62 13 1 5624
81 92 0 2187
54 21 0 4489
56 84 1 2650
27 2 0 7658
55 74 0 4167
80 5 0 3038
14 88 1 2889
51 50 1 982
9 30 0 1784
51 45 0 1139
23 77 0 9935
82 91 0 3139
1 24 1 5808
60 17 0 6
47 19 0 1609
30 26 1 8804
32 71 0 5445
97 69 0 6824
77 2 0 7729
86 98 0 7173
32 27 0 5690
86 37 1 5826
28 72 1 4187
57 60 0 2572
86 12 0 4233
52 72 1 1021
12 40 0 3965
36 91 0 1310
59 42 0 6435
45 27 1 3140
56 53 1 3493
66 44 1 667
20 22 0 206
13 47 1 4392
94 60 0 6978
80 70 1 2051
81 77 1 4522
59 97 0 15
71 83 1 8086
95 97 1 648
90 82 0 3073
20 11 0 1558
1 77 0 6062
44 72 0 9184
77 18 0 6307
100 6 0 4411
51 82 0 6313
42 76 0 340
77 67 0 4556
5 61 1 3026
74 31 1 8988
91 58 1 6519
17 31 1 8649
9 65 1 7078
50 48 1 3047
37 43 1 6317
33 94 0 2589
61 98 1 3536
65 29 0 1568
68 94 0 6495
60 84 0 4931
81 95 0 9342
10 90 0 8693
63 84 1 5274
26 16 1 8845
43 26 1 557
43 25 1 763
19 99 1 3563
83 9 0 2398
54 77 1 4822
79 78 0 3173
93 55 0 7454
87 77 0 448
60 53 1 3593
79 44 0 7584
78 22 0 4876
52 66 1 5665
98 100 1 7959
50 12 1 9131
68 13 1 4924
25 80 1 7889
71 44 1 7266
87 2 0 5746
28 30 1 6628
21 1 1 4685
2 70 1 2713
43 72 1 945
69 49 1 5741
89 92 1 4834
13 75 1 7453
35 92 1 5797
8 16 0 8864
58 20 0 6471
10 100 0 5145
23 50 1 2245
4 2 0 5485
33 13 0 5307
6 27 1 5635
81 9 1 4286
71 38 1 7835
56 44 1 943
99 41 0 8843
2 33 0 3220
65 56 1 9203
64 7 1 288
25 41 0 7639
39 63 0 8401
22 63 1 3531
8 66 0 7318
89 67 1 4348
22 14 1 7962
91 20 0 4443
88 40 1 4584
47 70 1 5524
14 67 0 9748
47 23 0 8001
7 83 1 5839
92 2 0 886
41 88 0 2738
93 54 0 7811
45 22 1 3508
23 39 1 6364
49 62 0 7094
32 84 1 5204
36 8 0 3133
70 93 0 3791
95 90 0 8258
65 63 0 3461
42 98 0 3414
64 13 1 6751
10 60 0 4755
34 9 1 2928
22 83 1 4324
61 90 0 1249
97 77 0 4635
60 36 0 4604
43 24 1 437
56 78 1 5890
90 77 0 6043
2 81 1 3414
67 52 1 5362
55 29 1 2469
4 44 0 2031
82 21 0 6812
60 9 0 9006
73 32 0 6754
19 64 1 1867
36 14 1 2474
66 2 0 3489
4 43 0 3893
54 59 1 9056
20 28 0 3847
45 78 1 9501
30 10 0 9002
86 72 0 8688
35 69 1 4638
36 68 0 6162
5 79 0 9303
50 45 1 8311
70 10 0 1588
85 17 0 9681
43 1 0 7824
84 58 0 9118
43 87 1 4506
28 92 1 9424
41 83 0 3490
73 37 1 6749
26 48 1 4928
16 63 0 1986
35 16 1 4034
73 61 0 4732
31 89 1 1143
77 5 1 8077
44 41 1 754
66 97 0 6065
75 6 1 7471
81 31 1 3379
88 91 0 3482
52 36 0 4495
28 78 1 4311
44 95 0 6393
44 66 0 4981
74 79 0 6709
7 11 1 1390
32 24 1 6700
18 35 0 9426
38 22 1 1946
8 22 0 1226
21 3 1 7390
77 28 0 6511
93 47 0 7458
3 12 1 8828
96 29 1 4963
28 87 0 5177
50 85 0 7313
83 6 0 9917
16 4 0 8663
93 39 0 5077
50 36 0 5456
90 95 0 4612
90 44 0 7512
52 13 1 4787
8 11 1 8351
38 90 1 8965
81 74 0 1265
26 5 1 4002
74 14 0 5214
62 96 1 7694
2 75 0 8777
34 43 1 5355
34 24 0 5556
63 54 0 4690
14 47 1 7795
53 16 0 6175
52 93 1 2886
34 3 0 9347
36 93 0 5032
89 20 0 4839
59 88 1 1722
89 4 1 7927
90 42 0 7799
69 48 0 8698
23 48 0 4492
65 11 0 7253
38 65 1 1854
5 20 1 9259
23 19 1 6810
12 8 0 5645
6 18 1 3776
88 13 0 773
37 18 1 3259
23 90 1 2481
79 76 0 3165
41 32 1 5337
69 31 1 3475
60 50 0 6312
69 81 1 936
80 57 0 1111
82 68 1 1986
40 93 0 5542
95 76 0 6170
25 65 1 3617
32 68 1 40
40 54 1 1204
34 19 1 4937
13 71 1 5041
31 53 1 4604
44 84 1 4681
40 11 0 2232
61 75 0 7718
87 92 1 6665
98 90 0 3538
63 29 0 7971
94 28 0 4644
17 38 1 7378
97 96 1 8494
45 59 0 1164
83 100 0 3896
51 44 0 5303
25 14 0 9678
94 56 1 3317
32 74 1 6771
37 45 0 7117
77 17 1 3058
37 12 1 8930
7 42 1 8317
73 20 0 8404
10 3 1 8272
32 80 1 7357
41 16 0 6087
66 65 0 5049
32 50 1 9097
76 36 0 8958
25 78 1 5640
68 81 0 5866
58 73 1 8183
37 7 1 9740
56 17 1 2597
96 95 1 9055
38 14 1 485
6 99 0 6170
10 70 0 1831
17 98 0 1815
99 50 0 2451
10 52 0 6410
33 92 0 2468
47 50 1 5281
32 51 0 2607
79 89 0 1806
34 81 0 670
66 88 0 9231
70 54 0 8251
40 56 0 1399
92 90 0 9927
1 3 1 426
64 99 0 8395
72 25 1 20
100 82 1 6684
42 12 0 9098
83 47 0 2650
35 68 1 2406
3 25 0 527
93 7 1 8375
81 10 1 7399
30 57 1 2094
44 22 0 2553
65 32 1 5865
2 85 1 11
97 29 1 8515
35 99 1 1537
21 54 0 7471
6 42 0 6430
77 76 0 8320
7 39 1 3841
24 6 1 5260
59 94 1 1924
35 53 0 3027
73 97 0 5252
84 77 1 5993
49 30 1 7093
45 67 0 5121
39 49 1 2918
12 90 1 8683
19 37 0 5966
49 75 1 9073
97 24 1 2870
76 70 0 2483
17 90 1 4355
34 92 1 2096
48 8 0 6219
14 1 1 7439
46 91 1 5408
55 35 0 1051
2 76 1 9585
91 82 1 9724
88 69 0 3891
23 9 1 336
39 30 1 184
47 90 0 2577
88 84 0 1454
41 13 1 6502
30 36 1 7809
2 27 0 9682
24 35 1 6397
46 8 1 9875
70 7 0 646
45 96 1 462
90 27 1 59
83 54 0 5971
53 59 0 6392
42 45 0 531
37 9 1 1102
17 23 0 3686
20 23 0 4527
64 78 1 9064
78 35 0 6177
30 59 1 3548
70 73 0 8945
17 70 0 5116
25 46 1 2149
56 68 0 8196
34 71 1 1539
31 61 1 8239
75 61 1 617
91 98 1 8425
19 21 1 6176
7 66 1 6835
46 65 0 6216
27 98 0 5812
40 80 1 4477
29 94 1 7213
29 71 1 15
43 81 1 936
8 63 0 6714
49 63 1 5479
6 55 1 1542
23 62 0 8494
27 48 0 2141
83 70 0 8196
88 75 1 6980
36 51 1 5353
74 58 1 9378
53 58 0 8781
62 84 0 1308
67 34 1 4846
40 34 0 6169
35 33 1 3537
27 26 0 1880
54 61 1 3238
54 95 1 2771
24 10 1 8220
39 14 0 4065
40 28 0 8752
56 48 1 7198
43 98 0 6641
86 20 1 3981
94 95 1 2883
63 94 0 8359
6 22 1 904
17 92 0 8496
85 50 0 6837
83 58 0 2053
22 3 1 1387
44 89 0 9659
23 30 0 8092
73 34 1 4719
59 62 1 6689
80 7 0 7590
25 90 1 177
89 84 1 41
85 93 1 7912
60 10 0 6659
68 54 0 2066
61 84 1 7224
12 37 1 5035
52 88 1 9777
100 37 0 8550
59 39 0 2976
24 78 1 6165
28 34 1 2606
33 37 0 6769
67 51 0 6215
41 85 1 7596
7 38 0 8655
29 2 0 1868
92 71 1 6502
60 24 0 9539
44 19 0 1632
76 71 1 4015
75 59 0 3984
73 100 0 1241
51 96 0 7883
2 73 1 4922
51 76 0 1188
23 97 1 4936
43 80 1 7708
91 59 1 4749
24 52 0 1
97 11 0 6661
19 93 1 371
38 95 1 275
43 27 1 1094
57 71 0 7159
82 1 0 3275
71 54 0 4584
48 15 0 37
54 8 1 7640
27 55 0 4065
26 70 0 3968
56 82 1 4303
34 38 1 7753
48 62 1 1294
87 11 1 8557
87 29 1 9258
90 67 0 9723
28 23 0 9540
19 35 0 6307
8 23 0 2703
79 4 0 9954
18 8 0 222
39 3 1 2204
37 17 0 9059
11 56 0 7849
87 100 1 3592
66 38 0 8146
81 50 0 9797
86 71 1 2807
90 6 1 2446
11 28 0 617
8 37 0 1900
55 90 0 6949
91 78 1 9929
92 37 0 4028
49 43 0 6693
97 90 1 7833
26 10 1 2465
74 63 1 6113
19 39 0 7605
40 91 0 2288
71 34 0 4537
83 11 1 9333
41 74 1 4777
4 77 0 1945
18 84 0 3512
68 58 1 8047
31 51 1 6710
21 20 0 9300
30 28 1 1567
22 45 1 7193
18 34 1 5389
59 98 1 6148
68 67 0 1347
21 45 1 5536
6 97 0 4260
63 47 0 6125
84 56 0 5394
81 16 1 7336
74 23 0 5975
7 61 0 2725
89 12 0 1375
25 50 1 1790
8 98 1 8388
22 72 0 5014
37 56 0 255
94 65 0 1523
63 16 1 4977
98 52 0 819
21 61 0 2496
15 65 1 6597
51 61 1 7785
95 93 0 6091
84 5 0 5408
32 48 0 2106
72 10 1 3897
32 57 1 9709
73 54 0 5408
50 69 0 4188
13 98 0 5532
98 79 1 2620
23 32 0 6042
65 97 1 1070
80 92 1 2600
27 52 1 4051
59 96 0 6136
74 18 0 6380
87 76 1 3984
86 61 0 7955
40 46 0 3161
13 76 0 5183
74 71 1 772
96 50 0 4328
61 22 1 7938
33 57 1 7056
9 38 0 1036
88 38 0 44
53 99 1 3190
28 85 0 5302
23 1 0 2393
61 86 0 6136
100 66 0 2421
57 52 0 9127
5 17 1 1440
89 39 1 9225
32 93 1 362
81 88 0 8882
70 61 1 1467
5 29 1 9998
24 33 1 774
4 85 1 1175
92 22 1 6742
97 2 0 3747
56 41 0 70
7 36 1 7501
25 26 1 4996
48 92 0 6546
23 55 0 4967
42 66 0 6004
62 89 1 8210
91 86 0 9097
9 42 0 9532
67 22 1 842
14 83 0 1963
86 46 0 6387
20 55 1 3010
20 94 1 3273
76 63 1 752
18 97 0 675
94 20 0 2704
71 79 0 6135
8 95 1 4677
14 50 0 3710
43 76 1 3132
18 86 0 2668
37 92 1 6616
1 74 0 2914
16 47 0 9598
76 79 0 2910
96 22 1 6391
34 13 1 7503
15 61 0 455
37 47 0 2146
9 61 0 7048
65 7 0 6714
59 71 1 1626
62 72 0 2545
93 30 0 501
55 54 0 8694
65 61 0 9364
70 91 0 5174
4 54 1 3289
29 6 0 5744
70 58 1 1250
63 22 0 1891
30 37 0 556
35 25 0 2700
100 31 0 3004
99 21 1 6195
36 39 0 1428
67 14 0 7555
93 20 0 9511
51 69 1 3695
68 41 0 3138
80 69 0 2580
13 25 1 6673
14 37 0 8882
25 95 0 1860
85 57 1 7757
94 44 0 7839
21 69 0 8830
86 33 1 8694
29 62 1 1515
10 45 0 6767
77 95 1 9696
92 21 0 7928
36 97 1 4987
58 56 1 1232
52 7 0 8013
19 90 0 984
51 1 1 8941
69 40 0 9002
11 45 0 5356
36 58 0 2479
18 48 1 3986
62 49 1 2274
75 71 0 3951
12 91 0 6413
35 22 1 1664
26 97 1 6006
55 10 1 9907
22 17 0 1042
50 5 0 3391
44 68 1 231
34 18 1 275
51 7 1 8294
13 2 0 4427
92 19 0 3166
15 49 1 6978
67 59 0 4102
93 63 1 4959
19 85 1 9791
65 30 1 3792
4 33 1 3670
99 36 1 8405
86 30 1 8850
72 86 0 5416
39 78 1 6223
51 38 0 1408
70 83 0 5438
27 59 1 5607
43 53 1 1878
24 15 1 9432
6 77 0 4536
60 65 0 1242
9 99 1 6308
52 69 0 6522
64 86 1 2694
48 38 1 2539
2 42 1 1466
61 85 0 2617
92 40 0 2840
44 54 0 4622
100 28 1 9691
39 23 1 1106
12 77 1 3891
8 54 0 5728
31 79 0 696
24 81 0 6295
76 49 1 3381
73 25 1 6036
58 79 1 2242
86 51 1 896
79 73 0 4617
87 75 1 4991
91 56 1 8189
86 3 1 9992
32 46 1 5139
5 23 1 1941
6 80 1 279
42 87 1 948
77 53 0 4216
63 39 0 4287
70 20 0 9624
51 25 0 5038
15 16 1 4998
95 10 0 1149
57 20 1 2887
62 66 0 9034
97 75 1 4434
10 25 1 288
79 46 1 252
83 46 1 2599
57 33 1 1429
100 25 1 4112
83 67 1 525
42 62 0 3034
4 69 0 8820
91 70 1 2904
23 91 0 6083
96 41 0 993
16 14 0 111
61 56 1 4929
84 1 0 9094
37 86 0 2446
36 28 0 5976
21 79 0 3650
96 75 1 1256
41 86 0 7370
46 60 1 6154
6 69 1 9720
84 41 1 5497
97 36 0 6417
86 1 0 2900
66 87 1 7686
19 72 0 9397
1 84 0 1683
60 20 1 2004
45 86 0 2616
52 96 1 8040
27 83 1 9385
59 11 0 8963
24 82 1 6246
79 31 1 8886
76 72 0 1
66 7 0 9111
6 14 1 8532
10 18 0 3263
86 47 1 3699
14 99 0 4701
41 68 0 6222
25 93 0 1116
22 56 1 6818
77 74 1 9890
51 85 0 5939
64 56 1 3805
85 71 1 7691
64 65 1 277
40 3 0 7589
45 75 0 7436
86 91 1 1222
8 10 0 5785
98 39 0 8195
3 69 1 3645
18 44 0 5721
52 22 1 3081
100 29 0 3034
81 73 0 1550
11 51 1 5527
51 37 1 6353
29 1 0 7033
39 98 1 2751
40 76 0 1886
54 15 0 4235
18 69 1 6794
31 19 1 7243
99 46 1 5873
82 35 0 7279
12 10 1 3609
4 68 1 7737
28 36 1 4827
22 60 0 2319
32 13 1 5496
31 88 0 9670
98 46 1 3185
8 28 0 8687
53 42 0 8321
96 57 0 6475
49 50 1 8371
13 65 1 5569
88 74 0 5129
23 29 1 9496
28 54 1 6826
65 70 0 3241
34 7 1 4738
87 98 1 5757
25 8 1 8508
22 38 1 6466
68 3 0 239
28 95 1 1237
12 74 1 7320
22 16 0 1684
71 41 0 1139
56 34 1 1470
49 65 1 1662
72 90 0 1682
78 85 1 7390
77 42 1 7793
89 64 0 1012
21 85 0 8098
32 43 0 3523
1 48 1 7681
67 29 0 8293
35 91 1 9572
2 7 0 1369
79 1 0 2952
5 59 1 7005
67 95 1 8364
96 87 0 1984
10 5 1 4626
77 7 0 1716
37 57 0 3080
45 42 0 2805
49 10 0 8697
81 49 1 5543
38 60 1 8241
6 47 0 7159
92 76 0 706
8 50 1 1817
44 7 0 2517
18 81 1 7628
37 85 0 2858
79 45 1 1711
34 15 1 8671
71 69 1 9881
25 23 1 7795
13 27 0 4262
31 41 0 4001
46 79 1 3565
36 76 1 7707
74 24 1 7467
44 100 1 8449
55 42 1 5730
81 40 0 483
23 92 0 2762
57 75 1 9449
60 76 0 2902
58 41 1 8108
89 96 1 2311
9 97 0 6582
15 57 0 2667
41 6 1 7924
75 38 0 1143
95 70 0 5377
55 23 0 6747
53 45 1 9228
78 18 0 3966
83 37 1 4155
15 23 1 7672
91 69 1 8958
1 17 1 7512
29 7 1 3101
9 80 0 7079
99 32 1 9346
94 79 1 9905
91 95 0 867
44 93 1 5656
1 4 0 9445
45 73 0 5287
91 63 1 9687
78 55 0 9019
43 36 1 9530
52 60 0 9393
55 40 1 9524
89 19 1 7689
45 51 0 5671
65 53 0 5606
90 22 1 113
22 64 1 8922
60 33 0 2505
99 38 0 3808
37 63 0 2065
64 76 0 223
24 76 1 5333
74 84 0 2574
29 35 0 5841
10 96 0 8525
45 90 1 8006
49 82 1 4985
43 3 1 3429
62 44 0 4177
23 85 1 9907
3 22 0 3974
83 23 0 1233
91 9 0 6504
73 51 0 9242
100 2 1 3679
10 9 1 7444
39 62 1 1576
70 75 0 802
19 7 1 1667
8 94 0 713
10 19 0 8499
68 24 0 8889
31 16 1 2673
10 8 1 4325
78 89 0 3612
44 21 0 2791
52 94 0 3539
19 79 0 387
17 8 1 9565
7 41 1 8378
89 8 1 2666
43 11 0 8907
82 76 0 6323
44 73 0 9336
73 16 0 8
40 16 1 2658
12 35 1 1405
99 66 1 8748
72 79 0 835
54 34 0 1047
12 5 0 5432
3 11 1 459
11 90 0 1964
36 56 1 7095
76 2 0 6825
69 7 1 1142
35 77 0 6073
79 26 0 8195
55 19 1 979
97 20 1 9225
73 87 0 4487
27 71 0 7613
19 16 1 3767
52 29 0 2492
60 44 0 8248
87 86 0 7418
13 6 1 2887
57 84 0 2489
13 37 1 3757
98 91 0 7104
96 27 1 7409
33 30 1 5875
88 82 0 7213
97 22 1 5866
1 42 0 9912
51 23 0 5942
24 66 0 1145
46 90 1 7011
65 47 1 8395
7 53 1 6302
89 68 0 9219
50 81 0 9740
97 48 1 8018
32 90 1 2353
16 34 1 7228
32 92 0 7434
73 27 1 7914
36 55 1 8668
58 65 0 3192
86 52 0 1584
76 66 0 7172
62 20 0 4898
13 90 1 4840
15 53 1 722
22 97 0 4589
70 49 1 1156
84 54 0 8427
62 69 1 6707
70 18 0 944
66 14 1 8814
40 27 0 1168
58 38 0 1245
64 35 1 6423
81 17 1 976
84 49 1 1413
87 51 0 2112
46 9 1 7191
21 76 1 2368
46 26 1 8437
55 50 1 7491
19 28 0 2727
78 42 0 8012
12 47 0 2869
62 7 1 3634
28 93 0 5071
5 54 0 6437
20 71 0 8300
66 24 0 1926
52 15 1 8473
2 34 1 7961
56 81 1 4587
78 84 0 4623
40 6 0 3591
87 23 0 4405
21 75 1 2748
76 38 0 87
20 63 1 8948
78 27 1 8433
46 71 0 4588
44 15 0 669
38 78 0 3300
25 20 0 9116
62 88 1 1105
17 7 0 3227
13 77 0 8552
18 40 0 9052
99 57 1 2946
80 65 0 9145
88 10 0 6286
78 63 1 4439
62 27 0 7593
16 83 1 5879
64 92 1 3786
8 26 1 937
34 45 1 3345
86 16 0 3238
2 25 0 833
28 5 1 1697
54 76 1 2529
72 67 0 3046
5 36 1 8938
3 60 0 7757
43 2 0 6033
92 44 0 3950
6 70 0 6458
86 19 1 6128
27 6 1 7308
53 90 0 1535
53 54 1 1855
92 77 0 3309
82 19 0 8094
36 43 1 5214
20 2 1 2487
1 46 0 4674
16 72 0 2074
75 8 0 2755
46 51 0 3203
35 67 1 1794
86 31 0 7810
59 1 0 9598
81 93 0 4090
68 14 0 9031
43 63 0 524
85 95 1 3388
30 39 1 3848
78 57 0 7489
23 75 0 1165
42 11 1 2761
3 19 0 669
99 86 1 9170
88 6 1 669
45 99 0 9591
91 8 1 6603
62 38 1 3500
11 60 0 683
72 98 1 5550
28 43 1 7664
6 56 1 8188
3 68 1 6696
62 19 1 2346
33 48 1 7035
98 54 0 3835
52 92 0 9687
27 65 0 9180
54 36 1 504
23 8 0 7928
41 66 0 3726
53 28 1 5226
30 14 0 3732
62 11 1 2932
82 85 1 5789
51 73 0 5504
27 1 1 3748
76 56 0 7693
78 6 1 4177
65 43 0 7471
43 65 0 8921
67 63 0 5546
42 50 0 9953
87 9 0 962
23 18 0 3837
99 92 1 9851
93 82 0 3639
50 25 1 9039
15 21 1 3674
86 66 0 1001
54 2 1 984
90 74 0 7980
51 80 0 4620
55 2 0 3902
38 84 1 6183
5 70 0 2752
35 82 0 7007
14 20 0 944
30 76 0 5113
70 41 1 8117
39 42 1 4128
94 33 0 3831
100 98 0 4431
46 47 0 7821
99 27 1 3215
72 75 0 3047
50 95 1 9549
72 30 0 9465
100 32 1 3207
1 62 1 7046
66 54 0 3785
92 24 0 9281
78 13 1 4150
12 62 1 2719
87 8 0 6185
44 99 0 2872
29 26 0 7267
60 11 1 7565
90 4 1 9409
78 86 0 932
89 42 0 2215
79 29 0 8325
22 40 1 5986
68 22 0 1764
24 42 1 7029
31 90 1 8310
83 57 1 6412
50 15 0 8491
9 23 0 4531
76 33 1 4534
80 91 1 6640
36 86 0 6090
63 50 1 4792
11 1 0 3404
89 5 0 9616
61 5 1 5378
91 7 0 8433
92 14 0 973
84 33 1 5194
76 68 1 5310
1 69 0 9792
86 29 1 154
29 42 0 6835
55 36 1 1310
29 67 1 7480
84 2 1 9603
81 70 0 5748
79 64 0 1701
43 48 0 629
6 76 0 61
89 28 0 7446
62 28 1 5371
53 5 1 6647
19 29 0 8099
48 9 0 6833
46 76 0 8714
49 3 0 942
39 38 1 1089
23 100 0 3713
33 49 0 4609
1 89 0 2842
52 53 0 9601
68 100 0 2755
46 42 1 6865
82 54 0 2724
100 16 1 1694
73 55 1 2983
54 17 1 8943
99 82 0 7612
48 71 0 3362
91 46 0 1269
27 42 1 9187
28 65 0 6785
89 24 0 8976
59 4 0 2547
49 91 1 5545
41 50 0 1879
13 100 1 2615
52 46 1 9263
45 81 1 9188
57 35 0 4328
12 58 0 6231
58 39 1 1817
28 100 1 1706
99 62 1 9912
41 28 0 6809
1 58 1 4033
48 98 1 321
60 68 0 1640
23 98 1 4013
47 17 1 5155
80 72 0 9658
81 45 1 1135
82 10 0 4333
43 40 1 6213
79 86 1 4682
12 67 1 3018
79 17 1 3950
44 94 1 3243
80 85 1 6831
45 28 0 6635
37 87 0 941
4 51 1 6367
61 99 0 7732
72 59 1 7515
20 75 1 6203
49 33 0 3072
14 58 0 4643
89 76 1 8890
87 10 0 1840
25 94 0 4510
76 93 0 4264
38 81 0 6217
14 72 0 5560
9 67 1 6136
42 70 0 588
17 76 1 584
29 92 1 1365
56 63 1 7650
67 57 0 7369
25 85 1 2359
55 9 1 1270
13 12 1 8490
13 32 0 3702
35 38 1 7336
69 46 1 5412
35 47 0 1948
6 51 0 1516
53 85 1 8425
98 41 0 9333
14 84 1 7999
52 25 1 5577
28 6 0 94
25 29 0 6165
97 39 0 6140
36 7 1 3897
47 36 1 5410
49 89 1 5758
86 10 1 1393
74 3 1 2403
26 64 0 9140
40 61 1 7155
55 72 0 51
16 8 0 3498
94 98 0 7667
40 97 0 1272
38 53 1 8709
59 10 1 4594
42 16 0 8130
39 54 0 2123
82 65 0 3126
96 39 0 2811
66 11 1 7873
36 57 1 3570
63 5 0 4496
58 45 0 6338
28 71 0 2902
93 80 0 1893
37 78 0 2182
80 61 1 4344
79 12 0 8429
95 84 0 1062
13 85 1 5814
29 76 1 7428
17 56 0 2552
43 59 1 2360
69 88 0 2902
100 43 1 7076
34 44 1 4515
3 6 0 9553
79 59 0 2095
64 32 0 6082
45 49 1 1728
59 58 1 1938
15 47 0 2673
59 20 1 1294
64 14 0 374
10 13 0 9084
43 18 1 2358
74 90 1 7896
61 70 0 8054
40 85 0 3519
65 85 1 7356
70 76 0 9158
88 85 1 4658
6 100 1 3311
67 6 0 8419
62 80 1 9027
82 16 1 2028
21 27 1 8380
27 99 0 3272
54 75 0 7593
9 52 0 3519
9 84 0 6854
57 23 0 2084
82 98 1 5997
9 24 1 6086
84 9 1 4539
73 24 1 3281
34 100 0 3370
54 67 0 5535
93 67 1 6899
89 31 0 3124
50 59 1 3230
88 71 1 7524
44 51 1 3415
50 66 0 9412
49 98 0 151
76 23 0 7082
60 77 0 9740
49 22 1 3113
82 53 1 6494
82 27 1 7733
60 95 0 5926
31 2 0 9502
41 75 1 9491
15 1 0 3193
93 11 0 8341
89 10 0 5694
60 42 0 3464
18 13 1 1613
58 3 0 4864
71 66 1 9828
69 24 1 4621
65 37 0 897
61 19 1 4367
59 9 0 2904
60 47 0 5115
57 6 0 783
57 74 1 4997
58 88 0 1723
72 3 0 9044
89 2 1 5162
9 28 1 893
69 39 1 7070
98 33 1 9838
68 85 0 4510
89 52 1 3692
80 43 1 3890
59 12 0 6555
73 86 1 9049
97 3 1 4975
47 37 0 2669
11 49 1 4807
51 98 0 3332
42 85 0 1526
50 31 0 4957
68 17 1 4067
76 11 1 6100
53 26 0 1799
23 73 0 6763
82 67 0 6436
41 4 0 6328
53 2 1 7760
57 4 0 7451
88 46 0 4334
41 49 0 9550
85 18 0 533
96 20 1 7732
14 30 1 2507
23 60 1 9132
6 71 0 902
37 29 1 8453
8 79 0 5124
66 99 1 3596
42 27 1 1769
39 16 1 1874
70 34 0 1039
76 57 1 6503
39 92 0 2827
87 21 1 1742
4 56 1 7898
31 50 1 6158
61 100 1 8820
69 11 0 2069
65 33 0 4870
51 59 1 140
85 56 1 881
27 15 0 5102
22 53 0 6413
63 44 0 4436
42 34 1 1581
79 35 1 5823
42 43 1 4802
22 74 1 9557
50 26 0 3267
78 65 0 1595
59 76 1 1558
52 35 1 7899
85 30 0 6594
52 77 0 6920
53 22 1 7089
34 52 0 8728
20 76 0 2707
16 95 0 2412
64 77 0 1372
16 54 0 444
31 76 0 9318
91 75 1 9553
18 53 0 6227
93 49 1 6915
7 9 1 718
43 45 0 3220
7 26 1 8442
85 96 1 2326
40 95 0 9399
26 33 0 5808
92 45 0 9302
32 100 0 8178
75 54 0 1906
33 34 1 7906
69 89 1 1306
96 89 0 2613
28 60 0 4151
22 82 0 3432
51 65 1 9068
44 86 0 8131
22 44 0 7078
14 70 0 1771
79 62 0 974
75 91 0 533
38 99 1 7275
26 6 0 1249
54 38 0 2782
56 13 1 2728
8 4 0 6927
60 25 0 9789
38 66 0 3102
7 25 1 4969
43 89 0 1455
42 19 0 6637
49 81 0 453
92 41 1 401
43 4 1 7231
77 100 1 2067
26 80 0 1490
9 94 1 6513
80 67 1 9479
75 40 1 5357
23 3 1 4203
81 36 1 4755
15 24 1 4660
72 14 1 6458
50 41 0 3347
71 30 1 6757
28 53 0 7954
73 17 1 7680
12 72 1 4712
65 14 0 9586
34 78 1 5319
66 49 0 4291
44 71 1 9366
74 16 0 8821
55 53 1 7812
70 42 1 3126
72 5 0 2367
19 30 1 9186
27 61 0 9177
39 9 1 2378
55 13 1 2371
100 69 0 1037
75 89 0 8727
7 27 1 9033
86 80 1 8786
66 89 0 3172
61 94 0 8846
27 81 0 4790
66 59 1 5357
85 48 0 3703
89 73 1 8635
80 62 1 5653
24 97 1 562
28 25 0 8925
33 47 1 850
9 69 0 1837
72 20 0 7884
71 60 0 5146
69 60 1 7642
47 32 1 6341
53 31 1 2384
22 5 1 3425
49 13 1 7029
59 44 1 5075
31 46 1 4681
8 20 1 8570
13 10 1 3172
28 49 1 1095
68 37 1 6463
75 73 0 6686
49 83 0 78
28 39 1 2968
25 43 1 2510
12 95 1 2215
38 79 1 8934
99 51 1 3455
46 28 1 5978
24 14 0 1469
59 5 1 7788
69 80 1 3468
94 31 1 149
47 24 1 5307
17 63 0 8308
25 42 1 9109
79 68 1 2828
81 82 1 763
16 50 1 7556
33 17 0 1403
52 26 0 1185
73 63 0 4539
80 4 0 8843
78 46 1 6105
47 11 0 1070
75 92 0 5831
19 43 0 2238
37 70 0 5776
50 33 0 864
20 86 0 8729
26 77 0 1616
94 52 0 7369
80 13 1 7742
99 4 0 6454
10 42 0 5220
3 33 1 8361
69 51 0 8395
99 88 0 5976
12 19 1 8697
64 48 0 4097
23 41 0 5911
18 56 1 3247
11 59 0 8870
4 74 0 7764
71 85 0 5292
22 1 0 7827
98 92 1 8639
29 31 0 6273
77 55 1 6102
97 46 1 8478
57 25 1 8695
13 58 0 4887
69 72 0 9286
76 52 1 3263
100 49 1 7329
73 47 1 7275
66 81 1 2979
64 19 1 3505
74 13 1 7840
91 51 1 9177
36 87 1 9625
23 79 1 3224
100 73 0 7444
73 65 1 1415
12 64 1 895
34 74 1 1457
22 27 1 4409
74 81 0 6588
86 22 0 2150
10 98 0 3579
70 19 1 8984
91 1 1 35
39 67 0 6789
25 66 0 8547
47 80 0 3484
97 87 0 878
91 41 1 7544
75 82 0 3909
87 28 0 4391
70 78 0 2891
70 50 1 2152
36 29 0 3270
26 38 0 5437
45 18 0 473
7 65 1 2124
8 93 0 3490
1 12 0 8334
94 6 1 6806
69 70 1 1079
88 7 1 140
85 32 1 2765
29 80 1 6802
81 7 0 5089
1 14 0 1773
27 68 0 5597
52 95 1 7716
55 48 1 3738
100 51 1 7457
78 45 0 6403
94 41 1 4734
40 55 0 5366
37 13 0 8154
54 87 0 8728
27 85 1 7821
4 29 0 5185
62 55 1 9774
55 6 1 4783
4 12 1 1947
38 48 1 5381
9 8 1 8244
50 18 0 8321
19 18 0 3047
93 6 1 1454
86 28 1 4721
27 82 1 7606
14 21 0 5857
4 75 1 5223
37 90 0 5020
100 44 0 1638
10 92 0 3404
74 8 1 667
23 44 1 1058
50 24 0 5652
40 59 0 171
39 99 1 1245
69 4 1 5487
34 31 1 2316
98 65 1 9435
62 64 0 4435
23 86 1 2687
25 96 1 5443
4 70 1 4663
11 23 0 7735
11 43 0 1150
43 57 1 4054
9 29 1 8458
77 52 1 5692
77 85 0 6158
29 89 0 1202
4 53 0 4587
9 26 1 1287
47 61 1 6990
61 79 1 5016
48 51 1 5718
38 83 1 4052
92 28 1 3660
28 4 0 2812
29 45 0 2793
3 84 1 7285
63 11 1 8466
82 23 0 5059
95 13 1 3330
17 55 1 6442
3 77 0 3535
18 83 1 2264
55 92 1 1243
9 50 0 4350
25 86 1 2669
71 21 1 4100
50 22 0 2997
8 27 0 5064
7 33 1 2549
95 34 0 5009
1 60 0 9006
2 68 0 898
33 61 1 2977
73 50 1 7992
88 87 0 5924
57 17 1 884
20 15 0 6302
2 52 0 4365
69 12 0 8274
6 91 1 5507
14 35 1 126
17 51 1 7533
66 67 0 2398
8 71 1 2619
65 36 0 8158
35 41 1 7576
70 3 0 7450
61 23 0 9315
36 22 0 1998
94 11 0 9433
16 94 1 2666
6 90 0 3198
51 22 0 9181
30 78 0 2196
92 18 1 9074
79 63 0 6610
61 97 1 2855
95 53 0 7028
35 21 1 5229
48 47 0 9019
31 7 0 2420
8 29 1 2710
7 71 0 9022
1 22 1 8233
95 26 0 7386
86 95 1 2919
35 52 1 7583
37 3 0 1930
13 9 1 9687
86 27 0 310
92 57 0 2448
87 31 1 3735
83 50 0 2319
21 46 0 4439
62 83 0 7389
48 69 1 5600
36 35 1 2931
100 9 0 2643
32 39 1 4650
58 1 1 1743
81 48 0 5781
47 96 1 9279
49 8 1 15
58 55 0 7769
92 73 1 1084
44 20 0 2747
71 45 1 1319
100 80 0 7412
63 65 0 9646
14 48 0 5038
53 95 1 2271
88 20 1 4017
23 14 0 7043
95 46 0 2586
39 52 0 8577
24 67 1 7488
21 22 1 2861
26 67 1 4660
83 18 1 4219
16 80 0 609
46 49 0 5804
64 53 0 9544
24 88 1 2865
24 7 1 1996
21 73 0 5960
93 81 0 6223
19 83 1 5656
84 92 1 4755
97 64 1 8854
68 98 1 1259
27 80 0 5263
66 20 1 3993
97 59 1 1384
63 48 0 7425
36 11 0 4317
16 28 0 1309
78 99 1 4953
62 67 0 9147
58 91 0 6026
71 78 0 5917
14 32 0 3505
65 19 1 1065
68 76 0 1585
39 88 0 9665
81 29 1 1107
90 78 1 3144
11 52 1 9617
9 36 0 8112
32 2 0 6099
45 65 1 8107
96 12 1 5328
66 60 0 3086
77 71 0 6436
7 73 0 1706
59 32 1 4096
75 33 0 6416
94 29 1 2560
37 24 0 4182
98 95 1 4041
34 87 0 6458
41 15 0 818
84 53 1 6401
1 23 1 2882
6 13 1 1634
78 20 1 420
34 25 0 8335
84 71 0 798
75 15 0 2258
6 28 1 4288
47 10 1 2639
53 32 0 7728
95 5 0 967
86 69 0 8799
74 80 1 838
65 13 1 3221
93 99 1 7921
55 85 1 4030
43 41 0 7236
56 88 0 924
70 55 0 3394
84 8 0 293
4 37 0 7136
85 42 0 3816
78 83 0 4558
23 63 1 3628
42 28 1 8460
59 90 0 2151
17 9 0 5045
14 76 0 5982
27 3 1 5255
13 24 0 3671
27 17 0 9895
37 25 0 2219
75 85 0 520
10 36 1 2762
62 63 0 7034
21 43 1 8217
93 13 1 912
86 21 0 9631
94 23 1 3645
14 27 0 4761
8 25 1 6014
71 92 1 6486
65 81 1 6538
14 24 1 2387
98 76 0 8158
86 94 0 4914
47 86 0 8760
58 78 0 944
2 23 0 842
69 64 0 2
71 39 1 2861
60 4 0 5787
13 62 1 2405
68 53 1 8081
78 41 0 2684
19 92 0 2627
92 93 1 1242
2 53 0 8091
12 93 1 5894
23 70 1 7793
22 54 1 3343
12 97 0 7398
42 79 1 4540
10 46 1 4787
88 14 0 9031
84 30 0 6874
2 56 0 8309
41 31 1 2605
9 12 0 7711
57 68 0 3633
74 54 0 245
67 54 1 3340
93 69 1 7205
65 87 1 8580
66 73 1 2669
22 94 0 7619
34 73 1 8420
83 82 1 6614
2 95 0 6131
68 25 0 2613
15 92 0 7522
63 35 1 5636
73 83 1 7526
54 62 0 373
55 18 1 2797
15 4 0 9254
75 20 1 9280
12 73 0 7941
61 8 0 7600
50 90 0 1607
57 29 1 8381
35 23 0 9169
6 52 0 1598
87 56 0 8464
19 26 0 6261
14 18 0 7404
93 10 0 8477
15 73 0 7628
84 75 0 1450
99 42 1 4495
77 84 0 2278
23 61 0 9762
63 59 1 1100
76 84 1 5913
13 70 0 8100
65 16 0 3199
72 55 0 3365
16 69 1 2750
71 14 1 5395
77 50 1 9066
64 46 1 596
84 72 0 3142
14 55 1 8370
41 27 1 707
81 44 0 903
36 5 0 6455
53 94 0 5687
41 61 0 2585
45 47 0 5901
44 87 0 2772
69 18 0 9305
61 66 1 5951
17 68 0 563
89 83 0 5897
58 62 1 8020
15 34 1 2257
98 56 0 6983
22 73 1 2286
59 68 0 1652
59 87 0 9663
92 54 0 7396
53 23 0 1359
77 13 0 2090
51 15 1 9394
19 1 0 1291
28 20 1 2717
40 70 1 2179
66 71 0 3605
89 62 1 9570
46 52 1 6116
6 35 1 2301
65 31 0 7579
48 18 1 3215
96 99 1 4633
43 52 1 3148
40 45 0 9009
87 41 0 8123
14 42 1 5620
60 2 1 5373
86 34 0 2375
99 55 0 8088
34 23 0 2874
28 91 0 7160
27 70 1 2190
85 92 0 9216
65 72 1 3782
87 66 0 1698
76 43 0 5443
30 48 1 9970
84 17 1 7929
46 17 0 5249
52 24 0 7536
19 22 1 2150
8 12 0 8434
29 48 1 7800
98 38 0 4692
82 42 0 2818
42 65 1 4964
11 50 1 2645
32 53 1 3891
83 49 0 2448
5 95 0 171
58 74 0 6534
37 42 0 536
83 31 1 4694
69 79 0 5680
46 31 1 57
48 16 0 5433
85 39 1 1835
87 59 1 3420
3 87 0 4133
42 7 1 1616
92 64 0 3433
26 32 0 4553
11 88 0 1719
77 65 0 7418
5 80 0 8806
76 27 0 3836
3 56 1 6701
37 60 0 5028
33 15 1 9021
85 3 1 6723
67 92 0 7070
3 15 1 5157
14 63 0 8657
57 13 1 6999
76 78 1 1058
64 29 1 8711
91 79 1 5296
41 81 1 1656
20 96 0 9099
92 74 0 9173
43 21 0 715
79 24 0 3584
19 48 0 6518
15 62 0 6174
20 13 0 2716
30 89 0 4369
16 89 1 498
81 56 0 1859
76 7 0 5665
76 61 0 3768
51 14 0 9267
83 33 0 2488
95 47 0 5865
55 51 0 4631
3 26 0 4550
30 75 0 3184
83 74 0 9527
13 15 0 2445
61 62 1 3665
77 54 1 1738
97 35 0 1478
51 6 1 1417
57 70 0 1021
76 4 1 1467
84 70 0 6230
20 90 1 4361
16 65 0 3187
15 64 1 6040
94 87 1 4492
36 42 1 5947
13 18 0 2156
34 48 0 8142
27 20 1 3004
28 99 0 9595
98 51 1 4501
40 87 1 6634
32 99 0 2180
89 40 1 9158
1 37 0 4254
70 29 1 7163
94 71 1 6842
66 77 0 7516
89 35 0 2112
26 59 1 2249
43 70 1 9097
93 71 1 2653
59 36 0 4475
81 21 1 3506
16 68 1 1965
89 48 1 8498
79 10 0 7954
13 41 1 5967
64 50 1 876
91 2 0 5356
97 18 0 579
2 11 1 6478
74 49 0 1281
31 87 0 7881
95 64 1 8362
18 74 1 3502
22 88 0 6442
84 81 0 5903
28 61 1 3529
58 36 0 64
8 32 1 4579
95 91 1 7932
6 59 0 1327
14 39 0 480
29 57 1 8682
19 11 1 2717
20 29 1 2879
25 54 0 7541
100 8 1 1707
8 75 1 4849
59 93 1 9962
87 24 1 4803
9 20 1 8474
99 15 0 6458
57 58 1 9223
57 7 1 621
10 22 0 3026
15 72 0 9529
41 42 0 2687
100 53 1 4998
72 2 1 9433
53 63 1 8715
48 21 1 3791
65 89 1 1069
80 50 1 7247
10 69 0 3478
53 25 0 5684
47 56 0 7318
61 44 0 5129
41 12 0 2400
46 23 0 5193
16 81 0 1840
42 17 1 6597
50 80 1 6895
5 56 0 603
80 100 0 1
35 78 1 106
46 21 1 1999
35 71 1 7396
4 98 0 1418
65 44 0 3162
40 7 1 3963
97 23 0 8348
93 21 0 8326
79 61 1 9434
56 70 1 2285
22 15 1 2349
72 73 1 7698
49 51 0 1697
25 16 0 3837
97 86 1 9543
38 69 0 911
30 50 1 4430
48 90 1 5222
81 52 0 495
50 30 0 786
86 38 0 8544
33 11 0 4051
22 80 0 1424
14 29 1 7704
72 29 0 9052
60 61 1 8721
77 96 1 6355
25 69 1 924
45 69 1 4493
40 86 0 9643
91 97 1 9719
19 33 1 4593
11 44 1 5367
89 70 1 5792
37 22 0 4287
72 92 0 7140
74 5 1 2332
32 87 1 1635
25 48 1 894
72 68 1 6548
42 81 1 3682
94 84 1 899
90 21 0 3567
36 26 0 1648
55 93 1 4237
14 40 1 8839
63 40 1 6958
24 85 0 5336
11 25 1 9533
19 65 1 6292
12 99 1 863
26 66 0 5531
16 17 1 2826
21 78 0 2051
83 52 0 7705
72 23 1 4699
24 45 1 5408
29 68 1 3406
37 66 1 4951
73 13 1 8324
26 29 1 9967
9 49 0 7513
51 36 0 6232
71 74 0 1925
6 75 1 5789
5 60 0 5580
78 16 1 82
59 64 1 7449
82 52 0 7243
52 32 0 2086
36 13 1 8533
63 77 0 6636
25 6 1 6477
68 73 1 4618
44 6 1 7599
41 8 1 609
17 46 0 8717
65 71 0 3877
45 4 0 5405
48 84 1 5203
31 77 0 3698
84 26 0 2492
98 97 0 6605
2 4 1 563
83 88 1 5629
85 2 0 9370
88 19 0 2166
93 33 0 6327
79 27 1 3532
50 27 0 8839
95 48 1 5709
55 56 0 9805
45 33 0 1600
29 5 0 9465
51 12 0 4641
76 91 1 8907
66 85 1 2404
24 63 1 5464
51 52 1 7101
77 61 1 3567
11 34 0 1135
39 77 0 9200
66 39 0 8836
34 28 1 565
70 43 1 7907
46 32 1 458
43 86 0 4165
77 4 0 2381
46 35 0 9682
92 29 1 5092
12 89 0 9062
3 83 1 4389
71 49 0 3301
13 33 1 3900
93 42 1 4519
22 20 1 8948
70 22 0 5993
41 21 1 6212
9 53 0 6486
22 84 0 2393
89 17 0 1053
43 91 0 1842
60 49 1 2960
47 16 1 5518
30 45 0 5791
80 28 0 4828
92 46 0 7552
61 4 1 3137
26 7 0 1810
17 59 1 4010
77 31 0 4773
7 99 1 2148
94 64 0 6728
80 94 1 886
28 24 1 1999
51 17 1 3505
5 100 0 7459
69 10 0 7183
68 30 1 899
89 90 1 1321
81 99 1 4890
21 37 0 8405
63 49 1 6622
75 4 1 6852
77 78 1 909
54 68 1 7467
72 43 1 6526
81 41 0 545
43 77 0 867
67 37 0 4950
59 60 0 5002
45 11 0 8602
77 16 0 1573
8 19 0 2755
98 15 1 7353
1 73 1 6527
74 70 1 1403
66 78 0 8464
49 37 1 3171
68 61 0 4937
57 88 1 5874
22 78 0 6771
51 53 0 5919
99 22 1 5368
98 89 1 3406
40 32 0 1031
46 33 1 1378
15 94 1 814
57 82 0 7544
61 1 0 3843
69 87 1 6087
46 3 0 5584
50 99 1 8517
44 27 1 8469
76 8 1 3571
11 14 0 6220
96 38 1 7983
85 19 0 5987
99 69 1 2485
91 22 0 8581
45 94 0 539
42 14 1 701
83 69 0 6218
62 75 0 1833
92 95 0 8216
67 56 0 3774
97 99 1 6524
38 8 1 2286
88 44 0 9008
3 97 1 5021
31 12 1 4297
42 86 1 3711
74 53 1 6112
45 62 0 1566
97 92 0 6129
66 90 1 8090
46 63 1 6388
74 11 0 3420
49 4 0 1489
82 64 0 8197
86 9 1 8757
86 7 1 3544
73 4 0 5332
96 34 0 5878
72 56 0 7555
20 19 0 1032
8 92 1 2753
6 82 1 7133
36 90 0 1323
25 68 1 9034
60 96 1 7751
36 48 1 4118
59 45 1 7849
8 33 0 9821
29 85 1 5089
11 81 0 5686
53 71 0 5513
55 14 0 7569
64 45 0 9596
23 65 0 2868
18 80 0 2964
95 6 1 6271
57 90 0 7126
19 56 0 1783
69 98 1 8605
30 55 0 3417
68 69 0 2745
69 28 1 9674
43 94 1 2220
74 59 0 397
72 12 1 7351
43 95 1 8113
3 79 0 8967
76 15 0 4333
83 73 1 486
1 40 1 6661
55 63 1 648
43 49 0 8927
100 75 0 6105
73 72 0 349
42 22 1 9106
7 10 0 917
36 31 1 8291
21 39 1 1011
94 100 0 6037
27 60 1 2379
95 20 0 2151
23 76 1 9300
21 26 1 8726
47 72 0 6747
16 7 0 8025
28 27 1 2295
52 64 0 566
56 62 0 699
65 75 0 8634
65 15 0 6686
15 54 1 854
48 59 0 8134
69 30 0 9877
71 65 1 9054
100 17 0 26
22 91 1 4413
30 34 0 651
91 4 0 9701
71 86 1 1941
97 15 0 4327
46 77 1 8258
40 81 1 4626
90 32 1 5986
99 49 0 9062
71 1 0 4293
6 31 1 9140
85 49 1 1857
94 91 0 9524
15 84 1 5543
1 56 1 2406
88 18 0 5522
63 12 0 6458
50 87 0 6083
42 67 0 7151
94 26 0 1090
33 36 0 8570
71 33 0 7522
79 93 0 7361
93 60 0 4275
22 55 0 3822
40 68 1 2966
37 75 1 6132
89 30 1 9687
98 94 0 9772
35 40 1 3369
3 2 0 3100
48 77 1 665
91 16 0 1696
4 31 0 9700
13 16 0 1823
79 57 0 7239
80 71 0 1496
69 21 1 5352
10 37 1 7404
89 93 0 2231
54 64 0 2740
71 50 0 3354
37 40 0 8131
33 1 0 462
8 49 0 7536
66 1 1 7145
62 10 0 5975
46 19 0 6565
43 42 0 1246
63 100 1 412
53 1 1 9669
69 96 1 887
83 64 0 7221
31 47 1 1286
30 65 1 8774
96 94 1 7459
43 37 1 4201
48 29 1 7576
16 82 1 3658
70 27 1 3075
71 47 0 5150
78 7 0 2923
1 75 0 64
68 2 1 874
73 92 0 1380
17 99 1 1891
57 85 0 6252
82 69 1 3447
19 86 1 1411
50 74 0 6389
76 28 1 6872
83 20 0 8440
76 40 0 7030
38 89 1 9254
19 40 1 5597
79 13 0 1822
67 12 1 2175
56 39 0 5503
12 9 1 2639
32 91 0 163
8 41 1 217
1 39 0 4308
52 98 0 2967
59 37 1 1246
23 21 0 2012
99 52 0 3760
78 66 0 4432
27 8 1 5487
58 89 0 6084
61 51 0 7564
27 40 1 3920
50 58 1 3995
25 64 0 9728
71 29 1 3794
10 71 1 4251
56 35 1 9821
22 12 0 4599
13 88 1 3906
87 78 1 546
2 60 0 4685
92 8 1 5691
46 62 0 3713
3 17 0 5487
16 45 0 9847
71 17 0 4836
73 22 1 9687
12 68 0 8165
87 90 0 8971
8 56 1 1828
26 19 0 8245
93 31 1 387
78 9 1 8538
36 79 1 1323
98 88 1 6106
96 33 0 6774
8 89 1 272
61 60 0 4413
61 9 0 9458
51 48 0 5067
34 32 0 2462
75 93 0 8402
48 81 0 2189
65 67 1 241
26 11 1 2403
60 98 0 7129
19 14 0 2348
17 5 1 1082
71 89 0 2389
96 71 1 2781
58 37 1 6058
87 89 0 9193
1 97 1 8125
97 38 1 868
50 17 0 9134
14 97 0 5515
93 100 0 4060
26 99 1 1031
36 18 0 6370
8 40 1 8950
64 47 0 6339
1 11 0 721
45 10 0 4071
24 18 1 9147
13 83 1 7476
33 74 0 6624
36 78 1 4863
95 69 1 2310
75 100 1 5216
65 57 1 1651
20 85 0 4428
77 51 1 7084
73 33 1 555
64 2 0 8150
95 24 0 7633
30 66 1 2965
18 50 1 2773
98 27 1 4529
12 28 1 4305
89 59 0 1150
44 58 0 681
29 21 0 7270
76 90 0 4344
60 66 0 4861
31 36 1 985
76 44 1 4599
6 63 0 8743
58 63 0 3510
7 48 1 6868
36 41 0 2397
6 78 0 4164
78 48 1 9703
1 80 1 7017
22 71 0 2001
94 37 1 1387
79 94 0 2652
31 5 0 3595
68 62 0 3716
21 5 0 1978
62 50 1 7907
35 27 1 8490
41 57 1 1344
27 88 0 7210
75 88 1 59
61 24 1 4028
12 80 1 1961
9 45 0 8289
12 63 0 9955
24 96 0 5503
82 78 0 7355
68 18 1 771
78 15 1 811
43 67 1 2948
7 59 0 9075
3 92 1 9196
2 57 1 4605
4 30 1 5662
43 51 1 8840
67 65 0 4381
92 89 0 4967
37 73 0 1059
63 20 0 4591
85 40 0 4670
89 3 1 8444
94 46 0 8214
58 49 0 1846
65 12 1 575
3 94 1 2170
100 46 1 7019
45 89 0 3561
75 11 1 801
63 55 1 5339
12 41 1 7986
85 79 1 7389
31 56 0 8459
80 60 0 8132
87 58 1 7036
26 81 1 8251
94 40 0 3560
86 50 1 9044
42 33 1 2976
82 74 0 7681
7 96 0 696
90 43 0 7647
13 72 1 5189
62 85 1 1603
62 22 0 9935
95 36 1 9360
17 25 0 8729
20 3 0 6343
82 95 0 1935
10 94 1 8084
44 60 0 4121
63 64 1 3368
24 61 0 8526
11 92 0 1724
48 91 0 7166
7 50 0 7727
18 63 1 7858
97 50 1 9280
32 63 1 5039
84 95 1 1476
80 75 0 6638
48 37 0 7588
80 97 0 4845
59 13 1 6962
3 21 1 8117
100 72 1 6517
66 98 0 1021
55 11 0 6240
59 67 1 3038
69 57 0 7746
87 49 0 9329
89 53 1 6825
66 41 1 6201
83 16 1 1902
18 72 1 3784
85 20 0 9270
33 42 1 9301
16 37 1 6139
59 3 1 5653
38 28 1 5513
18 67 1 5804
79 30 1 8566
66 15 0 4100
74 95 0 1283
81 91 0 8948
85 34 1 7332
26 87 0 425
14 95 0 9253
75 99 0 6195
50 3 0 1875
26 23 1 3965
1 66 1 9565
80 41 1 9931
16 31 0 3423
18 24 0 9618
33 44 1 5655
80 27 1 8570
35 74 0 2498
72 82 1 6686
38 3 1 5211
39 2 1 1588
2 55 0 3076
78 90 0 8520
90 94 1 439
38 92 1 4281
62 26 0 4094
8 30 0 6229
12 76 0 5014
48 36 1 4741
56 94 0 7090
60 26 0 7438
92 83 1 3844
21 64 0 4182
20 87 0 9312
72 57 1 3846
90 50 1 7053
46 40 1 7517
24 74 1 7358
27 47 1 7312
38 36 0 2458
95 94 0 8739
38 62 1 9083
64 38 0 9272
93 5 0 6377
69 37 1 4038
24 17 1 6476
58 35 0 8788
73 10 0 4133
6 74 0 7817
44 25 0 8073
40 53 0 3193
92 84 0 1256
68 80 1 6899
90 14 0 1964
47 3 0 739
73 43 0 7769
24 72 1 3152
65 49 1 1607
32 16 0 9815
33 8 0 5803
35 76 0 6684
97 17 0 900
85 97 0 5711
98 11 0 6398
48 46 1 8997
60 94 1 3689
9 73 0 8364
2 82 1 6618
57 73 1 6651
99 48 1 4846
34 8 1 9830
57 94 0 7909
59 7 0 384
29 55 1 7443
60 97 0 4194
21 59 0 5038
95 75 0 5604
35 30 0 9681
31 70 1 4054
22 47 1 7097
41 19 0 7333
85 46 0 1016
53 37 1 3289
54 11 1 9455
87 95 1 204
51 32 0 7426
26 31 0 153
48 49 1 3558
9 70 1 9807
98 28 1 1278
63 7 1 9587
71 25 0 2196
75 41 1 2944
20 45 0 9128
23 99 1 7002
99 14 0 2167
99 60 0 7420
41 17 0 1435
29 78 1 2627
57 1 0 792
84 100 1 4453
21 56 0 9953
49 88 1 2361
74 37 1 192
16 2 0 6927
2 41 0 1885
70 13 0 1377
8 57 1 5649
21 8 1 9506
12 50 1 2566
38 76 0 3504
23 31 0 5360
51 20 0 9496
89 46 0 7270
64 12 1 5086
93 36 1 2902
87 79 1 505
64 81 0 1759
97 52 0 843
44 76 0 1530
10 32 1 7438
21 92 1 3596
48 40 0 8601
67 90 1 6631
12 22 0 5352
63 26 1 762
53 89 0 4311
62 12 0 4640
98 35 0 8289
41 69 1 1599
8 97 1 5581
12 45 0 2796
85 9 0 6930
78 49 1 1063
45 23 1 4409
37 44 1 3992
67 64 0 3012
43 71 1 8200
78 60 1 7458
34 49 1 9448
93 14 0 6287
69 62 1 249
67 15 1 2615
69 53 0 7726
18 73 0 5462
64 9 1 9151
58 59 1 380
34 82 1 2319
72 69 1 62
18 95 1 7059
58 26 1 5258
83 75 1 9907
44 43 0 9476
49 77 0 8197
79 23 0 2674
68 32 1 9878
27 24 1 6626
77 59 1 9649
90 97 1 7156
67 32 1 1216
46 2 1 4996
79 40 1 8248
86 79 0 1030
52 75 0 1657
69 91 1 604
82 24 1 8421
60 67 0 5457
98 17 1 4800
14 51 0 7553
67 99 1 1193
28 57 1 2722
68 11 1 9808
58 23 0 4984
31 3 1 1378
11 99 0 9809
86 87 0 4623
98 13 0 6259
15 39 1 2833
21 31 0 268
12 17 0 1034
64 5 0 8129
70 86 1 5539
38 49 1 6951
78 12 0 9468
86 60 0 216
96 100 1 9512
19 98 1 5396
15 59 1 4191
97 76 0 6951
44 61 1 328
58 71 0 9138
20 10 1 9701
73 6 1 8557
39 75 0 8610
20 69 1 4549
23 96 1 3333
11 21 1 4771
67 100 0 1132
45 9 1 8154
90 79 1 7604
67 79 1 5643
66 52 0 675
37 6 1 3658
14 9 0 9701
86 82 1 4097
79 15 0 7195
80 29 0 2045
9 62 1 6887
17 36 1 3651
12 84 1 3394
8 68 1 4155
35 50 1 5952
99 13 0 2864
34 86 0 2540
83 90 0 5074
13 56 0 2209
84 50 0 3385
4 14 1 4156
57 92 1 9754
89 61 1 5466
78 61 0 9433
48 93 1 688
88 73 0 6895
33 64 0 6501
81 69 1 4993
39 87 0 8938
21 18 1 6656
20 79 1 1204
88 28 1 5694
56 29 0 9021
11 79 1 794
77 26 1 8358
76 59 0 9483
20 58 0 6857
42 54 0 5012
32 30 1 7669
16 86 0 9739
78 58 0 537
83 29 1 8471
39 28 1 9175
34 42 0 9969
67 84 1 4727
85 25 0 6043
23 84 0 1881
14 60 0 1652
99 19 1 7418
66 91 0 9257
84 47 1 3219
12 94 0 2332
58 69 1 872
65 25 1 3547
79 81 0 7066
92 80 0 9471
60 72 1 9904
47 18 0 338
93 62 0 7109
68 19 0 781
83 48 1 1774
36 95 1 5261
72 15 1 1544
17 3 0 3630
15 26 0 1146
74 65 1 3023
64 16 0 9076
28 58 1 6076
29 32 0 3648
78 43 1 8604
32 62 1 1436
87 30 0 1943
3 62 0 5909
49 5 0 1085
99 28 0 1715
84 24 0 8936
37 65 0 923
88 96 1 7764
33 41 1 8543
16 90 1 4382
98 37 1 7577
8 39 0 9651
12 65 0 2517
17 40 1 23
16 58 0 3114
57 100 0 10
81 11 1 9974
36 73 1 5404
61 63 0 4126
78 19 0 8130
80 52 1 5157
26 63 0 4574
99 85 0 7078
51 56 1 7596
84 46 1 8436
20 42 0 8463
72 26 1 9329
28 74 0 664
40 24 0 7310
14 44 0 6858
79 77 1 5754
2 93 1 1304
86 85 1 1943
42 69 1 1856
89 100 1 864
7 69 1 1906
43 90 1 5155
63 34 1 2446
60 43 1 9198
6 12 1 3468
98 86 0 3703
96 62 0 6289
13 81 1 3721
75 13 0 7923
92 51 1 6267
14 19 1 1254
85 16 0 6264
80 33 1 8403
22 49 1 9717
38 86 1 8056
57 3 0 5880
60 32 0 5029
37 41 1 7728
47 35 1 4885
44 18 1 8733
89 95 0 959
88 66 1 5740
9 39 1 6142
62 99 1 5764
49 80 0 3914
3 40 1 8076
50 46 1 6946
11 48 0 6164
6 96 1 562
66 25 1 4221
53 33 0 8224
17 67 1 8169
7 82 1 1729
99 91 1 9242
75 25 1 2671
66 16 1 7962
18 23 1 1590
34 41 1 8235
84 19 0 977
84 10 0 1705
5 68 0 6610
18 65 1 1197
88 37 0 1101
35 39 0 3598
87 3 0 5346
36 66 0 45
4 27 1 7489
48 3 0 7748
65 4 0 9256
47 42 0 8026
56 23 1 6544
46 84 0 9663
89 78 0 4153
67 83 0 3771
86 100 1 5236
88 89 0 4945
98 72 1 8676
17 71 0 9237
70 92 0 7036
4 26 1 1699
78 88 0 7416
30 96 1 9201
22 59 0 8834
28 40 0 5712
54 83 1 5328
51 74 0 3246
65 45 1 5883
22 70 0 6453
45 55 0 3161
32 82 1 4322
78 81 1 4640
18 64 1 6789
31 55 1 6026
6 39 1 7468
29 95 1 8583
75 17 0 9693
66 94 0 6259
74 72 0 1293
28 51 1 7893
17 18 0 996
77 12 0 3109
82 20 0 7782
90 100 0 6882
30 46 0 272
2 44 0 79
71 59 1 8060
48 35 1 9148
3 10 0 7475
81 25 0 3685
54 46 1 7108
79 66 0 6648
7 70 0 8878
95 15 1 831
53 43 0 6295
61 30 0 5755
100 65 0 7190
40 82 1 7780
16 24 1 9637
61 80 1 6902
57 31 1 8488
43 92 0 1864
80 96 1 2057
56 11 1 6956
31 23 1 1881
5 39 0 88
16 26 1 9399
20 57 1 9970
23 87 1 8264
69 63 1 3992
64 27 1 9955
21 52 0 9415
14 34 1 1917
48 32 0 9260
72 83 0 6330
50 23 0 2032
84 82 1 5419
65 90 0 9639
51 19 0 814
69 38 0 5759
27 51 0 5232
4 45 1 1336
68 83 0 6822
83 68 0 8466
62 2 1 5379
67 85 1 7539
73 31 0 931
68 50 0 2132
65 54 1 9928
85 29 0 8630
40 38 0 3807
95 29 0 3677
30 92 0 7530
22 75 0 8925
1 91 0 8158
92 56 1 6718
94 62 0 7916
52 12 0 962
30 97 1 4761
11 5 1 6452
67 93 0 6515
10 61 0 1766
49 59 0 5475
15 86 0 4644
1 63 0 4826
10 38 0 834
29 91 0 239
33 53 1 1733
1 93 1 6676
51 86 0 8842
43 10 0 9228
89 85 1 5142
69 77 0 1031
27 23 0 2467
12 71 0 5278
49 52 0 7730
80 30 1 2554
97 98 0 9319
43 22 0 651
61 96 0 6504
13 63 0 7989
44 16 1 8094
8 55 0 1963
35 37 1 4108
91 72 0 4335
11 35 1 2640
25 30 1 6683
24 49 1 8742
10 87 0 8662
65 91 1 604
18 3 1 5013
5 30 1 6449
12 100 0 7029
23 12 0 499
68 20 0 5860
78 5 1 7796
39 85 1 1126
98 59 1 473
51 31 0 5875
39 82 1 3620
23 17 0 9896
1 6 1 140
32 73 1 1183
54 72 1 129
6 10 0 2229
47 77 0 2147
4 73 0 6064
31 72 0 6172
23 72 0 627
24 40 1 7370
79 67 1 4953
93 90 0 5713
29 86 0 9511
50 75 1 9741
29 39 0 2385
96 78 1 1437
26 73 0 4186
53 18 0 7934
57 93 1 5575
41 73 1 443
13 86 0 6632
37 2 0 5123
54 80 0 9740
18 59 0 110
46 30 0 4666
81 35 0 2889
43 33 0 3886
96 44 0 8532
33 55 1 9597
40 19 1 7745
10 30 0 4885
61 40 0 1228
42 78 1 7548
51 35 1 2738
27 54 1 538
85 51 0 6166
83 30 1 7525
45 25 1 6057
53 4 1 1190
8 38 1 7468
49 28 1 2110
51 70 1 4053
74 7 0 3051
69 17 1 9248
10 79 1 286
10 97 1 3709
63 60 1 6185
30 82 1 7145
62 48 1 3401
17 96 0 5517
25 55 0 1333
96 9 1 1926
27 75 0 4027
50 44 0 6439
41 48 1 8497
91 38 1 2857
80 17 0 5780
6 93 1 3503
91 52 1 1616
52 70 1 9371
88 99 1 9712
49 84 1 1868
92 72 1 5234
47 51 1 1146
64 97 1 9388
71 40 0 8634
10 29 1 2146
70 16 0 3520
13 36 1 849
69 82 0 2987
9 59 0 5024
19 34 0 204
78 53 1 6236
27 45 1 7831
97 13 1 6590
70 33 1 4332
62 45 0 8181
56 6 0 465
4 34 0 5989
4 55 0 6153
44 98 0 2562
93 51 1 8496
20 38 1 2868
56 18 1 9752
40 63 0 8581
93 73 0 3427
71 91 0 8978
39 64 1 8706
12 25 0 4822
68 51 1 3948
81 6 0 4556
54 89 0 9377
39 22 0 406
57 50 0 5253
70 85 1 1524
6 3 1 8719
57 8 0 9500
35 96 1 8169
75 19 1 6171
15 14 1 3003
29 70 0 6300
23 10 0 2371
12 34 1 1529
85 88 1 8832
65 86 1 7549
94 35 0 4031
20 47 0 9602
40 22 0 8263
74 48 0 596
22 50 1 7155
87 7 1 962
8 36 0 3708
66 32 0 7054
58 97 0 8828
87 16 0 4330
70 15 0 8429
39 17 1 3925
37 27 1 7063
2 46 1 2369
51 94 1 9351
35 88 0 9021
98 25 0 9226
51 34 1 2050
72 63 0 9640
64 79 1 8229
95 71 0 7559
18 55 1 8067
22 36 0 8138
98 6 1 2961
83 92 0 8314
61 3 1 4264
29 24 0 2674
67 30 1 6861
22 7 1 7562
9 22 0 5145
6 34 1 9130
98 31 1 376
88 51 1 9940
89 22 0 1177
1 52 1 6369
77 80 1 6484
2 100 0 7573
44 1 1 6047
65 82 1 7759
48 94 0 4814
17 66 0 9454
11 100 0 6369
10 72 0 4989
79 52 1 1937
52 62 1 2794
54 65 1 8675
47 41 0 3785
46 70 1 8567
33 14 0 5915
36 10 1 7558
20 1 1 5717
27 76 1 6466
81 18 1 6293
89 25 1 2204
70 68 1 706
9 18 1 3277
54 74 1 9287
36 89 1 415
54 82 1 3807
60 63 1 2268
49 7 0 9495
46 67 1 6360
56 8 0 9908
99 67 1 6504
74 98 0 8469
70 84 1 336
24 46 0 5582
40 60 1 6949
45 58 0 7466
20 93 0 9308
31 65 1 3824
43 17 0 7741
93 83 0 5077
40 92 0 7644
35 98 0 4853
20 67 0 7538
38 27 0 889
21 25 1 4139
94 18 1 6697
97 47 1 725
75 51 1 9058
13 49 1 7196
62 87 1 8380
62 21 1 4746
54 22 0 4749
20 89 1 8401
45 48 1 9329
48 28 1 388
79 47 0 3472
99 47 0 134
38 12 1 9072
52 55 0 2873
67 5 1 8334
30 69 0 4835
8 21 0 4957
46 59 0 7122
44 67 0 9898
98 77 0 4520
2 63 1 8356
98 47 1 5264
58 35 1 237
95 18 0 5950
52 61 1 8131
82 88 1 8611
70 51 0 1777
70 71 0 9456
63 18 0 4988
56 43 1 3103
11 53 0 3026
74 57 0 3574
2 49 0 7678
37 50 1 4560
49 14 1 2284
78 24 1 3262
31 42 0 3537
98 83 0 6137
89 50 1 5376
15 90 1 6116
95 43 1 9447
13 52 1 5033
7 23 0 7996
47 75 0 8151
54 47 0 5484
62 81 0 6972
68 72 1 6205
31 24 1 1640
16 60 1 6620
92 53 0 1904
90 62 1 6111
30 88 1 6541
44 45 0 8733
90 65 1 3055
55 32 1 3431
98 24 0 3023
66 82 1 927
91 87 1 8261
63 97 0 9874
86 5 1 1921
67 24 0 8769
24 30 1 5564
53 40 1 3646
14 69 0 4991
83 45 1 2509
63 90 0 2197
99 97 1 6524
28 69 1 5936
83 38 0 4798
90 51 1 2339
20 74 1 2089
29 58 1 6544
90 10 1 9799
6 67 0 3739
46 38 1 6338
16 52 1 2245
23 78 0 9408
10 1 0 8104
22 92 0 8773
9 46 0 6601
80 73 1 9751
29 46 0 2846
38 58 1 1138
54 25 0 8224
13 73 0 2402
21 62 1 9388
37 96 1 1327
14 7 0 6159
35 10 1 7853
68 38 0 9118
46 73 0 749
15 13 0 1004
65 69 1 2120
31 71 1 5801
50 35 0 5622
68 64 0 8929
51 8 0 5106
52 100 1 36
18 70 1 2785
85 76 1 6191
85 77 0 8458
32 26 1 1178
28 68 0 8519
72 65 0 2172
92 9 0 4600
10 77 1 3648
5 33 1 4178
59 51 0 956
87 50 1 1746
60 6 0 2585
55 17 1 6945
90 31 0 7786
35 5 1 2588
79 91 0 2501
44 40 0 3192
31 27 0 4461
4 11 0 7073
13 31 0 3328
5 46 1 9109
97 93 0 4611
52 67 0 9886
49 93 1 6629
5 2 1 8148
6 72 1 6536
96 49 1 5252
70 81 1 9280
98 62 0 9535
59 92 0 5783
84 32 1 6239
74 89 1 1679
4 72 0 1740
84 63 0 2457
63 15 0 7139
41 44 1 8779
26 71 1 8421
9 14 1 6980
63 67 1 5881
14 4 1 7202
9 43 1 1340
35 54 0 6129
4 3 1 1656
15 27 0 6971
46 74 0 3758
16 66 0 819
49 87 0 5955
84 28 0 5981
70 99 0 6130
45 21 1 578
12 33 0 8479
65 20 1 861
74 17 0 7933
24 8 1 7966
14 16 1 2969
58 11 0 9673
58 64 0 2615
94 54 0 5425
32 40 1 771
90 35 0 5869
18 22 0 3989
15 58 0 6754
50 64 1 5920
48 63 0 5643
11 2 1 9500
36 17 1 4276
54 4 1 755
94 4 0 4396
5 26 1 3471
95 30 0 5441
14 41 1 7236
84 62 0 7007
35 56 0 5152
2 51 0 9599
9 3 0 3889
84 25 1 5306
7 88 1 205
98 57 0 7117
34 6 0 4576
10 49 1 3174
47 76 0 8365
52 20 0 4150
53 68 0 6452
100 78 0 585
1 98 0 1668
20 70 0 3514
29 79 0 2641
22 95 1 8880
26 95 0 6247
27 92 1 9162
75 3 0 9816
81 15 0 8705
30 85 1 4164
13 66 1 4367
41 99 1 8122
30 77 1 3644
60 78 0 5980
51 67 1 5688
57 38 1 2300
80 12 1 9392
70 35 1 924
18 27 0 7917
58 27 0 4914
37 68 1 5749
3 66 0 54
96 24 1 7789
28 96 0 7531
90 39 1 7348
24 62 1 1855
12 86 0 5664
43 54 1 7312
17 43 0 4083
37 52 0 7958
24 48 1 2479
74 83 1 1393
85 60 0 8405
81 37 0 6389
23 51 1 3390
93 32 1 9171
42 29 1 6174
33 95 1 1323
12 92 1 4956
62 46 1 2196
27 62 1 1277
5 19 0 8158
99 33 1 3516
75 24 1 9994
63 86 1 8822
18 12 1 265
3 32 1 795
42 40 0 8455
22 29 1 8183
36 85 1 8681
37 55 1 146
87 63 0 6114
19 61 0 9485
15 45 1 5194
69 13 0 320
80 64 1 3246
88 16 1 3524
94 50 1 5685
89 43 1 6846
21 94 0 2893
69 35 1 6856
42 68 1 8014
6 5 1 7818
57 97 0 6317
18 39 0 1577
77 68 0 1072
67 27 1 5445
50 70 1 507
38 19 0 7202
76 67 1 7603
2 48 0 741
54 81 1 25
78 40 0 31
65 23 0 7771
94 27 0 5797
68 42 0 163
79 22 0 5923
45 61 0 4126
19 8 0 3888
56 72 1 508
55 25 0 4607
70 23 1 6507
14 78 0 9110
68 31 0 5932
75 46 0 8881
94 10 0 9656
32 49 0 9692
23 45 0 8625
14 65 0 749
24 26 0 6600
49 100 0 2522
6 8 0 1741
19 41 1 4994
34 53 1 7473
16 25 1 942
63 92 0 3338
61 71 1 3403
53 17 0 42
24 36 1 7775
12 59 1 8622
44 3 0 5649
50 73 0 731
99 76 1 4527
44 23 1 3679
100 63 0 4050
16 23 0 3896
95 79 0 1269
87 20 0 6502
10 58 0 8181
46 94 0 4144
42 1 1 9761
70 44 1 8749
27 38 1 7057
12 81 0 3612
59 73 1 8538
73 26 0 7259
30 93 1 8511
59 100 1 5503
12 55 0 5747
30 94 0 1941
64 17 0 1355
88 39 1 1428
36 3 0 4024
71 42 0 9012
90 60 1 7026
52 21 1 702
41 18 1 5718
11 85 1 6020
85 45 0 4017
69 84 1 3448
66 9 0 2928
8 77 0 1720
51 4 1 8926
76 65 1 3890
10 55 0 6900
87 39 0 1194
80 24 1 5235
53 7 0 9190
71 93 1 3702
76 74 0 6946
39 79 1 1144
94 32 0 2787
3 29 0 9546
26 4 1 1473
8 100 1 1453
63 96 1 1293
13 39 1 1721
28 12 0 4876
66 27 1 4570
97 32 1 839
68 82 1 4925
48 39 1 1242
13 74 1 8878
13 69 1 8080
15 63 1 2974
53 48 1 1330
78 100 0 9475
5 73 0 8658
17 16 0 3736
11 30 1 9862
22 41 1 7932
36 62 1 8180
67 69 0 5737
96 11 1 3509
93 68 0 2668
86 18 1 9942
4 61 0 3102
41 58 0 8014
20 92 1 9994
95 74 1 6269
34 1 1 9372
63 6 0 714
1 21 1 7792
25 60 1 6574
98 30 0 8457
92 68 0 4161
65 46 1 5560
95 21 0 9198
54 39 0 7504
65 74 0 1418
10 35 0 143
55 64 1 1810
24 64 0 2201
6 64 1 9213
64 73 1 7683
96 23 0 9329
2 14 1 9080
40 37 1 6199
25 82 1 7738
100 45 1 116
55 33 1 9651
74 15 0 1459
47 95 1 4767
11 46 1 6507
96 31 1 4666
14 45 0 6444
8 82 0 8468
19 52 0 9079
48 42 0 4848
88 90 0 7303
26 51 0 7860
2 39 1 9878
25 57 1 8034
51 62 1 6674
39 90 1 7177
49 32 0 8173
70 47 0 3464
18 19 1 2510
11 84 0 5277
17 1 0 9237
72 1 1 1945
73 1 0 1920
24 83 0 9639
2 43 1 9677
33 98 0 1684
88 76 1 5406
96 13 0 2725
60 22 0 1794
4 71 0 3353
77 36 1 82
72 44 0 4820
74 75 0 8322
57 66 0 6067
83 40 0 7231
58 60 1 1283
46 39 0 6506
95 4 0 834
23 82 1 9785
61 55 1 4567
31 48 1 2061
2 89 1 4751
72 7 0 481
10 91 0 7498
72 95 1 763
9 71 0 1631
88 11 0 6159
24 31 0 579
16 96 0 9552
90 16 0 6220
93 40 0 186
39 46 0 3707
17 94 1 561
94 43 0 4812
20 97 0 2724
98 82 0 2030
92 25 1 6603
68 55 1 2416
63 33 0 5992
45 14 0 4049
46 11 0 6499
82 71 0 6730
99 24 1 971
19 80 0 9478
70 87 0 2994
92 70 0 5037
92 43 1 7342
74 33 0 2958
55 97 1 9975
27 10 0 2362
5 67 0 4422
30 58 0 8961
2 8 1 2150
9 37 0 1221
73 60 0 4375
34 30 0 9232
46 85 1 5324
55 84 0 1400
99 44 0 9119
42 100 0 6529
70 63 0 5343
80 99 0 2189
66 80 1 4667
47 5 1 5306
1 15 0 9492
5 90 0 8400
35 94 0 1671
84 55 1 5078
86 92 1 76
3 57 0 2594
28 67 0 1399
67 20 0 7923
54 50 1 2342
50 34 0 4871
77 47 0 748
8 84 1 7077
11 70 0 4397
89 37 0 2044
96 3 0 1854
37 95 0 9161
1 59 1 4258
2 78 1 5413
53 38 0 1499
68 95 1 8612
83 85 1 590
97 95 0 4189
41 100 0 5704
82 48 1 6852
27 44 0 605
98 21 1 1484
48 6 0 385
3 39 0 3485
71 58 1 4501
90 93 0 5270
45 43 0 8943
83 72 1 641
91 90 0 7147
56 96 1 2601
92 15 0 7505
41 26 1 6576
57 78 1 9293
16 92 0 7149
90 58 0 1584
40 25 1 3405
54 94 0 4882
48 41 1 9149
15 66 1 2141
7 18 0 3612
72 24 0 5316
82 38 0 5773
61 76 1 609
63 72 1 6195
40 71 1 1455
37 1 1 12
38 82 1 1479
66 56 1 5925
37 30 0 5509
36 9 0 5984
94 99 0 4757
94 96 1 3629
68 87 1 6538
14 61 0 8407
99 96 0 5647
90 96 0 7070
69 76 1 8316
11 78 0 1837
39 68 1 2854
53 69 1 1598
20 48 0 5402
90 55 1 9824
46 4 0 5790
97 9 0 5739
80 51 1 8597
79 2 0 230
53 41 0 2947
47 25 1 5011
73 79 1 8051
78 4 0 7476
83 24 1 5858
7 17 0 1619
97 26 1 6714
11 82 0 7729
62 35 1 5397
55 41 1 1555
91 24 1 9747
32 5 1 3056
83 89 1 6723
19 77 0 3568
83 99 0 2231
69 1 0 3979
71 24 1 7921
41 22 1 9096
16 48 0 9503
52 56 1 6202
29 73 1 5782
22 46 0 3946
7 1 0 2364
78 67 0 3041
77 11 1 7804
46 45 1 1709
8 81 1 2089
79 21 1 72
23 28 1 7454
91 53 1 6314
81 14 1 1001
73 70 0 6135
85 100 0 3961
56 89 0 4707
21 10 1 6669
78 1 1 1660
75 62 1 4751
35 45 0 4891
76 97 1 5267
15 30 0 7827
23 83 0 3608
71 100 1 6600
70 98 1 8431
33 16 0 7249
54 1 0 1523
66 22 1 6055
82 84 0 9700
41 11 1 7662
33 26 0 723
68 48 0 2631
43 28 0 3519
100 61 1 4290
86 26 1 7748
55 58 1 6017
72 17 1 7587
68 16 0 5157
80 9 1 5313
12 27 1 7760
97 71 1 4264
89 82 1 2840
60 23 1 6632
13 68 0 1145
69 65 1 8402
68 93 0 5875
29 15 1 3600
82 22 1 5733
51 75 1 364
78 11 1 1098
76 17 1 9378
59 33 0 2149
2 29 0 4742
57 64 1 5226
98 63 0 6083
83 86 0 8127
59 79 0 4876
48 100 1 282
17 27 0 5148
54 37 0 3086
26 30 0 5200
33 45 0 1298
82 31 0 6497
38 54 0 707
70 95 0 3611
26 82 1 4256
27 50 1 2492
40 36 0 4969
80 36 0 1952
52 65 1 635
29 19 0 7451
17 11 1 3800
10 26 0 6680
43 100 0 4673
85 54 1 7995
70 24 1 7416
64 67 0 3926
18 15 1 448
56 66 0 4832
13 64 1 195
56 42 0 262
35 18 0 5571
76 58 0 1776
88 58 1 6584
92 34 1 3020
60 38 0 6584
45 35 0 309
49 79 0 2474
37 8 1 9613
34 97 1 548
75 12 1 6774
7 76 0 6356
2 21 1 4997
43 8 1 3833
90 7 0 3711
51 3 1 6267
17 57 0 8021
99 94 0 4983
96 61 1 989
17 42 0 1603
75 98 1 85
21 66 1 4205
77 69 0 804
75 35 0 2262
3 76 0 3856
28 52 0 5832
88 15 0 6
4 24 1 8710
39 33 0 1196
2 86 0 5530
75 49 1 1069
8 74 0 1020
42 23 0 1520
60 88 0 3313
38 73 1 4876
30 9 0 5322
88 4 0 3242
32 12 0 5560
40 73 1 8227
33 39 0 3385
100 60 0 8206
40 23 0 2409
82 63 1 8005
97 72 1 881
58 90 0 1747
15 19 0 7068
3 65 1 4097
5 98 1 1731
28 44 0 7529
25 81 1 3389
88 72 0 5988
58 98 0 6237
49 44 1 1558
50 89 1 1349
11 16 0 2970
46 57 1 1193
96 56 0 9708
12 39 0 146
2 38 0 3777
20 35 0 8349
85 47 0 2314
3 42 1 9093
27 95 1 1512
14 28 0 9697
63 36 0 9579
16 44 0 7848
18 88 0 2558
7 20 0 4596
64 44 1 7831
96 90 1 2191
64 30 1 1485
89 26 1 1686
64 4 0 3342
77 70 1 1205
32 67 1 6544
15 43 0 4160
15 87 0 7850
72 70 1 8511
95 19 0 3895
63 95 0 5401
13 61 1 8744
40 84 0 7249
22 66 1 5744
92 94 0 6530
98 69 1 1360
39 86 1 2582
91 26 0 5514
4 19 1 9500
14 85 1 2601
88 41 1 6030
81 39 1 1020
77 75 0 9486
82 87 0 5398
10 63 0 4334
20 81 1 511
43 30 1 575
11 18 0 4903
29 36 1 7985
16 56 1 1316
83 76 0 3203
88 47 0 6959
60 62 0 4095
52 14 1 3237
29 37 0 2675
54 55 1 8668
8 73 1 5010
40 13 1 1942
26 91 0 3002
35 89 0 2501
17 34 0 1981
38 63 1 5753
48 65 0 3879
54 57 0 3530
91 35 0 7009
85 38 1 1310
50 14 0 5578
41 40 1 5260
28 8 1 4635
89 77 1 73
82 50 1 7315
26 100 1 1441
13 40 1 3726
83 7 0 9428
72 9 0 775
52 9 0 6057
74 67 0 1249
10 48 1 3891
82 70 0 1162
99 30 0 7400
84 15 0 7489
71 81 0 276
20 91 0 6243
92 11 1 2961
83 71 0 3870
51 55 0 1138
32 28 1 3195
36 34 1 4178
28 55 1 5656
83 43 0 1301
87 18 0 9142
68 27 0 7643
83 41 0 9883
25 61 0 557
4 41 0 4978
71 64 0 8331
56 92 0 8786
60 89 1 7863
16 27 0 4951
61 14 0 552
31 73 0 3128
13 96 1 443
20 59 1 6824
24 56 1 4711
93 91 1 6225
87 99 0 4380
60 58 0 4221
85 83 0 9994
85 26 1 6971
61 28 0 7478
100 83 0 4265
69 73 0 3033
86 74 0 958
61 92 1 8308
76 20 1 3749
83 79 0 2580
83 56 1 7810
78 47 1 7730
50 82 1 1194
99 3 0 6470
21 82 1 9474
89 16 0 3400
31 49 0 1285
