100 4933
31 53 1 50
73 19 0 6833
22 93 1 32
65 4 0 2294
56 3 0 1654
86 17 0 8687
18 82 0 7938
83 11 0 7021
32 39 0 2995
24 62 1 9755
63 2 0 6086
61 88 1 6254
31 84 0 8632
70 53 1 2306
25 48 0 621
3 96 1 3421
48 89 1 4511
49 50 0 4703
20 38 1 3346
40 23 0 9134
74 36 0 3992
47 17 1 9321
39 37 1 3113
42 95 0 8450
31 99 1 9540
97 84 1 4968
79 46 1 7021
23 97 0 4025
40 6 0 4483
54 22 0 4202
91 35 1 718
43 32 0 9632
11 30 0 9943
3 42 0 2474
83 91 0 2354
96 87 0 6953
22 61 0 6326
45 92 0 3012
84 75 0 1363
28 16 0 283
77 64 1 864
34 52 1 2163
19 96 1 6241
44 36 0 9262
95 61 1 5966
42 2 0 872
83 66 0 280
39 48 1 8943
9 13 1 352
73 51 0 6424
29 72 0 7128
76 79 0 7795
9 31 1 5017
26 91 0 2455
100 78 1 3641
8 44 1 1177
76 69 0 5261
21 88 0 5752
69 26 0 1338
46 74 1 8766
52 9 1 6523
53 26 0 6965
52 80 1 5138
19 27 1 6333
56 30 0 9126
87 78 1 6690
92 78 0 702
45 5 1 6969
30 42 0 6484
86 15 1 4674
79 75 1 5669
65 13 0 4035
15 21 1 4105
29 4 1 9209
61 86 1 6768
65 47 0 7477
75 60 1 6895
52 26 1 78
48 21 1 936
68 6 0 7623
46 94 0 1397
10 65 0 4497
53 57 0 9065
34 87 1 6089
81 25 0 2083
44 73 1 2226
67 41 1 6096
92 43 0 5943
42 62 0 4368
57 81 0 4000
37 3 0 8975
63 56 1 403
44 12 1 2701
97 18 0 5915
15 100 1 6209
8 48 0 3108
53 75 0 1140
33 98 1 7658
64 41 1 6471
86 29 1 8864
75 85 1 6032
97 99 0 7831
80 61 1 7548
94 37 0 3291
22 66 1 164
49 82 1 3963
73 70 0 743
95 45 1 6361
20 52 0 9833
68 62 1 9782
60 83 0 1085
35 79 1 9704
16 52 0 3763
65 12 1 7559
8 26 1 7927
65 93 0 8879
93 49 0 6891
10 3 0 3383
53 8 1 3345
49 52 1 3314
83 58 0 1706
77 35 1 7305
19 93 0 3224
42 94 1 3209
7 68 0 7135
13 24 1 2356
77 2 1 2341
80 53 1 7466
41 92 1 1811
15 64 0 5006
40 58 1 9599
51 82 0 1003
6 33 0 8816
39 49 0 6163
7 60 0 9904
60 71 0 2460
80 7 1 7348
40 49 1 1766
71 27 0 7296
27 86 1 7268
57 64 0 5020
77 40 0 2636
58 49 1 7686
20 58 0 4515
79 73 0 3844
10 29 0 7595
43 61 0 4131
2 28 1 2268
57 88 1 6033
70 79 0 7565
3 18 1 3942
22 70 0 7592
24 11 1 9773
87 21 1 1187
59 18 0 80
13 6 1 473
48 33 0 3946
8 91 1 8082
22 30 0 7359
60 45 1 5272
17 69 1 8252
42 26 0 8080
7 83 0 7030
83 12 0 8285
11 95 1 7484
46 7 0 4996
49 7 0 7218
100 20 1 2007
27 12 1 8882
91 21 1 4527
84 74 1 1822
72 56 0 9337
61 3 1 8796
3 15 0 1769
26 18 1 3701
66 5 0 8853
66 46 1 9699
42 87 1 7302
62 94 0 3744
37 47 1 2688
7 98 0 1968
83 72 1 7247
56 99 1 6918
85 55 1 8098
79 100 1 4709
15 78 0 1627
89 72 1 7399
87 41 0 936
6 63 0 2576
56 75 0 2975
50 78 1 5330
66 12 0 9759
45 80 1 3928
72 24 1 8025
69 8 0 454
1 36 0 666
62 32 0 6927
78 77 0 4002
2 81 0 8440
41 59 1 3521
60 68 0 4442
66 39 0 7339
87 10 0 5732
97 33 0 1701
13 66 1 7451
63 55 1 866
33 83 1 7138
97 96 1 1007
60 62 1 3016
2 69 0 5620
53 7 0 7629
94 95 1 4113
2 11 0 1048
66 41 0 339
93 8 1 4313
25 35 1 6179
17 79 0 6705
53 29 1 1617
32 89 0 5183
8 23 1 9384
90 89 1 1502
26 1 0 2856
87 74 1 4942
22 12 0 8441
57 17 0 8159
62 72 0 4853
38 44 0 4656
99 7 1 9361
85 97 1 6070
82 90 0 6936
91 66 1 6380
65 77 1 9380
48 50 0 6927
28 84 0 645
82 93 0 5537
5 27 1 1843
46 35 0 8846
71 57 1 9167
3 90 1 7924
44 56 0 7733
55 87 1 5912
53 55 0 570
67 39 1 1378
21 43 0 6340
99 70 1 938
88 26 0 4761
86 37 0 6845
78 56 0 5895
31 47 0 3238
66 78 1 107
85 42 0 7239
63 91 1 2839
63 33 0 8713
94 31 1 8203
6 93 0 7908
5 95 1 6783
53 73 1 6465
92 1 0 8968
99 56 0 2520
97 36 0 4254
23 30 0 4797
77 65 1 5224
17 46 0 3260
54 3 1 5142
56 34 0 4540
5 56 1 6609
56 32 0 5078
80 98 1 5155
21 55 0 4206
37 18 0 8076
61 23 1 9848
1 26 1 1109
63 3 0 8363
31 83 1 6700
18 70 1 629
44 99 1 1229
9 66 1 4335
12 87 0 498
78 76 1 3042
30 80 1 9700
20 10 1 1484
25 46 1 152
89 59 1 1870
90 41 1 5434
47 95 0 4834
12 85 0 4708
65 62 0 2780
22 32 1 7959
64 42 0 5332
44 3 0 8591
81 15 1 8746
12 100 0 3277
93 99 1 8586
43 16 1 3087
42 98 1 3531
87 1 0 404
52 82 1 7721
23 76 1 7281
23 16 0 2438
35 97 1 17
74 19 0 1680
63 86 1 6038
98 29 0 6583
75 1 1 4913
27 71 1 2760
46 59 1 1936
59 29 1 3476
82 80 0 9055
6 95 0 5595
94 96 0 8681
45 57 1 4527
12 90 0 6514
62 55 0 1571
31 62 0 6375
42 48 0 8452
8 56 1 4493
98 78 1 2401
40 22 0 6477
27 11 1 6532
71 54 0 9081
37 51 0 4786
97 15 1 2525
76 20 0 5197
71 20 1 2396
37 45 0 6095
93 3 0 7987
79 87 1 5681
72 63 1 370
47 12 0 5296
10 12 1 6818
98 31 1 3834
94 41 0 7459
8 30 1 1652
59 75 0 9986
36 55 1 5591
81 17 1 3533
1 88 0 4546
64 98 0 2608
93 24 0 9901
87 20 1 3245
10 28 1 4460
88 93 0 7910
66 85 1 1107
39 33 0 9041
14 71 0 9959
73 15 1 7856
46 29 1 8778
94 11 0 3681
94 39 0 5761
70 49 0 855
54 94 0 4481
57 85 1 7352
85 69 1 5562
38 64 1 2083
61 92 1 1362
30 16 1 9543
100 15 1 4663
28 7 1 1923
66 32 1 9670
11 76 1 423
18 80 1 394
69 10 0 2662
42 60 0 4286
18 96 1 3176
13 70 0 4452
38 60 0 1115
2 33 1 6691
1 15 1 4309
20 3 0 4779
90 93 1 6431
28 39 0 9578
50 14 1 7988
20 8 1 9360
82 63 1 5206
15 44 0 146
64 10 1 4113
73 77 0 9868
99 87 0 6974
67 25 0 5466
16 38 1 8739
10 92 0 671
55 84 0 5433
68 44 0 8758
49 2 1 7364
47 61 1 8397
46 32 0 7983
74 84 0 1674
72 2 1 9184
47 26 1 6211
52 28 0 9771
31 30 0 3624
39 53 1 2937
63 26 1 8343
61 68 1 54
4 10 0 899
35 99 0 3798
75 27 0 6658
66 1 1 2260
26 53 0 3128
41 96 0 6914
94 7 1 2973
18 67 0 6759
89 40 0 8439
72 14 0 5451
58 44 0 1160
36 75 1 3625
87 92 0 5727
28 45 0 8463
40 99 1 8407
19 44 1 6814
47 44 0 184
59 51 0 2819
98 27 0 4975
42 51 0 9824
38 20 1 7656
4 24 0 6279
60 91 0 6804
68 95 0 946
34 42 0 6775
9 51 1 5739
43 23 1 4308
83 54 1 9390
88 67 1 7152
23 81 1 6797
52 81 0 2389
98 35 0 5309
13 16 0 5148
92 32 1 7710
56 84 0 2077
6 52 0 8351
4 35 0 4091
87 24 0 2631
97 73 0 1172
3 21 0 9471
2 55 1 5143
100 85 1 7054
53 69 0 9589
10 95 0 658
35 30 0 5070
41 4 0 4772
24 55 1 9803
41 10 0 5294
95 38 0 7624
35 26 0 8589
43 94 0 5169
3 81 1 9614
57 71 0 4402
14 10 1 7495
54 79 0 29
93 37 0 8568
49 20 0 5136
47 92 0 6494
62 80 1 5379
35 47 1 4522
54 13 1 3384
4 83 0 9736
99 28 0 8318
60 98 0 5317
38 73 1 7448
73 34 1 2193
78 68 1 4805
15 99 0 6910
24 66 1 7784
71 33 0 6560
39 58 0 7037
41 34 1 8821
74 75 1 4549
12 67 0 2976
87 52 0 7355
70 9 1 4592
87 60 0 9596
8 14 1 4937
19 21 1 7784
49 64 0 3081
28 100 0 6144
60 73 0 9155
48 76 0 7462
98 1 1 4541
75 76 0 9760
58 24 1 8109
38 52 1 3659
86 20 1 4436
40 19 1 1452
25 49 0 4981
31 17 1 3919
12 95 0 5341
66 18 1 7766
46 18 0 2640
29 28 0 7684
14 87 0 5824
7 65 0 5814
86 92 0 678
83 57 0 6449
68 73 0 4645
56 33 0 5401
51 25 1 3305
40 20 1 8722
79 84 0 1488
45 76 1 10000
62 24 0 7059
17 84 1 160
55 76 0 8039
8 77 1 9637
39 57 1 1847
21 75 1 3304
11 81 0 7830
43 66 0 1211
28 9 1 5446
100 27 0 6923
62 5 1 5348
72 4 1 7594
77 29 0 8458
64 4 1 5299
67 40 1 3940
87 4 1 252
51 87 1 2190
84 14 0 4211
15 4 0 5600
20 87 0 7382
35 100 1 4095
62 16 1 9230
26 99 1 6103
10 40 0 9756
23 88 0 1517
63 57 0 9198
72 74 1 8011
91 64 0 6132
22 98 0 5256
69 4 1 2066
93 79 1 1820
47 90 1 9471
6 31 0 4025
60 66 1 1104
41 26 1 705
22 18 0 5577
52 48 1 7345
100 73 1 3182
28 65 0 9337
4 57 0 503
62 99 0 6494
95 20 1 6436
68 26 1 2888
15 89 0 323
16 86 1 5690
28 62 0 4477
74 23 0 9152
7 96 1 2610
83 1 0 3097
13 98 0 8284
54 27 0 9310
67 68 1 2106
71 24 1 6277
18 95 0 2276
89 76 0 3241
76 70 1 5029
34 57 0 9210
21 58 1 5901
50 80 1 8220
6 39 0 6081
77 56 1 2898
31 77 0 5804
86 75 1 9522
53 5 0 2826
99 91 1 2442
6 76 0 5978
14 80 0 1131
33 55 0 7942
70 72 0 9016
11 89 1 1420
36 60 1 498
50 41 1 5367
19 80 1 1627
16 46 1 356
36 29 0 3039
58 6 0 3415
67 65 1 5468
40 27 1 2093
45 27 1 9686
72 28 0 8169
14 25 1 4385
9 52 0 639
23 34 0 326
36 80 0 7583
93 62 0 5456
57 33 1 8112
27 56 1 593
56 35 1 4202
31 92 1 3261
79 52 1 6688
75 26 0 7022
34 83 1 1020
49 14 0 2131
43 22 0 9106
61 2 0 7814
88 96 1 7910
96 29 1 6289
70 1 1 2580
59 78 0 8291
89 20 0 9145
18 27 1 1299
85 43 1 688
87 96 1 7569
18 45 0 2686
58 93 1 9014
6 75 0 9544
19 32 0 9203
9 30 0 6278
81 21 1 4653
52 46 1 3462
30 77 0 85
78 25 0 2368
5 6 0 8070
95 19 1 3695
27 84 1 5904
43 83 1 206
85 22 0 1931
68 9 1 9924
77 61 1 3602
17 22 1 1959
85 3 1 1467
69 44 1 1100
40 13 1 9472
69 9 1 6518
39 91 1 2937
22 94 1 6411
16 91 0 4583
20 21 1 2342
82 13 0 6911
15 98 1 9592
28 76 0 7878
100 64 0 9453
62 87 1 4909
42 73 1 4755
6 47 0 3780
48 2 1 3677
16 40 0 417
46 97 1 6434
32 100 0 7106
2 29 1 1582
96 3 1 6210
15 53 1 3779
67 27 0 3233
78 55 1 675
17 42 1 277
73 50 1 6376
12 84 1 1237
9 53 1 2982
1 20 0 286
76 24 0 4798
74 49 1 6082
72 48 1 2095
54 81 0 7244
72 55 0 4389
74 67 1 1799
5 16 1 3382
20 99 1 76
9 98 0 2908
32 85 1 7811
13 33 1 7743
77 95 0 1023
92 83 0 2372
1 96 1 985
63 7 0 3138
99 24 1 2085
30 37 1 4542
31 24 1 1224
75 31 0 8612
95 17 1 2571
91 25 0 8578
70 12 1 6638
46 56 0 2533
65 96 0 4438
82 27 1 6389
67 10 0 857
6 65 1 332
86 2 0 5872
44 4 1 2987
56 15 1 5007
21 5 0 7621
100 55 1 8129
59 87 0 1179
1 67 0 1077
55 93 1 8043
7 66 1 789
45 63 0 7677
64 3 0 3101
32 65 1 1215
22 31 0 6278
99 62 1 391
91 57 1 1055
7 73 1 7113
44 88 1 5884
65 98 0 7757
57 42 1 1907
28 49 1 2465
2 59 0 1815
2 62 1 1728
85 49 1 7113
21 69 1 4715
10 38 0 7466
84 56 0 919
25 14 0 9159
42 4 1 5127
20 67 0 1002
29 31 0 1291
76 87 0 7231
68 81 1 1226
74 5 1 2698
41 7 0 4875
40 30 1 6655
88 8 1 7504
59 60 0 1630
50 86 0 6347
52 32 0 2328
15 74 1 9059
83 68 1 6474
22 63 1 3203
60 46 1 1909
8 88 1 6400
17 25 0 5786
8 19 1 7612
100 97 0 4917
32 42 0 966
63 85 1 5120
7 36 0 8556
62 19 1 3494
66 50 1 4755
94 89 1 1330
97 89 0 4319
46 27 1 4493
26 11 0 9712
17 63 1 9140
49 54 0 3851
85 10 0 6630
19 50 1 8600
90 31 1 4700
100 37 0 6550
75 18 0 2980
58 71 1 7395
14 58 1 8181
73 20 1 9468
74 42 1 733
62 100 1 6587
60 33 0 3690
52 29 1 1728
5 2 1 6621
96 26 0 9096
44 39 1 11
38 36 1 563
84 20 0 9221
73 17 0 524
65 85 1 9088
98 90 0 441
46 67 1 4674
60 70 1 355
42 84 0 6164
19 58 1 8904
46 90 1 8381
31 33 1 9613
13 73 1 555
25 1 0 5790
43 20 1 7929
4 21 0 2201
23 42 0 9846
76 71 0 4770
61 99 1 2008
7 45 0 7162
24 98 0 219
13 14 0 5523
95 3 1 7188
41 90 0 7949
89 73 0 7296
20 51 1 3588
17 43 1 1865
91 7 0 9661
9 49 0 8895
20 63 1 9264
31 98 1 7638
64 20 1 465
55 34 1 9485
41 51 1 7058
92 31 0 6595
40 91 1 478
18 43 1 1863
90 84 1 9422
94 64 0 2982
30 65 0 2283
29 88 0 9549
32 59 0 6319
29 89 0 8280
82 19 1 7712
3 86 1 5653
20 55 0 2773
59 62 0 5118
11 59 0 3992
11 21 0 7279
61 28 0 3525
19 78 0 2131
5 48 1 149
6 70 1 6348
41 38 0 3519
54 47 0 2932
71 42 1 9226
53 6 1 5579
5 1 0 8358
92 42 1 6801
41 35 1 2694
87 56 0 6654
54 98 0 5165
90 87 0 1544
20 29 1 6654
87 84 1 9493
34 12 0 1826
56 48 0 3225
90 32 0 6797
89 35 1 1297
87 58 0 2580
17 20 0 9225
50 23 1 6175
39 5 1 5554
89 2 1 1130
95 76 1 4841
83 65 1 614
28 29 1 23
65 35 0 132
25 31 1 4939
87 38 1 1057
43 28 1 2266
100 17 0 462
35 25 0 931
44 89 0 8977
95 8 0 774
98 52 0 3023
24 53 0 797
74 13 1 3188
26 94 0 5085
52 21 0 2767
57 95 0 2500
95 14 1 8919
43 31 1 1588
38 12 0 4965
32 84 0 9228
17 96 1 8123
16 92 0 9789
56 12 0 6638
53 23 1 3492
72 44 1 2247
100 3 0 5231
25 13 0 1726
13 26 1 5940
61 24 1 3504
95 2 1 7069
100 63 0 1250
67 73 1 7343
43 5 0 7781
13 91 1 9209
42 57 0 7486
74 95 1 4137
36 66 1 9862
29 15 0 4538
34 98 1 2010
87 68 0 7438
99 33 0 4677
25 96 0 4064
41 23 0 9166
32 82 0 3721
9 3 0 4914
69 66 0 341
74 58 1 5134
12 86 1 865
3 45 1 8821
87 50 0 3949
99 36 1 5414
76 58 0 139
60 85 0 1586
92 5 0 315
17 80 1 6171
38 26 1 9405
49 61 0 3514
15 29 1 6007
29 42 0 5669
40 59 0 5958
54 42 1 1405
96 11 1 641
49 62 1 58
84 38 0 4378
80 2 1 3347
87 46 0 5630
76 46 1 1607
41 85 1 9659
30 31 0 4057
63 11 0 1988
81 82 0 1384
76 85 1 8641
1 66 0 2303
17 77 0 4823
93 21 0 8003
59 23 1 9314
90 50 1 8838
84 37 1 164
20 15 0 9883
94 77 1 8307
33 65 1 3953
68 59 0 7883
68 38 0 4805
19 60 1 5611
39 26 0 4359
62 68 0 6670
30 18 0 1654
30 20 0 2958
62 47 0 6574
50 45 0 7143
86 42 0 7836
47 60 1 6807
61 94 0 4375
62 4 0 9248
92 47 0 8865
54 97 0 8499
38 72 1 2639
100 13 0 6039
32 10 1 1467
65 9 0 3715
30 29 1 2104
100 38 1 4700
91 14 1 6501
65 89 1 3896
82 3 1 7451
3 10 0 5065
53 22 0 5343
17 99 1 5135
89 25 0 2226
90 5 1 9108
37 59 1 6095
49 75 0 2635
29 22 0 2107
61 21 0 4419
28 12 0 3395
8 5 0 3029
67 36 1 8070
10 30 0 8750
89 26 0 55
42 37 0 8008
88 10 1 1319
32 51 0 4100
87 91 1 8751
39 78 0 8265
63 23 1 9136
61 49 1 9002
48 32 1 3008
33 61 1 3929
90 91 1 8273
2 12 1 9759
44 37 0 8294
54 7 1 4813
28 94 0 5720
34 18 0 7705
73 23 0 3694
69 55 1 6790
4 13 1 3636
63 49 0 8974
43 9 0 4563
15 76 1 5662
91 75 0 6278
60 26 1 6915
30 83 1 6516
92 53 0 1640
61 25 0 9340
88 46 1 544
90 65 1 6196
24 77 1 7513
26 67 1 3246
47 36 1 761
26 12 0 5910
4 5 1 8979
78 97 1 610
64 89 1 4140
59 15 0 5762
46 98 1 6087
68 24 0 397
75 79 1 5358
76 60 0 2116
45 90 1 1221
95 49 1 3567
48 25 0 6553
57 2 1 1815
19 13 1 8911
19 55 0 2736
6 34 0 2289
46 68 0 527
7 99 0 9520
15 96 1 8068
28 56 1 260
55 57 0 9937
45 68 0 1791
12 82 1 3337
38 22 0 2141
68 93 1 775
35 71 0 3111
62 86 1 4982
99 67 0 9983
99 30 1 6826
68 54 1 3934
44 85 0 9796
51 53 0 21
64 14 1 2171
51 37 1 5343
39 90 0 6039
74 22 0 445
19 82 0 1585
24 47 1 1141
29 19 1 2208
13 42 0 7803
37 52 1 2046
91 37 1 2764
18 90 0 8716
81 7 0 7731
19 30 0 9817
69 56 1 9933
10 13 0 6164
72 65 0 2728
96 6 0 1390
57 97 0 4239
28 34 0 7455
45 62 0 9526
15 72 0 2484
35 89 1 4025
28 54 1 9804
87 19 0 9911
36 13 1 9106
43 76 1 5732
47 31 0 9788
83 5 1 7209
23 60 1 1594
24 70 1 8837
41 54 0 6980
47 16 0 2126
57 72 1 7007
73 83 0 5483
12 6 0 6128
81 45 0 5458
91 77 0 1277
54 4 0 8950
29 55 1 9198
73 67 1 1958
87 25 1 2663
4 12 1 7177
35 72 0 881
33 84 1 8812
78 87 1 1758
78 59 0 1217
6 98 0 929
69 14 1 3034
87 18 1 8314
46 3 1 3118
71 3 1 1964
37 100 1 8130
11 71 1 5089
100 60 0 5778
4 52 1 1247
76 50 1 5320
18 25 1 9012
11 10 1 2684
65 99 1 6828
60 31 1 4580
97 59 0 9442
96 45 0 6225
22 45 1 7837
44 60 1 7596
65 27 0 4122
14 62 1 6029
86 72 0 7852
83 67 0 1446
18 34 0 6987
11 53 0 1711
10 72 1 6556
84 53 0 1763
49 69 1 1862
56 62 1 5893
24 94 1 2703
59 28 1 4225
78 70 0 456
17 100 0 5119
12 70 0 425
4 81 0 8586
88 70 0 8977
16 97 0 666
26 4 0 2570
25 51 0 11
64 54 1 2871
8 73 0 67
8 76 1 5326
35 62 1 7371
54 55 1 7801
95 53 0 9866
77 29 1 5169
79 85 0 2169
97 82 0 5363
34 88 1 254
69 71 1 1135
82 32 0 7747
48 86 0 2684
57 79 1 3667
80 62 1 2709
76 22 1 3521
93 64 1 9969
39 20 0 6384
9 2 0 5799
26 93 1 8927
98 9 0 1895
9 94 0 3930
75 45 1 9568
77 24 1 9451
1 69 1 4958
10 82 0 5618
89 7 0 9957
77 44 0 1274
86 89 1 2411
95 93 1 7203
24 13 0 5074
34 74 1 2121
91 29 0 7888
54 18 0 6861
30 43 1 9504
97 7 0 5022
72 100 1 558
31 44 1 5578
40 38 1 614
53 90 1 5907
27 6 0 1696
93 18 1 1002
8 63 1 3137
11 99 1 6883
61 75 0 9395
75 47 0 9796
6 57 0 3961
32 64 0 1638
85 86 0 4658
34 86 0 5946
26 44 0 2060
67 6 0 8446
39 77 1 4111
72 66 0 5313
39 86 0 7156
19 72 1 9372
59 46 0 8444
94 81 0 5317
4 56 1 649
55 15 0 7874
25 22 0 1816
43 70 1 3871
38 89 0 9551
30 19 0 4583
84 28 1 8104
92 15 0 9677
34 96 1 1652
58 26 1 6959
53 10 1 2134
14 95 0 1264
47 64 1 9240
48 35 1 2118
83 37 1 2316
1 2 0 2395
55 64 1 368
67 51 0 4353
39 76 0 1918
92 97 1 3556
79 39 1 9262
66 87 1 1730
46 45 1 1318
77 9 0 2646
20 73 0 6790
91 62 0 8514
18 5 0 7835
20 76 0 591
30 50 0 8094
18 89 0 1891
79 93 1 791
16 79 0 9846
6 16 1 6989
1 64 1 160
20 84 1 2451
9 84 0 955
44 68 1 477
17 2 1 2939
64 67 1 7699
29 58 0 6658
94 80 0 505
15 3 1 9695
20 80 1 1396
32 61 0 4363
26 6 0 4951
12 91 1 6382
20 6 0 9200
74 15 0 6862
75 77 0 7770
10 17 0 6150
71 6 1 5247
63 83 0 108
65 38 0 3020
22 19 0 2028
81 58 0 907
48 95 0 5102
89 34 1 196
37 34 1 7999
64 43 1 8686
92 27 0 1119
28 4 0 470
17 49 0 2574
69 83 1 9479
16 3 0 8216
47 33 1 5399
18 36 0 4988
36 99 0 9319
26 15 0 2572
31 25 0 4588
53 54 1 3207
66 40 0 2310
27 98 0 1452
6 29 1 6443
44 7 1 3620
91 63 1 5983
17 56 0 7281
34 49 1 7081
98 30 1 5671
68 25 1 1243
12 26 0 8496
67 38 0 1493
60 69 1 9674
26 19 0 9555
68 85 0 6442
57 49 0 2303
83 92 0 6189
2 100 1 4294
55 96 1 9337
74 38 0 2303
25 99 0 2533
13 78 0 5188
69 54 1 3962
63 6 0 6224
71 34 1 8217
3 6 1 9181
22 24 1 9002
73 64 1 6738
12 2 1 8572
83 61 1 536
46 95 1 8291
82 4 1 1870
93 53 0 8930
53 96 1 7444
50 54 0 7395
14 1 1 9777
3 27 0 1413
87 14 0 3009
71 74 1 6950
6 89 0 828
86 11 1 429
84 57 1 3260
82 18 1 5149
25 91 0 3251
57 21 0 7879
58 3 1 9011
37 62 0 3915
88 53 0 6914
77 70 1 1020
87 77 1 1923
30 61 0 4590
67 74 0 970
12 29 0 5895
24 97 0 5534
59 20 1 1415
46 73 1 2375
56 100 0 8759
51 96 0 2615
51 61 0 3990
22 16 0 9587
16 18 1 3009
84 25 0 6743
29 68 1 3003
73 81 1 2582
5 79 1 7374
83 81 0 9023
32 21 0 8864
38 71 0 3447
43 52 1 7573
61 13 1 704
94 63 0 7220
18 2 1 4767
53 91 1 692
30 76 1 7023
14 35 0 8449
55 25 1 5547
61 96 0 860
63 62 1 392
49 92 0 7401
70 86 0 7665
23 58 0 670
98 82 1 6036
5 65 1 2699
90 60 0 2500
89 8 0 6361
17 45 0 4071
82 55 0 3228
18 3 1 4737
22 50 0 644
81 9 1 1102
26 71 1 6766
92 79 1 5815
15 32 0 6954
74 71 0 8507
91 69 0 705
94 14 1 1150
38 39 1 7015
12 44 1 6765
64 60 1 9143
39 62 0 6322
73 92 0 5716
19 69 1 3834
89 21 0 7830
40 81 1 8658
29 86 0 8891
97 25 0 4933
43 42 0 9691
41 66 1 7297
55 1 1 4274
85 81 0 9159
26 43 0 5035
23 57 1 7061
91 98 1 3837
67 72 1 6262
11 68 1 4228
79 68 0 5286
37 41 0 1303
13 89 0 1622
3 71 1 5641
26 38 0 475
47 10 0 4397
5 34 1 4325
28 22 0 1823
45 16 1 9603
17 10 1 6195
94 9 0 2705
100 86 1 9303
68 65 0 6543
20 5 1 5545
10 47 1 1890
26 97 1 3730
31 88 1 9869
83 23 1 128
60 5 1 2115
96 51 1 9751
30 82 1 9223
89 44 0 9243
64 24 1 9309
38 14 1 1684
36 44 1 2941
77 12 0 4761
62 3 1 7363
54 48 1 9172
68 23 1 5149
11 73 0 271
1 73 0 5504
51 24 0 5577
21 90 0 8063
42 85 1 6673
14 55 0 5761
65 59 0 6782
51 86 0 3554
48 96 0 8845
65 30 1 8753
59 17 0 6046
3 62 0 3209
100 75 1 1164
70 96 0 749
84 61 1 6758
19 63 0 5389
97 32 1 1020
73 7 0 4811
14 61 1 4099
61 78 0 6457
73 35 1 4054
64 86 1 8767
86 33 0 4768
27 46 1 7260
44 21 1 8336
59 95 1 9687
75 5 1 3632
7 100 1 479
100 28 1 6939
93 61 1 4168
23 41 1 8752
96 23 0 6639
91 44 1 3537
8 3 1 5601
63 88 0 4253
49 9 0 2698
11 36 1 1911
3 2 1 8798
18 24 1 1335
91 36 1 3475
93 78 0 5839
68 99 1 6272
70 76 0 9065
81 94 1 7259
62 51 0 6796
59 85 0 3714
7 79 1 5767
28 66 0 2624
57 12 0 8813
53 60 0 3887
26 81 1 6003
90 89 0 9850
67 71 1 5049
50 35 0 7089
16 98 1 2650
41 2 1 7430
96 70 0 1074
12 7 1 9750
64 85 1 9425
52 53 0 9056
72 6 0 1398
96 65 1 991
89 100 0 4511
45 96 1 4253
94 18 0 2697
53 97 1 2094
72 62 1 4602
94 84 0 6357
83 3 1 3496
30 2 0 5375
7 35 1 8595
4 28 0 9832
57 41 1 2407
98 22 0 5137
67 56 0 7541
20 74 0 7926
43 47 0 3554
78 20 0 139
74 69 0 3824
87 44 0 3464
64 23 1 6997
69 45 1 1026
75 88 0 8133
85 9 0 1311
76 100 0 1554
21 60 0 8470
71 13 0 5887
96 49 1 9150
3 91 1 9402
97 35 0 1026
18 31 0 9276
63 27 1 6696
95 10 1 9784
36 68 1 1475
41 95 0 65
73 27 1 6931
32 12 0 9218
39 38 0 3580
95 5 0 1061
23 22 1 2169
21 74 1 9516
27 65 1 5302
6 17 0 4757
41 40 1 1049
10 25 1 4605
49 97 0 1056
35 92 1 8340
36 79 0 8695
3 63 1 9460
27 43 1 284
84 19 1 2284
82 14 0 3281
71 99 0 8708
2 13 0 2811
36 77 1 3647
15 85 1 9325
94 17 0 2937
36 7 0 9521
39 67 0 3337
4 50 1 6672
83 100 1 3686
49 45 1 1200
45 33 0 2471
63 53 1 3508
52 89 0 9407
98 49 0 3223
97 86 0 9422
74 33 1 333
39 24 0 1865
69 33 0 7288
53 71 1 2280
22 89 0 8647
31 41 1 8710
89 9 1 8706
88 6 1 2945
66 86 0 68
60 28 1 9786
71 70 0 8017
46 66 1 1807
29 61 1 9508
89 69 0 8126
50 62 0 3062
12 98 0 9359
96 65 0 3335
37 96 1 7630
81 43 0 3840
42 34 0 3834
30 60 0 1805
54 62 0 6151
13 36 0 4029
30 13 1 8415
87 100 1 6515
16 78 1 8046
94 66 1 8054
34 37 1 1163
5 86 1 9871
40 76 1 1603
18 41 1 1680
30 88 1 7008
64 28 1 3520
78 81 0 59
6 26 0 7612
4 7 0 9970
98 96 1 1314
79 18 0 9945
74 63 1 9845
53 43 1 1455
27 20 0 8831
66 29 1 3415
57 4 0 3006
5 14 1 4840
19 61 1 6611
1 19 1 1093
56 53 0 5026
25 94 0 7653
6 88 1 515
44 78 1 8889
47 89 0 6035
27 39 0 9592
52 35 1 8882
8 38 0 112
98 14 1 7035
64 80 1 3226
88 89 1 141
51 68 1 4103
88 28 1 4246
8 20 0 7985
62 44 0 700
84 5 1 1134
64 13 0 7988
16 70 0 2360
28 63 0 7966
74 55 0 8135
94 16 0 3610
80 63 0 8910
98 23 0 5628
7 22 1 5760
90 78 0 3179
85 59 0 2068
69 31 0 6443
48 52 1 6034
23 21 0 3511
86 10 1 3864
78 19 1 7792
42 29 1 8989
15 66 1 6043
49 57 0 1190
82 86 1 229
30 41 1 1737
34 28 0 4444
13 21 0 8168
30 95 1 7760
94 18 1 6260
89 3 0 3239
79 22 1 8958
51 62 1 7919
96 7 1 3106
29 13 1 2628
30 66 0 1328
36 48 0 2257
83 20 1 5985
27 52 0 5489
68 12 0 5650
64 73 1 8945
3 22 0 9045
14 3 1 4645
15 2 0 5663
66 82 1 9692
12 49 1 8342
35 81 1 8510
39 71 0 4496
13 87 0 2019
38 77 1 3852
60 50 1 5154
62 77 0 1651
35 29 1 3675
8 83 1 190
24 25 1 7412
4 15 0 9785
81 92 0 1595
72 45 0 2847
52 70 0 3106
71 44 0 8800
61 30 0 5171
15 48 0 1810
82 60 0 6867
86 52 1 9850
39 73 0 5957
91 3 1 2572
62 79 0 828
57 83 0 7447
91 1 1 5903
86 35 0 8688
80 69 1 7406
67 1 0 6199
92 14 0 3986
35 94 1 3765
46 34 0 6054
28 10 0 6342
57 67 1 9182
11 70 1 9900
93 12 0 236
81 4 1 1324
27 47 1 2552
17 30 1 1255
55 91 0 2367
57 8 0 7370
11 84 0 7902
26 45 0 4505
86 83 0 8679
99 5 1 5382
98 83 1 72
51 42 1 7520
60 8 0 3045
50 47 0 9543
92 48 1 3845
41 46 0 9084
88 14 1 9894
9 99 1 5098
56 37 0 8401
69 93 1 2950
62 7 1 7621
97 87 1 1489
71 76 0 6072
72 68 1 6988
15 30 0 626
77 21 1 3309
56 16 1 8568
19 94 0 3164
4 44 1 3539
35 80 1 6237
45 3 1 4255
85 91 1 9824
98 87 0 3211
53 44 0 2538
51 59 1 2954
95 30 0 7256
94 49 1 5661
53 51 0 412
67 33 0 9561
17 32 1 6809
4 14 1 664
81 84 1 8643
56 26 0 3530
50 72 1 3396
92 61 0 8590
56 8 0 9443
55 2 1 6566
16 60 0 5106
86 84 1 47
2 93 1 2896
31 29 1 5448
9 88 0 9034
52 24 1 8651
95 11 0 3430
73 3 0 6279
54 96 1 3724
88 78 0 7062
54 29 1 7016
34 30 1 4402
70 41 1 3546
5 58 1 3321
62 18 0 3315
71 83 0 1028
32 31 0 9501
46 100 0 3457
11 42 1 2504
24 26 0 2467
18 73 1 9157
60 21 1 4485
17 95 0 9319
27 72 0 2539
63 12 0 6713
32 43 0 7276
93 50 0 4576
21 77 1 9055
13 96 1 5707
93 23 1 7004
22 44 1 3027
47 2 1 9483
27 41 1 5751
29 36 1 3654
62 92 1 648
37 25 1 4451
87 32 0 1574
15 20 0 860
64 50 0 1281
73 75 1 3297
85 98 1 6772
64 45 1 3604
95 96 1 257
92 11 0 9767
7 94 0 8397
76 10 0 4338
37 48 1 9265
20 90 1 471
22 51 1 639
40 62 0 8479
15 16 1 5505
69 35 0 8539
1 56 1 9200
4 17 1 9271
81 6 0 3701
14 16 1 7893
41 67 1 6929
58 32 1 1563
95 23 1 93
44 26 0 7686
31 22 1 7224
55 47 0 6062
77 36 0 6104
74 82 0 8884
45 94 1 294
84 83 0 4512
22 10 0 757
96 53 1 6260
19 95 1 9991
3 80 0 4551
23 11 1 7053
77 7 0 8837
35 42 0 729
20 66 0 2168
91 16 1 1112
93 29 1 4234
68 28 0 217
74 46 1 4057
75 31 1 1530
45 93 1 9278
81 64 1 2606
11 97 0 6246
68 4 0 5030
6 100 1 4046
76 18 0 6687
53 15 0 3767
22 83 0 3219
82 1 0 6875
78 64 0 5866
8 60 1 6033
83 59 0 2699
38 37 1 6619
57 22 1 5062
27 23 1 7419
46 96 0 9101
58 37 0 9099
17 91 0 3006
41 97 1 9027
100 1 0 3123
54 73 1 2261
61 8 1 6944
79 55 0 4452
80 11 1 1694
76 30 1 126
28 15 1 9110
87 3 0 3209
19 41 1 9630
48 63 0 7781
66 10 0 2117
41 56 1 4918
69 86 1 7005
80 38 0 4459
92 10 0 3991
83 25 1 8191
66 68 0 1488
1 29 0 1998
75 53 1 7327
81 46 0 6976
36 24 0 9243
81 71 1 1807
20 78 1 4135
32 37 1 7699
82 33 0 4414
59 16 0 925
97 30 0 9344
47 93 1 7551
20 75 1 5721
93 63 1 5400
78 52 1 7775
12 79 0 4292
40 35 0 2378
61 98 0 2847
20 32 0 6517
11 52 1 9424
27 55 0 9189
28 72 0 5090
73 42 0 2101
78 61 1 1937
12 83 0 2724
51 89 1 6796
76 13 1 8257
52 30 1 2569
79 7 0 6090
52 33 1 7968
33 81 1 1443
64 51 0 244
42 97 0 9472
91 12 1 6084
93 90 1 6554
4 65 1 1696
74 51 0 2106
83 14 1 3761
60 77 1 5011
82 61 1 6164
42 28 0 6925
52 65 0 9486
76 57 0 5967
7 42 1 6047
58 53 0 6343
45 69 0 4617
25 85 0 3444
47 81 0 2512
20 54 1 7878
21 48 0 1788
5 44 0 6838
73 80 0 1274
66 76 1 364
80 83 0 5870
37 68 1 6133
62 40 1 1276
90 79 0 9136
93 42 1 9556
13 50 1 2502
80 31 0 5543
74 86 1 5838
34 25 0 999
28 60 0 8569
8 45 0 6404
62 14 1 2392
99 3 1 6260
83 98 1 4931
83 86 1 3299
20 4 1 5224
5 30 1 6405
52 23 0 5984
29 5 0 2512
84 16 0 4435
59 43 1 6256
62 9 0 4289
56 4 0 1686
8 39 1 3500
76 37 1 2643
80 35 1 2252
84 13 0 3055
93 72 0 6538
58 84 0 4449
43 17 1 3181
70 17 0 7835
85 6 0 9172
57 26 0 2107
98 17 1 1364
32 76 0 5569
84 69 0 2069
69 34 0 1105
99 94 0 2987
61 20 0 6213
31 52 1 940
99 20 0 9613
16 11 0 5405
29 50 0 502
8 61 0 5538
23 31 1 6763
65 50 1 6075
89 30 0 9692
8 79 0 7570
69 59 1 5604
64 35 1 1192
68 5 0 7992
22 54 1 1261
55 7 1 5135
65 22 0 912
15 22 0 5048
43 50 0 1661
88 1 1 6137
44 69 1 2423
90 13 0 7951
79 44 0 220
11 24 0 4012
55 61 0 6712
65 36 1 3877
60 74 0 6648
40 34 0 6389
79 13 1 7544
2 45 1 5046
68 21 1 38
65 1 1 3947
39 40 1 2700
60 88 1 8402
72 79 1 8130
75 4 0 7803
88 33 0 7118
26 84 1 5608
17 82 0 5212
16 56 1 412
66 99 0 2867
36 61 0 6078
2 27 0 2488
75 41 1 7863
55 22 1 8241
63 60 1 599
94 79 0 7384
90 51 0 5538
15 24 1 9429
81 37 0 1784
51 2 0 4704
34 80 0 670
43 35 1 6990
72 54 0 1217
21 34 0 5421
26 46 0 118
72 67 1 9404
82 39 0 8844
3 82 1 7861
17 97 1 8550
3 41 0 5313
20 46 0 1462
60 55 0 7392
6 12 1 5690
44 82 1 9911
88 9 1 6013
26 95 0 4556
73 72 1 7667
57 65 0 4118
49 83 0 9029
72 32 0 2548
53 52 1 6067
33 14 1 9191
75 81 0 4558
31 28 1 7730
40 71 0 3773
98 48 0 6567
69 27 1 2798
70 4 1 2335
77 30 0 6461
23 80 0 2304
89 82 1 6685
99 93 0 6101
92 94 0 552
22 69 1 6830
59 40 1 3314
25 53 0 8820
12 33 1 8357
27 35 0 2841
55 16 1 1079
38 78 0 2933
49 67 1 9035
52 39 0 2735
94 55 1 8724
7 15 0 744
52 99 1 3164
13 35 1 4463
22 1 1 8169
46 91 0 2537
5 66 0 5216
52 55 1 1458
1 50 1 6655
53 3 1 3308
18 53 1 6970
31 86 1 3423
32 35 0 6851
58 50 1 6611
50 71 0 4114
8 64 0 6912
100 2 1 6208
35 43 1 9813
15 88 0 6739
21 70 1 8754
42 90 0 6503
71 18 1 5754
19 31 0 4348
41 84 1 6196
67 78 1 6654
32 62 1 183
59 52 1 9859
32 4 1 1575
97 26 0 4724
86 14 1 9394
8 57 0 8922
87 49 1 666
20 18 0 2471
97 77 0 2215
57 78 1 3193
89 74 0 7886
40 60 0 3336
59 10 1 1462
77 66 1 3674
23 75 1 6693
3 93 0 3895
92 2 0 103
85 95 0 6723
75 71 0 6367
95 7 0 2870
18 50 1 4342
58 85 0 9383
24 99 0 6356
5 83 1 6898
100 83 0 2378
71 8 0 8875
57 37 0 5898
25 65 1 7092
81 3 0 8036
49 6 0 7647
10 8 1 5996
1 90 1 7304
36 62 0 9568
20 50 0 8943
24 92 0 5953
32 83 0 3295
29 10 1 227
79 64 1 9192
85 24 1 4764
89 88 0 5623
40 39 1 2579
27 44 1 7994
91 41 0 3046
56 50 1 9593
35 51 0 7965
63 25 1 7467
17 57 1 4031
74 70 0 3208
38 23 0 7371
29 16 0 4875
62 50 0 2977
7 77 0 1190
48 18 0 5740
3 44 1 5444
41 77 1 9674
12 31 1 9836
21 28 0 4317
40 41 0 9802
38 66 0 3697
38 88 0 5457
49 16 1 6891
8 71 1 7472
91 55 0 8967
66 77 0 2518
64 49 1 7565
17 75 0 6401
47 99 0 6333
50 88 0 6602
99 23 1 8464
14 88 1 8090
83 71 0 8994
49 87 1 9110
2 88 1 9460
96 69 0 2463
34 62 0 6075
52 38 0 2542
36 46 1 3650
16 55 0 9025
11 93 0 8473
71 45 0 5154
52 57 0 7665
59 56 0 1142
36 82 1 4885
4 20 1 3930
95 82 1 4318
99 27 0 3373
85 29 0 1502
96 76 0 9713
27 95 1 9101
56 6 1 8633
32 3 1 6834
52 51 0 557
56 51 1 4897
6 32 1 8014
14 45 0 437
3 60 0 1804
77 38 0 6317
23 54 0 6789
64 56 1 7154
75 78 1 7939
88 51 1 7671
46 53 1 2887
8 67 1 347
14 83 1 4897
15 52 0 9721
68 86 1 4221
50 43 0 8402
8 55 1 4434
73 76 0 2835
63 82 1 172
86 13 1 6057
49 25 1 8821
87 39 1 4612
72 34 1 4231
62 95 1 4982
61 83 0 1444
57 100 1 1063
26 51 1 6556
21 61 1 9607
81 93 0 571
1 94 1 2841
45 53 0 3814
27 37 0 1160
16 59 1 1797
86 74 1 9038
15 47 0 1162
76 5 1 4236
64 81 0 582
67 99 1 6044
85 25 1 6729
91 65 1 6619
6 35 0 2477
33 15 1 1493
76 12 0 6731
43 64 0 553
83 46 0 1078
72 5 1 6698
5 32 1 5409
76 49 1 5611
12 78 1 141
77 98 0 8403
93 4 1 94
84 12 1 1508
45 2 1 6242
29 62 0 3639
97 44 0 2791
45 6 1 6669
24 52 0 3472
94 28 0 2211
47 79 0 4887
9 61 0 698
73 8 0 9616
12 21 1 2566
23 64 1 3412
48 84 1 275
10 87 0 1906
19 29 0 7062
48 71 0 4910
4 58 0 4249
91 27 0 7692
39 7 0 9640
32 34 1 3688
6 85 0 6535
97 91 0 3834
99 21 1 1625
6 37 0 1060
91 26 0 5101
69 29 0 8397
28 81 0 1312
59 19 1 6709
41 18 1 4089
61 79 0 1353
51 88 0 6730
42 70 1 7010
91 34 0 8259
67 92 0 647
69 73 1 1452
18 68 1 8020
3 16 0 5441
1 8 0 5843
89 65 1 3322
74 66 1 9379
17 66 1 7427
76 3 1 6336
22 35 0 4885
10 62 0 11
78 10 1 2510
28 18 0 672
4 8 0 5988
29 92 0 166
46 50 0 7618
51 94 0 4806
83 22 0 3919
35 10 1 8297
99 90 1 2347
76 73 1 2411
94 5 0 2409
88 85 1 6888
16 99 0 4046
73 60 0 7251
97 81 1 3343
17 52 1 8454
35 34 1 9888
80 22 1 7825
88 79 1 6410
22 100 0 637
73 40 0 2669
33 78 0 8716
70 55 0 9604
92 60 1 2583
4 89 1 7204
78 4 0 6332
47 30 0 8820
17 61 1 9074
85 33 0 3068
100 39 1 7282
85 76 1 8149
49 29 1 399
20 81 1 1784
28 90 1 8033
28 21 0 7291
43 84 0 8051
58 99 1 5087
60 72 1 297
67 35 0 1857
73 49 0 6056
88 92 0 6047
27 77 1 4745
18 1 1 8111
92 93 1 2741
32 6 0 6592
49 39 0 1441
46 16 1 7191
7 72 1 87
69 89 0 1682
24 20 1 6749
8 36 1 3817
38 55 1 2087
50 10 0 9965
26 98 0 5072
93 34 0 497
62 93 0 3465
14 91 1 7906
93 16 0 9727
42 45 1 4709
52 79 1 4485
6 71 1 2910
99 34 0 424
77 42 1 7932
21 46 0 379
95 88 1 8232
24 51 1 1520
96 24 1 6972
51 66 1 6610
92 19 0 2510
85 61 1 9306
52 17 1 3431
48 29 0 9624
6 15 0 5985
31 50 0 9534
38 62 0 3875
87 27 0 3799
67 54 0 4220
8 50 1 9514
91 86 0 1479
37 13 1 7166
19 86 0 7048
66 59 1 5721
83 70 1 3837
44 65 1 3250
78 72 1 3120
85 94 0 1073
67 81 0 9602
26 32 0 2768
11 37 0 3811
81 74 1 2476
16 45 1 1158
31 11 0 3124
74 90 0 9260
12 53 1 5829
87 70 0 5987
14 69 1 9626
50 33 1 8924
54 80 0 9369
53 16 0 6604
89 1 0 621
92 52 0 4529
55 79 0 1229
61 84 0 9718
64 31 1 9144
46 60 0 3825
59 50 1 3598
55 63 0 2457
5 7 1 1259
15 95 0 7426
31 78 0 265
29 56 0 7284
43 96 1 7608
48 80 1 5615
51 91 0 3261
67 17 1 854
72 94 1 7903
17 15 1 759
4 40 0 6840
32 57 0 2164
86 48 1 4830
71 48 1 6561
56 63 1 7742
49 51 1 2641
12 77 0 9487
90 14 1 8946
13 2 1 6920
65 40 1 208
58 13 1 6468
60 78 1 2388
36 33 1 3950
52 4 1 7912
25 21 1 41
85 100 1 2996
44 81 0 1637
50 82 0 9335
93 76 0 2355
93 56 0 1713
37 93 0 1881
31 55 0 7404
51 93 0 2806
42 7 1 580
92 71 1 1890
43 4 0 6516
49 17 1 5432
61 51 0 3625
19 28 1 3734
41 12 1 56
31 54 1 307
90 21 1 950
22 21 1 9166
36 96 1 4663
88 61 0 902
30 64 1 7319
65 41 1 726
61 52 1 1084
91 4 1 133
81 42 1 457
55 17 1 5918
8 82 0 1755
42 11 0 6740
57 59 0 7907
24 28 1 1303
1 71 1 1286
42 88 0 9665
38 90 1 6110
62 29 0 7911
2 58 1 2165
46 55 0 9023
25 80 1 3029
68 70 1 3604
60 36 0 6202
45 30 0 9741
29 53 0 1613
14 24 1 1231
75 74 0 4950
11 86 0 9680
67 49 1 5988
91 96 1 5943
96 8 0 6644
23 49 1 4936
74 81 0 6953
53 10 0 5249
46 20 0 9506
93 91 0 3585
97 29 0 1022
36 31 0 6982
50 11 0 6483
2 41 1 9332
42 80 0 4778
93 60 1 9117
35 36 1 858
35 8 1 522
99 44 0 2368
11 3 0 9677
87 29 0 2339
31 79 1 5729
27 3 0 8350
5 97 0 909
46 1 1 8985
31 43 0 9982
17 59 1 4935
24 15 1 8977
69 64 1 3211
10 33 1 9339
41 31 0 4595
25 74 0 3394
30 97 1 2672
3 46 0 2989
49 3 1 4942
34 4 1 895
59 47 0 6925
62 22 0 2113
98 74 1 8759
51 92 1 4156
34 92 1 6293
93 69 1 7615
76 16 0 7198
87 16 1 7969
6 92 0 7421
26 5 0 5287
27 78 1 9910
23 7 0 6008
52 78 1 3123
1 23 1 2530
85 65 1 1310
20 44 1 1340
26 16 1 5219
90 12 1 6923
41 94 1 3371
79 6 0 6997
65 45 1 7880
61 32 1 8536
60 97 1 1770
82 96 0 5221
30 75 1 2666
79 72 0 3023
97 75 0 7560
78 21 1 3713
43 65 0 5411
22 4 1 7674
55 77 1 6736
23 3 1 3292
26 40 0 877
24 91 0 1470
45 75 0 6112
66 64 0 9897
83 96 1 7493
11 98 1 4129
33 39 0 2394
11 67 0 2171
98 44 0 4452
69 57 0 6810
61 82 1 260
78 98 1 223
12 89 0 8012
32 11 1 9848
29 37 0 564
62 12 0 999
99 68 0 5538
56 96 0 2493
22 74 0 909
21 68 0 1659
86 98 0 3967
70 22 1 7921
40 31 1 6124
91 53 1 8691
37 55 1 3129
23 6 0 4925
27 98 1 3791
84 4 0 4657
31 73 0 2811
68 91 0 8972
5 60 0 5994
40 85 1 8322
3 5 0 32
33 27 1 1074
3 72 0 2091
96 82 1 983
94 48 0 9656
20 93 1 9329
75 2 0 7231
22 68 1 8410
85 38 0 2012
96 64 0 8021
23 46 0 7411
92 17 0 9687
21 7 1 2204
2 73 1 2177
34 94 1 5865
52 34 0 5862
7 50 1 5430
89 94 1 617
17 27 1 8120
60 40 0 7311
29 8 0 1835
17 23 1 9813
73 82 1 4828
60 100 1 5338
85 51 1 7930
72 53 0 6350
93 35 1 6635
35 61 0 7908
90 28 0 9464
49 85 1 470
74 26 0 4902
69 40 0 5877
17 74 0 2640
8 93 0 8864
66 79 1 8826
80 30 0 9955
55 82 1 1943
30 57 1 967
77 90 1 6753
98 73 0 5256
10 46 0 3099
62 31 0 2807
18 91 1 2929
100 35 1 893
22 65 0 1678
10 44 1 5536
85 64 0 6443
61 67 1 9826
21 82 1 529
63 28 0 9848
50 84 0 8949
7 92 1 4589
44 67 0 5766
52 27 1 2707
33 99 1 1040
35 3 1 2724
81 74 0 4401
77 73 1 5406
36 49 1 5262
37 4 1 8399
84 11 0 7555
27 34 1 6280
58 47 1 4358
40 8 0 3074
14 6 1 1997
33 37 0 1697
57 92 0 5993
32 2 0 5622
87 37 0 4333
78 86 1 2937
91 6 0 5774
51 27 1 1321
10 63 0 4862
73 6 0 234
98 97 0 5558
40 24 0 2151
86 55 0 8395
99 86 1 3599
11 32 1 2918
6 44 1 6750
70 90 0 7437
87 6 1 2034
33 1 1 9357
15 73 0 8270
90 77 1 39
25 16 0 1993
3 23 0 3418
96 94 1 3744
37 39 0 5312
32 68 0 8615
2 48 0 5326
68 69 1 8617
27 7 1 906
71 47 1 882
43 85 1 9355
44 15 0 8612
59 5 0 1410
67 37 1 7754
72 29 1 8391
32 14 1 730
2 30 0 4995
27 87 0 4618
73 32 0 6139
24 9 1 656
69 52 0 908
41 98 1 6222
72 71 0 9102
16 30 0 4198
36 17 0 5219
24 48 1 8895
82 71 0 8807
24 60 1 4811
59 46 1 9328
26 86 1 5813
7 13 1 7642
41 16 1 8326
22 41 0 539
4 29 0 5719
81 91 0 9943
64 16 0 7381
70 97 1 7374
75 34 1 928
20 70 1 1577
32 19 1 9427
54 32 0 3803
71 61 0 2620
5 54 0 6526
1 33 0 6722
84 48 0 1830
21 1 0 6869
42 14 0 8988
4 27 1 1752
4 60 0 5394
62 89 1 6725
18 79 0 4816
75 51 1 9120
92 54 0 4692
37 29 0 7693
9 37 0 3054
43 37 1 9934
48 43 0 5173
11 28 0 116
22 33 0 9179
53 56 1 2513
17 72 1 7915
28 27 1 5280
66 80 0 2039
42 32 0 4431
70 50 1 22
15 60 0 2488
20 60 0 6814
54 88 1 9829
45 58 1 2019
47 80 0 3087
4 45 1 5474
97 64 1 9834
16 90 0 7855
52 3 0 2758
63 10 1 8972
17 21 1 603
14 77 0 8957
92 91 0 4695
98 95 1 5398
46 21 1 5058
68 17 0 1154
39 43 1 5497
81 33 0 9375
9 92 1 9985
3 31 1 4443
60 1 1 8105
83 52 0 6890
14 79 1 8912
14 94 0 3015
26 85 1 8134
48 5 0 1336
36 37 0 53
26 9 0 3444
34 85 0 1383
82 34 0 7623
16 54 1 3499
49 11 0 2184
57 55 0 3412
7 20 1 916
10 76 1 8325
61 29 0 6622
67 80 1 4735
54 52 1 8165
76 52 0 6081
69 22 1 8605
47 55 1 4245
81 83 1 3628
36 1 0 7184
84 92 0 4755
47 83 1 70
10 15 1 3416
77 33 1 2746
1 31 1 4623
67 21 1 9916
13 62 0 5919
16 4 1 913
37 9 0 8700
81 29 1 9940
9 27 0 4863
22 14 1 5685
42 61 0 7284
27 53 1 7186
61 74 1 9641
57 50 1 9948
3 32 1 8737
37 2 0 9914
40 1 0 1029
73 52 1 9560
3 33 0 5495
47 52 0 3747
77 59 1 9227
10 20 1 1618
18 58 1 7739
89 58 0 3234
8 22 0 2263
40 77 1 8973
7 5 1 1414
9 4 0 9313
88 66 0 4541
29 25 1 3376
26 2 1 9940
76 11 1 8327
29 69 1 3973
55 33 1 2845
8 47 0 6823
68 31 0 2398
2 4 1 6403
3 30 1 8384
37 90 1 7622
68 53 0 6341
19 6 0 6402
28 17 0 9306
31 76 1 2229
70 59 0 535
48 3 0 8351
36 81 1 5389
40 96 0 39
89 53 0 1223
84 90 0 4467
40 37 1 3166
17 5 0 2816
91 100 0 8675
60 58 0 3469
3 54 1 3592
65 81 0 390
51 13 0 1333
74 40 1 65
67 60 1 593
26 20 1 9011
63 31 0 4700
90 26 1 1191
29 44 0 6477
43 7 1 7182
83 28 1 4705
41 62 1 1395
28 35 1 4952
92 29 0 731
76 61 0 2356
70 66 0 8722
54 16 1 3257
88 2 0 1903
35 23 0 9597
76 17 0 2517
4 36 0 9096
49 76 0 2314
34 55 0 6106
59 36 1 8872
19 17 0 9221
76 44 1 4196
52 68 1 5861
30 27 1 1090
43 88 1 3975
26 14 0 6755
61 73 0 8045
26 3 1 9136
63 92 0 3495
28 51 0 7082
3 59 0 3511
28 39 1 7201
38 11 0 6327
98 25 0 367
66 57 0 9668
12 99 1 2781
87 90 0 2346
22 79 0 2635
89 22 1 5754
8 70 1 5772
3 99 0 8598
75 30 1 3487
20 40 1 5857
70 67 0 4255
80 85 0 4572
15 55 0 8496
91 72 1 3618
61 66 0 1053
88 24 1 9173
85 88 0 8865
26 100 1 8177
31 5 0 9967
22 82 0 5090
80 50 0 2847
92 3 0 4228
63 51 0 9437
41 37 0 1956
25 68 1 1570
55 72 1 5618
54 28 0 152
41 42 0 1058
41 89 1 9072
17 50 1 8279
54 67 0 3287
82 6 1 1192
44 17 0 9010
96 97 0 9668
46 30 1 4580
49 56 0 258
25 86 0 1240
30 67 0 2914
85 82 1 382
36 30 0 1256
96 56 1 7449
67 79 1 1158
91 31 1 4791
32 18 0 3671
1 41 1 6707
77 93 1 7130
89 77 1 9770
28 80 1 9682
78 15 0 7073
57 35 1 9781
95 31 0 9204
85 44 1 1445
78 30 1 531
58 66 0 2386
25 72 1 6288
74 18 0 8176
100 72 1 8815
95 49 0 8368
98 3 1 7299
18 71 0 4182
61 11 0 2449
61 77 1 1520
56 59 0 4855
92 41 1 6626
94 13 1 343
33 29 0 6809
99 48 1 4842
6 42 0 9815
24 12 1 5597
71 32 0 2489
64 92 1 4633
47 96 0 1242
35 49 0 3641
17 83 1 7670
14 8 1 8194
16 14 0 8174
61 46 0 2526
65 67 1 3217
74 6 0 9381
29 70 1 1941
65 78 1 5151
76 27 0 7550
36 12 1 462
32 91 1 7640
2 44 0 9287
81 65 0 7186
98 21 1 4634
60 95 1 53
70 30 1 9863
67 14 0 5780
83 80 1 6289
99 81 1 5592
79 33 0 122
24 29 0 4850
16 83 1 3062
71 58 1 9404
20 48 0 60
65 94 1 6421
8 86 1 4564
83 7 1 8915
37 83 1 4542
5 62 1 8049
44 54 1 6069
12 23 1 365
100 6 0 5721
70 20 0 3276
53 4 0 1806
74 43 0 8782
37 84 0 4287
21 71 1 3317
86 71 0 9803
80 97 0 49
25 76 0 8405
25 67 1 7826
82 54 0 6704
36 14 1 9886
5 99 0 9788
38 93 1 5851
37 58 1 7879
39 61 1 8120
99 37 1 2155
51 3 0 4595
9 12 1 8687
83 2 0 5398
23 92 0 5607
4 68 1 7363
36 72 1 9008
56 7 1 1666
34 21 0 8372
62 53 1 4386
37 19 1 9126
49 40 1 6459
100 69 0 8653
61 17 0 1296
9 89 1 1848
68 57 1 6659
12 48 1 5977
56 55 1 2558
82 28 1 7388
95 15 0 428
81 40 1 9878
1 95 1 7346
30 9 0 3940
19 87 1 3108
20 91 1 4573
85 80 0 6537
39 23 1 4006
19 64 1 3050
87 28 0 3694
5 76 1 1516
62 49 1 8247
11 57 1 1876
48 62 1 5889
69 91 1 376
94 38 1 5034
69 7 0 3742
56 70 1 913
16 28 1 3211
88 27 1 1695
52 72 0 1239
18 37 0 3149
77 50 0 1009
7 74 1 996
8 97 0 7343
38 35 1 3021
11 72 1 6125
26 56 0 1211
10 68 1 915
74 94 1 7443
87 98 0 1056
11 14 1 636
84 80 1 5762
83 26 0 6588
15 40 1 4907
72 57 1 6726
89 71 1 9437
7 34 0 602
3 17 1 9381
97 62 0 7881
71 82 0 8096
72 69 0 186
86 22 0 60
67 59 1 672
12 92 0 8852
49 10 1 2900
30 95 0 3956
78 90 0 9469
16 47 0 1407
80 66 0 8882
50 41 0 5372
66 28 1 9562
78 80 0 911
82 67 1 262
30 87 1 2696
8 59 0 9512
24 73 1 1171
33 20 0 7543
99 12 1 5317
95 57 1 3423
12 88 0 3187
4 38 0 7002
77 88 0 6312
17 44 1 2570
90 24 1 7794
48 22 1 9335
83 4 0 2060
10 88 1 573
22 36 0 2574
34 13 0 6339
32 92 0 3200
32 28 0 9139
35 27 1 2888
33 70 1 5550
98 81 0 9561
67 3 1 1306
91 10 0 5171
5 23 0 8030
50 12 0 5436
64 66 1 6741
97 41 1 754
40 50 1 1357
89 33 0 8773
21 49 1 2737
68 33 1 2848
72 16 1 7167
86 23 1 5017
17 14 0 8944
26 42 0 9169
30 4 0 376
81 39 1 5721
33 43 1 9118
98 89 1 623
25 83 0 744
68 89 1 4090
35 87 0 950
62 25 0 3185
92 18 0 707
91 13 1 8872
60 42 1 7925
53 9 1 2283
47 25 1 5143
86 5 0 7922
83 24 0 3152
36 8 1 692
72 75 1 7356
9 8 1 7246
10 59 1 2460
75 61 1 5797
67 22 0 2295
93 26 0 1985
17 38 0 7060
32 55 1 6918
65 74 0 1959
43 68 0 3682
18 62 1 6786
59 13 1 8009
52 88 0 1779
37 89 1 131
11 85 1 2548
91 51 1 373
15 68 1 6568
96 83 1 3774
48 46 1 9979
82 72 0 4102
28 52 1 7819
91 39 1 6941
98 11 0 3736
33 11 0 6351
98 57 0 8824
97 76 0 2161
89 62 0 8536
77 1 0 4563
8 89 0 9176
18 65 1 7267
22 80 1 4054
1 79 0 7598
80 54 1 2980
76 84 0 8116
17 58 1 8065
8 37 0 3559
33 40 1 586
65 73 1 6620
82 25 0 1410
59 93 1 8522
32 67 1 1703
95 84 1 5298
53 63 1 7094
89 66 1 3480
6 73 0 8404
53 42 1 9459
45 84 1 7613
87 79 1 4911
21 18 1 7216
65 32 1 791
37 60 0 2451
29 71 1 9110
62 70 1 677
14 86 0 6605
57 28 0 1673
77 37 0 9826
61 54 1 9302
40 57 1 7847
100 71 1 6730
20 24 1 1414
24 100 1 1815
92 95 0 9140
1 85 0 4827
22 43 1 2101
28 87 1 9866
88 84 1 1667
44 28 1 5461
74 2 0 6797
100 79 0 2159
55 9 1 2516
36 23 1 2703
9 26 0 4465
70 7 0 9151
16 5 0 9942
21 80 1 8706
74 96 0 332
18 66 0 1494
47 51 1 194
75 89 1 7767
1 25 0 5364
64 53 1 2733
39 14 1 4897
62 41 0 1397
78 73 1 6211
5 13 1 9005
12 11 1 6087
17 70 0 840
85 13 1 997
89 83 1 8992
77 32 1 9565
89 80 1 4158
54 17 1 7108
66 75 0 3358
67 34 1 9642
20 69 0 6417
78 9 1 5169
22 85 1 6886
45 12 1 9589
17 71 0 9699
56 88 0 1734
56 76 0 2280
51 79 0 5601
76 41 0 5395
71 41 0 6379
9 18 0 8046
37 27 1 5273
91 23 1 8227
13 9 1 4579
10 23 0 8226
9 19 0 9967
5 10 0 530
88 86 0 5655
28 78 1 9425
80 47 0 2581
48 81 0 3055
6 53 1 3376
8 10 1 7684
60 19 0 7351
63 93 1 7820
30 39 1 8640
85 53 1 381
82 59 0 1710
29 66 1 5757
16 64 0 6759
13 32 1 5554
96 55 0 7736
1 45 1 9365
100 47 0 1984
70 58 0 8318
70 16 0 7966
47 15 1 7796
45 35 0 2489
62 52 1 5496
2 21 1 2087
46 38 1 7369
35 9 0 3386
2 53 1 869
64 90 0 6926
58 41 1 8551
79 60 0 4671
65 82 0 3803
62 69 1 3333
38 94 0 1090
60 20 1 1626
32 47 0 6176
34 23 0 8715
24 59 0 3770
35 1 1 4018
49 65 0 5688
33 51 0 2799
4 73 0 9741
52 7 1 300
67 88 1 6502
84 46 1 784
98 76 1 5398
24 1 0 7800
23 99 1 1041
77 11 1 7116
57 90 0 5144
65 66 0 2763
33 79 1 2846
63 4 0 1807
96 93 1 1302
61 70 0 1919
66 61 1 3846
7 27 1 4808
89 67 1 2442
73 9 0 7907
46 58 0 936
86 61 0 6462
3 75 1 4883
44 38 1 5058
36 10 0 5306
59 37 1 7860
92 85 0 8665
48 23 1 2566
75 35 0 3407
54 26 1 5676
24 74 1 1405
68 43 0 6847
51 1 1 4964
86 90 0 995
31 37 0 9596
38 53 0 449
61 26 0 5023
54 37 1 7932
66 72 0 8750
97 93 1 3820
90 39 0 3209
14 89 1 5520
100 56 1 3205
30 22 1 6701
66 42 1 8033
96 4 0 7427
73 29 1 1135
57 91 0 5141
46 36 1 2061
97 23 0 7000
31 10 0 2949
53 59 0 5136
39 27 1 6711
94 72 0 587
46 44 1 2599
35 17 0 3691
31 64 0 3577
5 52 1 4099
22 34 0 2814
15 97 1 2676
84 39 0 1377
43 91 1 848
24 21 1 7037
9 1 0 4757
58 9 1 9451
65 17 0 9924
53 99 0 6507
92 34 0 3343
45 48 0 1404
18 74 1 6172
99 6 0 1500
94 86 1 6375
79 8 0 8492
27 4 0 8307
97 72 1 3067
71 32 1 9720
30 21 1 8464
16 81 0 1380
18 19 1 6022
48 41 1 6423
43 13 1 9585
38 86 1 9607
44 87 0 3928
98 46 0 9070
61 97 1 5561
44 33 0 2711
47 86 1 1723
79 77 1 6168
57 38 1 2645
99 35 1 5334
86 19 1 6429
23 86 1 3712
48 47 1 5412
7 51 0 4563
18 61 0 5755
15 79 1 1036
12 40 0 2067
71 53 1 507
40 94 0 9349
57 24 0 1084
92 75 1 345
74 28 1 7022
96 61 0 5033
29 96 1 8310
15 42 1 8960
25 29 0 1842
7 69 1 746
72 47 0 6447
13 19 0 9600
39 81 0 4825
18 24 0 6609
100 45 1 3364
54 68 1 5236
79 82 1 5865
25 63 0 7944
50 40 0 2032
3 34 0 3075
84 27 1 231
95 50 0 6269
91 5 0 9716
22 55 1 3426
27 91 1 3401
1 10 0 3763
33 76 1 6835
1 89 1 5815
96 98 0 4815
35 65 1 5987
61 15 0 1649
63 66 0 5718
20 23 0 8176
25 36 1 4950
63 46 1 4482
56 18 1 8845
99 65 1 9204
32 1 1 8320
81 79 0 7446
92 62 0 5063
52 22 0 2588
66 33 1 5619
74 68 0 4150
53 81 1 7967
31 26 0 487
91 47 0 4514
73 13 1 6138
72 39 0 631
94 92 0 619
4 100 1 3622
38 68 0 5440
52 37 0 1392
45 97 1 4066
90 53 0 2907
61 60 1 7996
87 53 1 7035
85 34 1 6512
73 46 1 6956
12 10 0 4170
90 22 1 3199
88 43 0 6665
72 61 0 1086
76 64 1 1102
91 79 1 8357
94 10 0 9134
89 4 0 8588
48 51 0 6131
72 60 0 6438
40 5 0 823
53 39 0 2475
31 96 0 6250
88 47 1 4304
29 20 0 3288
1 28 1 7347
47 22 1 1411
19 84 1 406
58 4 0 6251
7 37 1 630
61 91 0 6465
14 17 1 4632
56 42 1 1139
41 68 0 5321
18 56 0 6913
55 26 1 374
7 64 1 5016
98 7 1 825
84 1 0 5247
70 26 0 4681
78 38 1 5516
92 76 0 6394
15 39 0 5267
85 32 1 1065
15 84 1 4267
16 33 0 8230
61 1 0 6223
61 16 0 8949
54 9 1 9626
25 23 0 9785
67 58 0 4875
33 13 0 5932
57 76 0 9346
68 56 0 8665
9 44 1 3215
60 27 1 3935
31 82 0 2793
21 100 0 1658
96 77 0 8841
36 45 1 5624
10 81 0 4687
76 32 0 2523
19 71 1 312
43 81 0 8207
79 99 1 7094
45 24 1 4275
20 33 0 1275
47 67 1 9318
67 56 1 104
75 99 0 208
82 35 0 9218
78 93 1 7260
64 93 1 5501
68 72 0 5641
68 7 0 4295
54 34 0 618
52 58 1 7031
17 13 1 5924
68 45 1 2642
10 90 0 5757
17 18 1 6354
6 58 1 1671
93 33 1 8919
90 82 0 5679
55 24 1 5541
30 28 1 5040
88 32 0 9776
45 47 0 6801
83 8 0 8554
24 50 0 1325
4 16 0 3699
69 21 0 4505
75 16 1 3257
45 44 0 7579
19 73 0 5380
58 97 0 7211
36 25 1 643
57 48 0 9883
54 87 1 8572
75 44 1 7897
70 82 1 9948
18 85 1 1139
26 82 1 5315
15 37 0 2147
25 84 0 3384
65 15 0 3930
59 26 1 6509
96 57 0 5716
77 86 0 7440
42 78 1 7183
57 15 1 5903
84 2 1 5184
69 78 1 7332
60 30 0 7500
56 10 0 2640
54 61 1 6235
73 86 1 382
65 75 0 7153
92 90 0 2352
16 7 1 4404
74 52 0 1464
87 88 0 1381
4 41 1 4522
93 86 0 7902
32 17 0 898
92 20 1 7032
2 85 1 4425
90 69 0 4568
21 66 0 3381
56 85 0 5131
64 58 1 9220
41 28 0 5473
28 85 0 7242
43 46 0 300
16 21 1 8360
57 51 0 2010
67 46 0 3145
3 57 1 975
47 87 0 8679
27 81 1 1889
81 28 1 7894
33 71 0 8195
88 87 0 8969
33 16 1 3269
12 74 0 580
43 53 1 6769
62 45 1 7333
60 51 1 2130
60 25 1 8034
13 15 0 836
24 82 1 9919
8 43 0 6232
85 7 0 5150
41 55 0 35
91 76 1 7971
99 50 1 8194
38 43 1 889
31 94 0 2897
52 43 0 6829
72 52 0 22
45 23 0 5124
98 4 1 3831
92 68 1 8256
66 43 0 5603
64 77 1 9826
31 1 0 3348
8 90 1 1092
49 26 1 7558
55 67 0 2069
72 31 0 3715
80 89 0 5787
84 98 0 2140
48 85 1 8750
5 73 0 4544
12 73 0 6929
73 90 1 3526
6 11 1 6147
100 93 0 3992
70 52 1 3587
97 16 1 3666
43 48 1 8232
59 96 0 931
45 26 1 4197
21 42 0 3077
82 88 0 8653
59 21 0 5666
11 79 0 9853
67 50 1 2426
47 21 0 619
78 26 1 5004
77 55 1 8683
69 47 0 4587
24 83 0 5569
18 28 0 1723
76 36 1 7660
94 12 1 8175
33 82 0 7944
96 27 0 9367
65 49 0 3060
51 19 0 2836
13 23 0 6887
55 31 1 3336
15 5 0 7862
37 40 1 2215
48 54 0 8517
39 25 0 4549
50 79 1 2252
63 14 0 5300
10 73 0 4854
1 58 0 8512
78 100 1 2301
31 27 1 3203
76 48 1 9162
88 82 1 3110
20 7 0 2661
23 15 0 4128
1 46 0 2870
24 44 1 7108
76 26 1 2653
80 78 1 6350
70 71 0 4155
31 9 1 5210
95 72 1 9570
2 92 0 2508
71 66 0 5819
60 57 1 5589
37 43 1 6486
84 66 0 646
4 49 0 3961
23 35 0 4087
49 98 1 4241
9 58 0 4804
62 37 1 5851
43 56 1 6670
56 93 1 8894
58 57 0 1210
50 90 1 532
75 36 1 3224
44 49 0 1524
23 55 0 2959
13 20 1 1888
100 66 1 1033
76 99 0 4555
96 62 0 4263
10 16 1 7822
63 30 1 5465
50 9 1 8638
33 56 0 6460
88 54 1 2523
97 46 1 132
16 57 0 1256
60 49 0 8158
25 8 1 9479
95 6 0 6845
98 10 1 5280
81 67 0 6022
18 4 0 7356
15 69 1 8617
75 80 0 2313
94 76 0 4892
85 68 1 7911
29 65 1 3695
54 39 0 2521
24 7 0 4461
89 5 0 7915
37 35 1 6750
50 48 1 4900
59 88 0 5472
98 80 0 844
1 35 0 8716
52 41 0 8395
34 51 1 8596
93 83 1 1884
17 7 0 7987
86 95 1 9269
21 78 1 5883
87 35 0 498
81 44 0 2264
89 17 0 470
16 71 0 938
10 19 1 9687
99 97 0 9213
18 64 1 4342
95 46 1 6312
47 11 1 6678
81 70 1 718
45 78 0 1272
66 27 1 7722
97 60 0 8432
79 31 0 1132
97 2 0 6481
11 20 1 5711
35 52 0 4039
34 84 1 8331
48 10 1 5737
11 44 0 3851
63 98 1 1390
16 100 1 27
42 8 0 6315
94 56 0 6218
84 43 1 8327
61 43 1 2946
64 84 1 7774
24 49 1 3315
35 54 0 9124
7 33 1 3080
88 15 1 1782
26 49 0 9861
89 46 0 2359
84 49 1 1982
47 100 0 9302
49 18 1 7048
70 91 0 9491
27 92 0 8551
68 64 0 7977
51 72 1 7659
26 27 0 2704
65 95 0 2699
53 70 0 2600
13 65 1 7608
5 21 1 4207
92 51 1 9121
50 97 1 1824
70 83 1 9406
61 5 0 8748
22 91 0 8325
49 13 1 911
81 76 0 7052
3 37 1 9026
47 74 1 1751
90 64 0 3550
100 9 1 3436
93 74 0 5682
67 94 0 5574
1 32 1 7594
98 67 1 1546
85 14 1 4649
21 55 1 4505
83 95 1 6795
56 5 1 2916
59 100 0 5193
80 33 1 2141
44 2 0 7794
63 34 0 9244
80 28 1 726
50 27 0 4346
91 89 0 6514
23 87 0 4307
88 13 1 5874
74 91 0 7124
9 34 1 8088
91 68 1 2248
40 84 0 961
24 2 1 7165
68 92 1 8028
47 56 1 9884
24 32 1 2156
4 61 1 2015
100 54 1 8929
26 70 1 5552
100 99 0 4780
88 64 0 1578
20 12 0 1197
80 91 1 7631
77 22 0 8193
89 50 1 2172
58 12 1 8647
79 90 0 9539
96 80 0 9986
1 68 0 8870
51 45 0 4503
97 40 1 163
95 51 0 2327
62 88 0 3959
83 34 0 2348
96 34 1 412
95 99 0 166
68 20 1 7886
79 42 1 2193
67 42 0 965
3 69 0 764
23 66 1 6239
6 46 0 9396
6 99 1 6469
16 29 1 585
10 74 0 149
40 53 0 953
14 48 0 1750
82 44 0 2949
19 76 0 4128
16 8 1 1651
100 32 1 2622
2 56 0 3456
13 55 1 1029
4 91 0 4855
55 74 0 8605
74 65 1 3029
32 54 1 1260
9 68 0 4189
5 77 0 553
78 57 0 5994
55 62 1 9452
38 75 0 9861
46 6 0 4816
11 38 1 784
36 3 1 3576
62 48 0 5542
58 78 0 1561
57 46 0 8385
86 45 1 3601
64 44 0 7174
19 47 1 1
90 94 0 8939
85 11 0 2730
84 62 1 7253
31 91 1 5130
6 69 0 6882
14 33 0 5869
47 72 1 9459
37 20 1 2746
4 70 1 5826
72 21 0 400
20 90 0 8245
98 53 0 1161
70 61 0 8642
32 73 0 9123
30 24 1 8009
35 58 1 638
23 74 0 7159
90 98 1 2694
79 70 0 2983
54 49 1 2676
28 26 0 2602
20 9 1 8760
71 87 1 8524
2 90 1 3213
28 50 0 1845
39 1 0 3304
81 11 1 2931
28 92 0 5873
48 74 1 5229
27 62 1 1125
44 25 0 3344
58 27 0 364
64 5 1 3650
67 9 1 5706
91 52 1 9415
42 47 0 6121
30 44 0 2517
85 89 0 4915
21 59 0 8527
32 46 1 9618
92 73 0 7761
28 23 0 6042
45 13 1 6972
100 16 1 9926
36 20 0 4348
72 22 0 7006
86 1 0 5981
95 70 1 9271
58 65 0 4566
11 34 0 4088
71 46 1 9137
90 17 0 1062
9 83 1 2882
66 47 1 3866
71 88 1 1586
56 86 1 4322
41 6 0 5310
97 6 0 3388
41 1 0 6040
10 84 0 5400
5 61 1 4418
14 36 1 2964
90 45 0 6579
51 54 1 3984
99 47 1 2437
86 50 1 7389
48 78 1 9867
37 76 0 3815
83 36 1 3469
96 66 1 1388
4 85 1 1369
12 13 1 4310
39 80 1 604
53 1 1 6398
73 37 1 3604
43 73 0 2301
73 30 0 4634
45 7 0 8854
59 32 1 9433
99 76 0 7062
82 74 1 2461
66 71 0 9472
47 75 0 8037
27 24 1 7069
45 42 0 9923
88 60 0 147
42 68 0 3145
80 37 1 1325
2 68 0 6864
34 32 0 2614
82 48 0 8834
13 4 1 2375
8 78 1 2441
41 9 0 7273
45 38 0 6558
55 3 0 5908
40 45 1 9139
27 25 0 499
100 80 0 9930
54 90 1 3540
6 61 0 2729
52 19 1 4431
14 54 0 1535
35 59 1 5338
2 10 1 7191
62 21 0 7344
36 94 1 1112
61 22 1 7340
80 72 1 1069
24 87 1 5642
59 83 1 3074
62 61 1 488
98 72 0 8186
24 76 0 8453
78 58 0 9969
14 5 0 5735
70 15 0 967
39 100 0 3513
33 62 0 3511
85 1 0 9208
79 27 0 6780
67 23 1 8045
100 26 1 4488
28 41 0 8432
39 98 0 5080
55 73 0 7775
44 72 0 1886
79 26 1 205
12 5 0 8297
75 12 0 1590
94 90 1 3865
43 72 0 7157
58 11 1 2317
28 70 0 3083
50 67 1 8870
91 48 0 3664
8 46 1 7893
15 45 0 996
19 25 1 6236
57 75 0 5289
11 45 0 7737
4 22 1 6520
47 3 0 6046
15 49 1 4174
58 7 1 3184
15 51 0 452
88 23 1 6827
76 2 0 4873
58 35 1 1474
73 53 0 8124
77 16 1 357
96 15 0 3192
20 31 1 2271
56 46 0 4156
7 39 0 8134
54 40 1 7439
62 78 0 7488
30 51 0 3669
17 9 0 869
77 5 1 8459
65 21 0 2725
78 75 0 4629
34 54 1 1050
90 49 1 101
30 89 1 520
40 14 0 9634
61 2 1 7770
44 1 0 1423
46 49 0 8136
23 63 0 7655
66 31 1 5329
19 39 1 5645
13 17 0 8943
3 68 1 7816
66 8 1 9291
44 24 0 3541
74 54 0 402
100 21 0 4749
46 28 1 7818
26 75 0 2401
41 30 1 8701
10 11 0 9775
30 23 1 533
27 42 1 7183
26 73 0 5141
47 57 0 6208
69 65 1 2002
6 19 1 6761
95 22 1 7403
44 34 1 8851
34 48 1 8091
43 25 0 8051
66 65 0 2983
83 39 0 7657
89 23 1 4853
56 47 1 4299
34 5 0 7477
52 11 0 5109
75 42 0 7852
42 65 0 2103
28 13 1 7522
49 91 0 5755
11 51 0 3003
57 89 1 7070
73 99 0 4383
50 63 1 3736
41 79 1 4891
21 3 0 6758
69 37 0 2890
97 85 1 1161
100 94 1 7995
43 62 0 2778
7 86 1 8108
84 40 0 6438
10 78 1 3700
70 65 1 3833
4 90 1 3026
42 5 1 4946
51 74 0 9683
69 43 1 1556
63 67 0 2760
11 80 0 7267
41 72 1 6814
52 60 0 1805
38 8 0 1470
78 8 1 5499
26 39 1 580
12 97 1 3312
58 22 0 1216
70 3 0 1485
81 75 0 5231
39 13 1 2317
24 71 1 9067
38 84 0 3981
79 38 1 4460
65 8 1 6168
56 87 1 2235
61 48 1 5911
23 8 0 7791
96 17 1 3268
51 63 0 613
51 97 0 2262
87 57 0 8135
45 64 1 9212
75 28 1 7116
35 68 1 8721
36 90 1 3133
37 95 0 921
44 30 0 4519
55 6 1 7050
12 32 0 110
13 60 0 707
36 69 0 174
97 1 0 8871
47 84 0 5179
9 46 1 9054
17 64 1 6261
88 75 0 966
65 91 0 4129
99 38 0 858
17 19 1 4792
1 51 1 8682
81 8 1 54
65 55 1 3450
99 78 1 5239
33 54 1 7180
15 43 1 8482
46 15 0 2891
3 7 1 6592
45 81 0 8645
49 71 0 2939
96 1 0 1311
54 46 0 4376
32 30 1 2291
20 61 1 2474
15 8 1 7992
60 41 1 608
91 18 1 7254
42 89 1 7598
96 37 0 2232
14 26 1 5206
23 73 1 8
14 90 0 1978
98 64 1 1904
75 92 1 6638
83 32 0 5070
75 66 0 3976
92 13 0 8169
32 45 0 2370
63 20 1 7319
58 82 1 9831
19 23 0 1912
21 11 1 8896
40 36 0 605
31 93 1 8273
4 72 1 3522
52 84 0 3802
2 42 0 4525
14 63 0 6050
21 9 0 1027
86 81 0 9645
70 51 1 5700
39 17 1 4862
9 45 1 3279
25 87 0 5466
80 9 0 257
99 13 0 5058
35 77 0 4086
10 94 1 3645
74 60 1 6118
15 28 1 3892
34 45 1 3888
12 66 1 5618
67 69 1 9119
41 24 0 1032
20 88 0 7593
16 51 0 5839
31 19 1 5948
49 84 0 7853
67 90 1 4613
52 18 0 685
40 17 1 4183
78 82 1 2928
48 15 1 8099
4 23 0 1990
8 35 0 2530
75 57 0 1894
90 6 0 1842
97 5 1 6361
64 70 0 1408
70 38 0 4878
58 56 1 2746
21 41 1 8699
86 41 0 9083
85 87 0 2290
68 32 0 4421
34 2 0 7575
36 27 1 2837
7 1 1 4191
29 64 0 852
100 24 0 1598
33 3 1 7375
93 17 0 3544
28 47 0 3734
96 79 0 673
94 35 0 3653
100 98 0 9666
22 5 0 8494
92 7 0 2546
16 85 1 6844
85 62 1 2006
63 70 1 1071
47 76 1 4399
82 56 1 1903
19 5 1 4801
58 30 1 7595
12 34 1 4938
46 84 0 7992
32 95 0 9432
46 9 0 2794
67 55 1 4509
31 21 0 8835
96 22 0 1212
22 28 0 2845
71 12 0 1949
55 69 1 5855
48 56 0 3724
93 2 0 8171
33 18 1 4366
65 54 1 6979
38 31 0 9413
11 64 0 9867
64 40 1 7255
1 99 0 8864
68 61 0 4574
34 63 1 8634
21 19 1 372
13 39 0 6653
69 36 0 6671
17 34 1 3834
48 98 0 2175
73 22 0 3214
94 91 1 5999
7 53 1 5968
28 2 1 2217
79 3 0 4509
56 81 1 2089
99 66 1 7208
27 14 0 5863
24 42 0 8565
94 58 1 2602
52 40 0 6613
23 62 1 8904
66 52 0 8203
56 13 0 7206
13 18 1 3862
20 26 0 5268
25 17 0 840
70 54 0 4441
3 92 1 7810
48 34 0 2254
96 89 1 7225
74 99 0 9272
91 45 0 1583
83 31 0 8319
24 10 1 8724
88 63 0 1475
81 59 1 7914
10 7 1 1721
27 82 0 5082
45 86 1 8645
57 74 1 5637
20 43 1 3178
74 100 0 7835
7 93 0 6316
86 58 1 5311
40 69 0 1698
8 33 1 2539
16 12 1 5966
74 79 0 8289
48 26 0 4719
89 70 0 8779
30 36 0 3519
2 16 1 818
87 33 1 1445
30 34 0 1700
26 60 0 7756
66 37 1 2874
52 43 1 4717
74 89 0 1572
11 46 1 7541
23 61 1 542
55 70 0 9774
80 19 0 4980
66 9 1 6796
57 52 1 6280
17 1 0 4068
16 23 1 6219
38 4 0 1636
70 32 0 1265
59 6 1 203
54 19 1 5803
35 67 0 3279
16 75 1 9797
44 41 1 4621
71 65 0 2857
12 81 1 3623
52 20 1 6886
77 17 1 8379
99 10 1 4954
56 11 0 8324
94 85 1 8320
41 15 1 7395
68 84 0 2442
35 70 0 5174
88 35 0 6353
80 20 1 6323
97 94 1 4240
19 89 1 2734
11 60 1 9346
51 18 0 2963
92 84 0 4998
32 66 1 7419
7 21 0 7011
51 36 1 4815
13 44 0 423
84 42 0 2226
72 19 0 8521
22 52 1 1233
33 88 1 7802
65 61 0 935
9 64 1 4911
92 88 0 1102
98 92 0 913
69 3 1 3098
95 91 0 8073
48 53 0 1819
98 20 1 2169
88 31 1 2956
91 32 0 1683
65 25 1 3521
80 14 0 7691
56 97 0 8581
80 17 0 5675
19 92 1 135
65 100 0 8962
41 43 1 5081
86 80 1 3379
56 57 1 669
3 20 1 7601
78 45 1 2039
66 34 1 6083
18 16 1 5257
89 32 1 2406
85 77 0 10000
24 58 0 2994
76 94 1 6272
15 12 0 3662
79 97 0 6603
91 40 0 1599
11 7 1 7139
53 25 1 3024
12 37 1 8446
8 31 0 8247
75 90 0 7974
77 13 1 5381
11 56 0 7706
18 99 1 7820
6 30 1 4037
46 78 0 9828
7 41 0 5011
6 38 0 3980
76 33 0 6787
77 53 1 1524
5 100 0 1232
96 16 1 9953
29 95 0 7819
37 32 1 45
70 47 1 5066
67 30 1 5368
5 82 0 6934
21 97 1 2221
4 66 1 7051
94 19 1 155
6 90 1 4238
64 6 1 6645
99 40 0 4029
78 40 0 2488
54 77 1 8911
9 73 1 3500
73 97 1 2213
95 48 1 6883
35 63 0 2605
22 49 1 8660
58 70 1 3057
87 64 1 2043
50 57 1 9263
89 19 0 3742
75 91 0 2657
81 5 1 5279
72 23 1 6111
41 97 0 4529
99 14 0 7761
59 80 1 2300
54 65 1 4100
49 63 0 9187
7 23 0 3576
14 59 0 2054
14 4 1 3289
28 5 0 7493
85 72 1 2924
54 45 0 3647
1 47 0 2668
6 68 0 1430
63 77 0 574
59 25 0 2237
29 57 1 6903
18 93 1 2736
98 70 1 5297
76 6 1 4223
97 92 1 4761
56 36 0 4061
59 7 1 1608
71 75 1 2688
10 14 0 8213
42 1 0 6611
33 74 1 5663
85 41 1 5094
94 93 1 6396
41 70 0 1356
60 92 0 2309
33 60 0 6307
3 74 0 7091
3 35 1 7194
55 95 0 2884
68 98 1 2256
34 91 0 8574
92 66 1 6519
46 70 0 126
85 17 0 7380
47 62 1 6676
25 39 1 6021
61 38 1 6251
84 32 1 632
52 94 0 1270
87 2 0 1744
74 73 1 2957
8 99 1 9320
89 63 0 3502
53 47 0 1664
8 6 1 1751
100 81 0 3131
68 90 1 1116
25 10 0 1859
46 79 1 9905
51 17 1 2983
8 96 1 8085
90 70 1 5991
81 51 0 84
57 82 0 3
10 36 0 3789
40 97 1 2535
59 55 1 5121
45 71 1 1672
70 99 0 75
40 25 0 285
24 56 1 5950
26 61 1 4868
34 24 0 1779
79 14 1 6945
54 11 0 4352
33 72 0 2628
51 99 0 2224
7 82 0 9260
17 73 1 2381
6 79 0 5892
66 67 0 8373
57 27 0 3076
55 40 0 6275
25 89 0 6603
6 81 0 5104
5 38 1 2589
52 85 0 7004
72 91 0 1103
9 43 1 6706
27 79 0 9029
78 1 1 1166
80 15 0 2670
29 3 0 9952
74 14 0 9285
67 31 1 2806
63 6 1 8102
45 31 1 3724
52 86 0 8931
56 68 1 4389
82 2 1 5385
38 81 0 1696
74 97 0 8534
81 34 0 2187
81 98 0 6270
46 71 1 1766
50 92 0 2940
41 8 0 884
86 79 1 2423
86 43 0 2259
88 55 1 8002
61 41 1 3969
31 87 0 9238
45 100 0 9069
45 15 0 8463
93 82 1 3541
90 71 0 9225
77 31 0 130
51 23 1 5161
1 48 1 9690
54 44 1 9030
35 88 1 6015
8 4 0 868
12 55 0 2229
29 39 1 2285
44 98 0 4055
2 19 1 7941
100 76 0 4365
23 1 0 876
1 86 0 6613
50 56 0 6501
63 36 0 9719
76 65 1 416
72 49 0 1676
30 52 0 1090
69 90 0 4035
32 58 1 3477
19 9 1 2409
2 31 1 9089
29 40 0 9883
15 62 0 2026
93 45 0 936
6 9 1 1816
62 67 1 6261
52 64 0 4641
83 79 1 2840
57 10 0 4066
35 96 1 2211
13 48 0 2521
76 1 0 1027
3 87 0 3282
72 90 0 1778
37 65 1 4870
45 34 0 2640
93 7 1 1278
74 30 1 145
8 92 0 1940
66 20 1 2989
10 43 1 4804
75 17 1 5714
73 26 1 6868
60 32 0 2338
68 51 0 2978
48 31 0 6985
19 53 1 5514
86 7 0 6518
2 3 0 7846
99 63 0 3877
97 65 0 8519
91 54 0 3345
33 52 0 4932
95 24 0 7049
12 96 1 999
17 65 1 3569
65 29 1 5467
18 15 0 7471
68 79 0 9745
79 34 0 7839
22 81 0 7517
82 31 0 2516
65 58 0 362
23 45 0 3976
96 78 0 5010
95 89 1 5281
28 38 1 2000
37 8 1 5625
84 70 0 2229
8 11 0 6618
39 36 0 3869
89 85 1 2614
60 75 0 5212
80 21 0 1764
33 35 0 8102
66 24 0 3809
49 28 0 2374
95 73 1 6083
38 5 1 76
14 74 1 5325
58 91 0 6493
63 9 1 9828
82 46 0 5947
69 87 0 1901
5 71 1 9770
26 52 1 9471
54 8 0 4928
70 78 1 2713
60 61 1 2186
13 30 0 2919
13 86 0 9154
39 50 0 5596
8 41 1 2199
31 80 1 2095
68 76 1 7507
54 63 0 1393
12 94 0 9158
41 11 1 7253
33 64 1 1069
34 6 0 3978
16 53 1 7327
20 82 0 2547
77 8 0 5446
64 29 0 3876
4 39 0 3024
93 47 1 5228
37 10 0 2072
63 78 0 9955
83 44 0 6770
37 38 1 8367
71 40 1 8808
82 92 1 5373
65 63 1 9845
82 47 0 916
5 25 0 5852
52 96 1 4349
45 87 1 6634
3 73 0 3964
25 66 1 1974
61 6 1 3850
4 87 0 8149
68 18 1 3016
75 64 0 4041
74 61 0 3900
99 22 0 1272
63 16 0 5204
80 73 1 5290
22 60 0 9050
5 87 1 2228
85 19 0 7789
50 76 0 82
8 69 0 5669
19 74 1 8339
56 39 0 2412
64 1 0 8387
18 33 0 2099
23 91 0 5872
82 7 1 8792
79 56 0 3630
96 12 1 5389
54 70 0 3918
58 72 0 3178
2 67 0 2104
5 20 1 5163
43 10 0 1112
4 71 0 7024
96 63 1 4763
46 76 0 2198
42 99 1 3456
25 24 0 856
26 74 0 5410
61 55 0 6331
93 13 0 3121
8 9 0 7945
37 49 0 5435
57 6 1 2195
15 6 0 9326
82 83 0 6681
60 76 1 3345
47 8 0 7571
2 52 0 7936
28 69 0 7296
66 73 1 1828
24 68 0 2215
2 15 1 6947
26 25 0 8082
19 77 1 8398
24 36 1 820
11 100 0 8189
61 7 1 2478
30 91 0 207
48 38 1 3329
71 15 1 9232
79 43 1 6294
38 3 0 9549
74 64 0 1136
21 6 1 7295
70 73 1 8033
33 38 1 6753
2 8 1 7687
90 86 1 9458
56 24 1 1054
11 39 0 8126
43 55 1 6445
68 48 1 5375
66 91 1 8479
71 25 1 5600
27 58 0 7259
73 100 0 2464
42 82 0 6207
69 74 1 7594
29 97 1 6347
4 19 0 1853
96 9 0 365
42 91 0 7778
24 93 1 3357
21 87 1 3407
49 60 0 2101
86 47 0 3666
94 99 1 2935
37 70 0 6077
15 11 1 9020
13 68 1 9984
47 69 0 8693
78 23 0 2144
12 58 1 7690
98 28 0 1047
54 53 1 291
22 86 1 6907
40 98 1 6825
2 51 1 7992
38 16 1 356
21 25 0 8715
16 37 1 3644
81 32 0 7504
60 9 0 215
74 93 1 6809
71 2 1 9369
19 56 1 6193
33 10 0 1663
27 85 0 6765
62 17 0 2425
45 83 0 8609
99 4 1 3544
13 77 1 5001
37 36 1 7180
75 22 1 6861
81 38 1 4298
3 100 1 3246
66 94 0 3382
57 7 0 2306
79 59 1 2439
13 84 0 2999
45 49 1 3563
38 41 1 7401
80 13 1 9994
93 58 1 1419
100 58 0 5043
78 69 1 4809
17 81 0 6901
36 53 1 5822
100 43 0 9028
71 10 0 502
15 81 1 7768
63 52 1 8018
94 47 0 901
70 63 1 8826
32 71 1 9925
85 15 0 9137
90 67 0 1751
1 93 1 3231
49 58 1 5770
34 43 1 236
88 45 0 205
41 32 1 9197
52 100 0 1268
2 80 1 9435
15 92 1 283
66 89 0 2494
31 63 1 1005
95 26 0 9794
56 69 0 1145
8 40 1 4875
50 37 1 4069
86 62 0 9242
82 12 0 1740
27 76 1 4573
50 96 0 3057
66 23 0 7778
47 38 0 7690
71 91 1 6742
75 56 1 3080
71 39 0 7278
5 72 1 1415
55 41 1 8908
6 20 1 5031
66 92 1 7672
72 36 1 5435
19 40 1 1353
77 19 0 3901
63 44 0 1154
96 43 0 4651
57 9 0 726
40 51 0 7839
14 84 0 7375
14 42 1 7353
89 84 0 4760
12 76 1 284
18 52 1 4369
18 14 0 7728
25 5 1 1691
48 97 0 2758
90 47 1 7279
57 80 0 6437
38 79 1 9720
36 70 1 222
98 56 1 8728
28 37 0 7089
16 50 1 6443
100 89 0 896
37 98 1 9214
43 82 1 5202
36 54 0 4675
18 92 0 2
75 54 1 5323
68 41 1 8216
59 71 1 5910
2 35 1 1036
13 93 1 3296
62 35 1 8008
59 3 0 6452
96 95 1 2240
83 63 1 4135
38 30 0 6617
68 96 0 6806
21 26 0 5004
72 76 1 1404
81 57 0 7808
28 40 0 2370
93 30 1 7356
37 7 1 568
17 60 1 4102
13 38 1 1131
37 99 0 47
71 1 0 9685
16 63 1 7758
14 100 0 233
76 81 1 9143
98 54 1 276
72 89 1 3712
85 28 1 5376
80 43 1 2009
34 64 0 3315
66 16 0 4757
92 24 0 6428
9 17 1 1083
31 61 1 4297
45 77 1 5826
2 24 1 9548
90 1 1 7845
36 83 1 9457
63 59 1 3766
92 86 1 8098
7 70 1 6055
39 96 1 3496
28 73 0 1367
78 36 0 4157
3 40 0 3321
80 59 0 7975
15 83 0 5561
82 64 1 1054
52 95 0 810
77 69 0 6966
100 42 1 5136
28 95 1 1704
65 83 0 1404
95 55 0 6394
2 49 0 6323
46 22 1 7048
83 62 0 8438
23 32 1 2747
4 64 0 4609
63 41 1 2676
98 33 1 830
55 94 1 1764
75 40 1 755
6 4 1 3685
14 2 0 5082
43 80 0 423
35 15 1 6699
97 74 0 744
13 31 1 7925
25 50 1 1729
98 62 0 328
44 83 0 9837
56 82 0 1701
38 6 0 1086
92 99 1 4221
99 18 0 2190
10 52 1 6906
54 59 1 3602
23 38 1 4892
9 16 1 2402
36 19 1 2503
91 84 0 9794
97 70 0 3297
77 83 0 4504
48 49 0 8826
80 25 0 1904
71 29 0 4751
9 85 1 9182
74 3 1 7680
40 68 0 5320
27 18 1 9253
62 73 1 5570
74 72 0 1866
26 79 0 1574
65 70 0 3552
19 24 0 4202
51 83 1 612
27 10 1 8907
98 47 1 4336
11 58 0 6406
14 19 1 775
58 96 0 8832
25 43 1 6858
30 33 1 8394
45 11 1 6052
90 15 0 4153
87 71 1 1635
5 85 0 3399
36 6 1 8154
49 95 0 3390
45 22 0 3586
21 10 0 274
85 96 1 6217
3 39 0 1950
91 24 0 536
76 56 0 9125
33 22 0 9337
77 48 0 4134
87 26 0 906
83 48 1 7995
56 94 0 4871
90 46 1 5472
75 48 1 2479
45 74 1 4209
82 77 0 1651
26 21 0 8624
58 100 0 680
40 70 1 3160
79 12 0 2446
16 48 0 5247
22 64 0 3040
96 28 1 2979
78 2 1 6757
59 57 1 8867
73 91 0 1049
37 56 0 9862
88 3 1 5069
24 4 0 3578
57 70 0 5338
57 36 1 176
14 50 1 4736
78 63 1 6642
92 49 0 5386
30 40 0 7249
83 53 1 9195
30 90 0 1548
30 69 0 4726
63 17 0 3032
53 35 0 1234
67 100 0 8535
71 72 1 8763
36 2 1 7309
4 51 1 9713
87 94 0 7128
23 72 0 9333
10 2 1 2463
64 88 1 5046
73 94 0 7939
32 36 0 8680
25 2 0 380
90 8 0 8178
72 26 0 2530
67 95 1 9789
55 83 1 501
44 91 0 3373
2 9 0 2763
91 8 0 9794
83 40 1 2032
61 64 0 4482
30 59 0 2020
77 71 1 4383
78 13 0 779
88 36 0 1335
51 8 0 5498
58 48 0 7559
48 67 0 1184
13 43 1 710
35 7 0 2904
85 58 0 5144
36 64 0 8863
3 55 1 5400
13 10 0 7321
23 56 0 6472
41 21 1 7193
34 60 0 1657
91 80 0 677
92 9 1 3956
47 28 0 9033
43 14 0 7781
18 77 0 4851
1 22 1 6838
22 78 0 7706
76 7 0 7519
41 36 0 146
37 50 0 1282
19 91 0 4917
87 8 1 3916
96 14 1 654
52 74 0 3381
25 90 0 6497
73 28 0 6859
1 100 0 5743
11 54 1 7258
76 67 0 2127
69 62 1 8136
88 29 0 5411
96 25 1 6911
23 39 1 3281
26 63 1 7101
63 99 0 168
97 78 1 540
55 42 0 1649
77 41 1 9635
23 29 1 5028
61 50 0 8710
89 57 0 5868
80 99 0 9718
62 11 1 8096
58 79 1 4408
57 5 1 8138
58 21 0 1235
45 10 0 7376
65 33 0 889
77 67 0 5375
67 5 0 2324
33 77 1 6454
91 92 0 8136
54 35 0 2768
44 16 1 4548
63 72 1 6503
6 25 1 5346
36 67 1 4118
71 84 0 1581
80 10 1 7420
11 74 1 8920
53 37 1 2060
24 61 0 3402
89 43 0 6227
15 71 0 3070
65 60 1 2079
10 79 0 4194
2 39 0 690
80 16 0 9907
28 89 0 2965
91 42 0 2533
35 44 0 944
47 97 0 4816
30 35 1 3403
41 3 0 1931
90 68 1 2807
11 66 1 7933
29 59 0 4868
57 69 0 4487
3 89 1 2910
55 53 1 8771
83 43 0 1902
52 44 1 3450
48 83 0 2567
36 92 1 3542
5 4 1 7279
77 91 1 8862
5 55 0 6527
99 85 1 322
22 17 1 5755
70 81 1 4477
54 50 0 7311
48 27 1 3027
90 55 0 6140
1 81 0 9371
14 52 0 8124
43 95 1 4701
63 50 1 8298
55 18 1 1100
25 33 0 8214
80 12 0 2316
1 62 0 3647
21 24 0 9160
37 22 1 752
17 6 0 2973
27 99 0 4755
85 67 1 5480
49 38 0 6800
9 7 0 8133
14 20 0 229
3 29 0 6101
58 83 1 6327
1 80 0 1296
70 5 0 8251
98 5 1 8098
75 43 0 8214
17 16 0 836
95 81 0 6652
9 40 0 8021
7 84 1 3753
28 36 1 1352
