100 3938
16 22 1 5916
12 2 1 5565
51 90 1 9512
20 80 1 8332
61 45 0 2144
59 21 0 471
31 20 1 5817
6 36 0 9107
30 72 1 4873
92 64 0 5764
7 37 0 5240
83 45 1 5864
75 98 0 6244
60 22 1 9331
23 31 0 2508
90 38 0 7082
44 8 0 6253
44 10 1 2580
58 9 0 3404
65 30 0 7074
32 37 1 8253
81 87 0 2190
2 65 1 9989
89 45 0 1048
16 92 0 5118
91 70 0 3482
79 93 0 534
13 57 1 363
5 17 1 4319
57 9 0 6366
59 67 1 391
21 4 0 311
67 65 1 9978
29 46 0 2854
49 91 1 3317
51 8 1 389
74 31 1 3764
30 100 1 6244
14 13 1 2395
63 64 0 6464
61 54 0 4612
99 54 1 5393
66 67 0 6037
78 92 1 8548
47 21 0 9541
5 20 0 2971
14 98 1 8240
29 75 1 5118
9 29 0 4346
71 22 1 2285
5 23 1 1978
58 82 1 6208
91 58 1 7375
35 97 1 1035
7 32 1 9427
70 58 0 7335
43 84 0 6091
16 93 0 8162
76 49 0 8970
18 76 1 1231
22 16 1 9127
50 28 1 3007
72 3 1 514
51 79 1 7498
16 38 1 3036
70 14 0 5681
46 73 0 956
62 36 1 9737
77 76 1 439
22 64 0 6712
76 68 0 5552
65 44 1 3591
50 67 0 1118
47 94 1 7792
18 81 0 6149
42 99 1 4520
33 5 1 5344
71 15 1 8010
59 52 1 6375
89 56 1 3082
41 97 1 8034
42 96 1 4528
34 58 1 3050
69 26 0 3313
52 28 1 9619
27 80 0 8344
83 13 1 6580
33 89 1 2539
39 8 0 6368
73 44 1 8630
28 88 1 8611
23 66 0 8833
72 51 0 2206
35 99 1 552
70 54 0 1171
51 96 0 5402
39 7 1 3970
81 54 1 3016
24 38 1 9494
65 67 0 7025
5 66 0 4595
51 37 0 4264
36 95 0 9059
96 50 0 2107
87 82 1 9767
92 72 0 1899
27 88 1 2376
48 45 0 2139
9 70 1 8510
41 50 1 3988
60 70 0 8265
2 31 1 7404
5 76 1 5604
67 34 0 7534
53 36 0 3777
95 52 1 2805
53 26 0 4692
48 97 0 3000
41 84 1 6631
70 18 1 8504
21 85 0 6513
26 85 0 3074
57 60 0 3538
11 15 1 5456
66 60 1 768
19 2 0 9655
100 58 1 578
10 16 0 81
27 8 1 7016
26 40 0 4182
87 13 0 9119
82 56 1 41
18 85 0 23
82 18 0 1526
13 20 1 822
20 62 1 1131
96 51 1 7508
69 81 0 7237
100 82 0 4882
50 33 1 2440
62 71 1 3143
92 80 0 192
36 73 1 8200
8 65 0 2693
27 50 1 8849
80 46 0 3852
30 97 0 568
55 59 1 9397
24 93 1 4483
96 69 0 8970
72 5 1 7259
24 27 0 3049
67 38 0 1892
1 43 0 6032
12 88 1 8023
15 9 0 2644
4 90 0 67
40 41 0 4666
57 35 1 4925
16 34 0 440
67 80 1 6064
1 63 1 1954
51 83 1 4880
60 61 0 7003
54 75 1 7838
16 45 1 5021
40 6 1 4600
93 4 0 9461
71 61 0 7002
99 14 0 232
29 57 0 5507
50 36 0 5888
23 15 1 5430
12 42 1 3146
9 11 0 7556
42 9 0 3187
62 39 1 792
64 60 1 7336
46 31 1 9358
12 80 0 6496
85 76 1 3163
1 3 0 6846
63 86 1 3420
42 70 1 8213
97 83 1 6147
63 59 1 8822
41 29 0 89
36 66 0 5730
51 63 1 750
34 26 1 5890
8 45 0 185
57 84 0 3411
96 67 1 4220
85 100 0 8090
17 43 1 7202
28 80 0 3537
75 50 0 2930
98 14 0 5671
88 57 1 7120
22 40 0 1654
83 29 1 5184
62 8 1 4140
15 98 0 7156
59 62 0 3749
73 93 1 7463
86 12 0 2357
17 47 0 8253
82 26 0 6951
3 53 0 6144
59 50 1 9374
10 64 0 137
22 28 0 9003
11 2 0 9591
100 93 1 9105
87 96 1 8927
69 17 0 2081
2 75 0 5613
87 57 1 9970
94 24 0 2244
93 64 1 2011
78 80 0 8242
23 77 0 2084
96 22 0 8687
95 72 1 3247
32 19 0 2579
30 87 0 6674
85 74 1 9173
25 100 1 6443
62 40 0 4618
96 16 1 8601
80 58 0 5680
2 6 1 6222
30 64 0 7044
87 16 1 3873
100 97 1 8539
86 34 1 9439
20 44 1 5509
84 6 0 7718
58 61 1 1368
73 92 1 5786
6 50 0 6347
32 34 1 3394
11 34 0 644
19 34 1 9635
91 100 0 8882
68 36 0 1375
54 89 1 8621
3 66 0 1292
92 70 1 8287
26 9 0 3213
15 8 1 6227
53 25 0 1423
39 29 1 1873
91 21 0 7731
71 82 1 3961
97 47 0 1947
48 47 0 3836
17 69 1 3657
77 70 0 2239
45 24 0 4469
18 75 0 4272
16 8 1 6505
41 67 1 1265
56 37 1 2948
94 76 1 6787
73 56 1 2190
53 83 0 3624
65 89 1 9731
26 2 0 8150
83 70 0 4755
5 74 1 9101
48 11 1 7151
61 96 0 6260
60 81 0 1588
78 52 1 5614
18 31 1 6715
16 11 1 7263
98 39 1 3762
31 3 1 8264
16 7 1 3363
10 54 1 2574
63 37 0 7459
23 55 1 4035
14 58 0 7780
60 40 0 6559
7 49 0 7750
51 10 0 8737
66 35 1 8878
3 76 0 7351
79 67 0 94
99 70 1 1069
83 46 0 2611
17 29 1 2220
4 20 0 5938
98 48 0 11
65 68 1 6281
34 27 1 4272
95 92 0 3730
41 21 1 8223
98 73 0 539
9 15 0 3838
83 88 1 4760
31 23 0 6577
2 24 0 3514
29 41 1 3926
87 100 1 5711
81 60 1 6074
11 40 1 2677
72 32 1 5499
75 93 0 9703
70 82 0 6922
41 16 1 7873
88 94 1 1251
80 5 0 5860
2 58 1 424
97 4 1 9799
87 58 1 1401
14 22 0 4746
73 19 1 4845
82 44 1 6744
9 69 0 497
59 2 0 1930
14 80 0 8613
58 64 0 2660
63 26 0 6920
5 90 0 5147
49 81 1 3384
82 2 0 3861
48 72 1 3214
38 95 1 9910
78 39 1 6296
48 18 0 6277
98 46 0 7299
48 9 0 8322
1 67 1 3649
91 75 0 6859
11 69 0 3187
54 97 1 5433
53 12 1 3300
88 87 0 3995
63 74 0 5513
42 24 0 5979
12 37 0 1338
92 75 1 8344
23 32 0 5606
64 93 0 9960
53 81 0 7014
14 86 0 4390
85 25 0 1546
6 61 1 6986
46 95 0 247
75 48 1 8832
20 19 0 6324
41 90 1 4485
66 6 0 3791
22 79 0 1125
98 18 0 9094
38 65 0 1629
67 100 1 7116
42 80 0 234
20 6 0 8766
2 81 1 9852
57 83 0 5524
97 58 0 2611
80 10 1 397
69 31 0 5887
68 39 1 4958
85 92 0 6195
1 51 1 192
43 53 1 4094
58 40 1 4331
99 16 1 6448
78 83 1 2278
95 75 0 8907
6 73 1 631
95 7 1 6016
26 74 1 6773
27 39 1 5701
78 2 1 8079
94 31 1 9624
98 57 1 1772
39 52 1 6037
24 82 0 7715
4 69 0 7044
6 64 1 878
100 88 1 8849
93 92 1 5301
86 42 1 2316
66 59 1 8207
66 42 0 9876
78 1 1 8190
37 73 0 5929
86 66 0 5585
1 37 0 47
48 60 0 7124
95 33 0 4816
9 31 1 2416
64 86 1 8276
32 3 0 5735
41 61 0 5363
73 83 0 443
73 81 1 2303
76 38 1 6013
44 14 1 3792
95 30 0 5199
88 99 1 6942
11 58 0 3401
70 73 0 7973
60 6 1 1985
99 11 0 5822
74 32 1 7614
79 66 0 4314
94 63 0 2599
90 39 1 4692
13 12 0 5516
75 63 1 1890
7 57 1 2380
4 64 0 6745
24 23 1 6156
13 16 0 3751
97 80 1 1690
41 57 0 5928
27 59 1 6405
43 54 1 3178
17 80 1 9827
44 5 1 7354
7 77 0 1126
81 42 0 6097
52 15 0 3983
20 68 1 343
28 4 1 4129
66 72 0 6569
87 10 1 2363
4 83 0 1941
8 10 0 8293
55 81 0 3214
20 58 1 1403
24 79 0 2869
35 10 0 571
56 86 1 8199
82 54 0 6888
52 62 0 9898
84 40 1 1438
68 91 1 3737
84 9 0 7732
6 12 1 6876
26 3 0 4108
68 65 0 1037
27 25 0 1970
19 43 0 8674
19 23 1 4794
76 85 0 953
91 23 1 5054
11 39 1 5044
80 36 1 1865
85 95 0 4577
49 88 0 522
45 82 1 7556
75 23 1 6548
62 50 1 2288
12 50 0 5705
83 12 0 930
58 28 0 7210
97 72 1 3449
79 81 0 4189
35 11 1 7507
36 18 0 7047
85 16 1 7394
64 20 0 8945
14 65 0 9300
65 8 1 8869
19 67 1 4509
89 68 0 6081
99 61 1 8397
91 19 1 9312
36 76 1 5669
51 67 1 2951
9 78 1 4719
12 92 1 5323
40 60 0 1971
49 1 1 6142
15 42 1 2585
49 8 0 707
32 17 0 7026
5 86 0 7423
86 48 1 9681
17 22 1 6277
64 63 0 1840
69 29 1 4464
54 68 1 3777
54 99 0 507
22 46 0 7864
77 86 0 1105
41 75 0 189
65 85 1 6022
24 97 1 9637
26 24 1 4246
25 8 0 2858
54 32 1 8686
11 87 1 9317
57 28 1 1277
58 88 0 6049
10 46 1 2096
4 61 0 8851
91 49 1 5311
84 2 0 1888
11 79 0 9399
93 55 0 5658
11 41 0 2861
27 83 0 9681
28 99 0 7933
46 64 0 7549
54 80 1 8332
61 35 0 5877
1 56 1 4439
94 72 1 9945
27 41 0 5626
31 75 1 107
5 83 1 2414
47 13 1 4190
82 61 1 7555
7 64 1 9644
64 66 1 6287
18 83 1 9155
10 62 0 4361
16 89 1 3874
91 66 0 1148
57 85 1 743
29 59 0 2601
4 48 1 1475
66 26 0 7831
91 36 0 8401
99 43 1 1146
51 25 0 1940
89 90 1 8165
38 54 0 4805
13 33 1 8916
78 35 1 4
5 57 0 6237
20 26 0 6021
64 40 1 3414
35 84 1 5944
94 22 0 3037
53 23 1 4991
87 89 1 8837
32 93 0 2751
13 47 1 3002
1 73 1 1191
45 43 0 6418
38 36 1 1739
23 64 0 3904
4 59 1 6770
10 72 0 1763
99 6 0 8006
39 26 0 4235
87 69 1 558
78 19 0 1447
52 71 1 3188
38 14 1 1357
8 89 0 8551
5 73 1 8490
63 10 1 7558
78 89 0 9360
6 87 0 5516
53 10 0 3526
60 34 0 3947
23 36 1 6218
31 71 1 291
60 77 0 9631
8 100 0 5036
84 82 0 8122
27 56 0 3599
91 44 0 3140
77 39 0 5893
92 12 0 5751
62 44 1 3976
27 55 1 5082
77 67 0 7012
93 59 1 7393
72 97 1 6965
89 53 0 7855
56 89 1 4479
94 43 1 3012
10 42 0 8405
49 33 0 1678
75 90 0 7616
78 18 0 6688
44 86 1 8797
94 73 0 7051
35 91 1 5265
15 14 1 1373
49 97 1 3024
87 25 0 5536
85 12 1 3864
36 51 0 6540
85 65 0 1361
68 20 1 1945
34 73 1 3859
93 11 1 1757
62 96 1 3598
15 4 0 317
86 79 0 6956
95 71 1 4091
15 81 0 2921
21 35 1 1696
80 97 1 8209
2 27 1 4314
54 86 1 6466
20 100 1 6394
4 13 0 5981
39 51 1 1175
48 19 0 5840
45 100 0 425
56 21 1 1712
24 66 0 1606
53 13 0 6205
75 19 0 30
48 13 0 9759
7 90 0 958
64 8 0 577
80 19 0 101
4 77 0 4058
60 52 0 5823
25 87 0 5535
44 29 1 2658
8 51 0 7744
5 42 1 1454
1 82 0 1228
50 45 1 566
12 83 0 8557
40 28 1 2833
18 29 0 2010
59 74 0 2409
38 60 0 1119
18 91 0 1468
29 21 1 1933
39 23 0 7115
24 95 1 5477
32 86 0 4621
91 95 0 7285
35 56 1 9100
9 84 0 2124
34 2 0 1008
61 4 1 4950
61 43 0 7203
48 8 1 2268
99 10 0 3002
73 12 1 1213
99 89 1 1527
54 27 1 2048
20 31 0 3462
25 51 0 681
28 50 1 786
22 8 1 5929
99 93 1 3758
21 42 1 1202
89 30 0 6929
63 24 0 4445
62 17 0 203
46 40 0 8258
24 42 1 2542
28 37 1 1397
33 1 1 7896
61 51 0 1388
78 74 0 3761
2 41 0 7514
22 93 1 2024
38 43 0 9796
69 94 0 6731
43 73 1 5682
93 17 1 1494
94 65 1 8973
99 100 0 9418
81 80 0 5441
14 42 1 2906
69 13 1 1593
74 37 0 2099
23 74 1 4207
40 55 1 4368
19 57 0 8121
78 27 1 3823
61 70 0 4520
24 51 0 3612
16 71 0 9190
47 64 0 6661
87 36 0 8764
36 84 1 3801
28 56 0 7963
67 78 1 3319
73 45 0 1862
80 69 0 3727
7 8 0 1269
53 71 0 575
24 70 0 4509
52 7 1 6341
86 53 0 6701
88 16 0 3460
45 26 0 6664
89 85 0 9738
83 28 1 3654
86 59 0 8427
26 20 1 9491
93 31 1 2010
59 93 0 2725
67 4 1 3674
30 71 0 9998
58 92 0 53
43 67 1 6144
93 76 0 6928
94 86 1 7474
49 73 0 3503
90 66 1 3422
37 83 1 7155
99 91 1 2763
42 44 0 246
81 75 0 6170
100 76 0 6859
27 13 1 899
17 61 1 2324
92 25 0 2044
56 45 1 5519
98 94 1 1672
6 47 0 28
90 77 1 1347
67 99 0 5193
24 35 1 2775
45 89 0 3169
41 23 0 7667
83 24 1 690
60 42 1 1324
17 91 1 6037
73 33 0 3950
17 73 0 335
12 16 0 8991
55 10 0 9544
19 49 0 2291
82 13 0 4208
19 76 1 4864
35 69 0 4781
65 62 0 2125
64 39 0 9955
49 46 1 4851
80 75 0 2713
20 47 0 4479
53 48 0 9047
66 22 0 7619
73 6 0 7956
71 89 0 9693
38 30 0 9855
39 38 0 4182
15 68 1 5077
35 9 1 2478
99 98 1 8735
54 93 1 9077
30 84 0 7134
91 20 1 2827
1 93 1 8924
78 77 1 6833
50 34 0 1882
86 75 1 9805
21 47 0 2710
41 19 1 5999
75 18 0 6641
47 40 1 120
26 73 0 9097
22 3 0 2308
62 41 1 1402
26 18 0 4375
57 53 0 2046
13 1 0 6517
91 71 1 9809
52 90 1 2893
82 63 1 2778
36 31 0 10000
19 39 1 2910
42 19 0 8272
41 48 1 1801
34 11 1 6987
53 4 1 1874
89 29 0 502
77 84 0 3081
10 54 0 8572
3 72 0 4107
98 35 0 6487
49 82 0 861
68 43 0 8209
28 57 0 5019
19 96 1 9209
63 25 1 5217
6 74 0 559
81 56 1 1964
76 19 0 4601
13 58 0 7995
40 79 1 3114
92 81 0 3909
47 53 1 7567
34 50 1 7673
59 36 1 6758
15 90 0 297
19 93 0 4431
19 56 0 6285
96 19 1 7355
83 16 0 3513
34 31 0 1447
86 35 1 6093
88 78 0 4329
56 75 0 5527
37 33 0 2484
29 55 0 2972
37 12 1 9961
15 94 1 9266
55 87 1 4652
18 8 1 4858
13 98 1 5206
20 71 1 1350
74 66 1 5874
61 3 0 7188
42 95 0 8324
72 63 0 8532
85 51 0 5252
88 52 0 6711
72 90 0 8983
29 50 0 2906
90 67 0 5064
98 5 1 9316
66 100 0 2803
20 86 1 5835
66 19 1 9439
12 64 0 9643
84 49 1 1399
21 37 1 4515
88 27 0 1835
41 99 0 8387
31 47 0 9267
63 53 1 3334
17 23 1 8146
27 98 0 5277
69 15 1 7533
62 66 0 5292
55 48 0 1686
12 68 0 689
94 64 0 4697
66 32 0 7522
27 14 0 4856
68 81 0 2639
84 30 0 8
26 70 0 9720
93 57 0 9099
59 18 1 1363
32 27 1 1323
92 19 1 5808
75 3 1 6959
32 65 1 6719
70 8 0 8457
83 82 1 3229
56 39 0 2117
10 90 0 6489
49 67 0 2045
21 99 1 190
40 81 1 4170
31 4 0 7297
96 71 0 7477
94 36 0 4203
26 17 0 5508
44 69 0 2990
24 54 1 247
46 44 0 2364
57 20 1 7936
83 17 1 5261
86 41 1 4930
75 82 0 4427
54 8 1 4553
15 28 1 6381
34 91 0 4398
96 88 1 8506
91 32 1 7539
23 46 0 6514
31 93 0 5133
84 86 0 601
39 63 1 4684
66 11 0 6694
36 7 1 5060
76 78 1 1206
94 33 0 6428
90 8 0 7177
43 71 0 2846
41 39 0 4202
83 52 0 1465
33 24 0 6019
88 86 0 9524
60 94 1 6157
95 20 1 6099
38 39 1 6826
74 43 1 7472
28 31 0 31
36 61 1 7859
98 74 0 4298
24 45 0 9323
43 19 0 9737
22 26 0 4085
11 46 1 6394
32 68 1 6755
64 23 0 703
34 74 0 9512
95 3 0 9155
9 90 1 7241
88 44 0 512
53 86 1 3099
64 88 0 7132
84 78 0 2442
62 47 0 1879
83 89 0 5207
78 98 1 8282
69 10 1 6560
87 1 1 1942
44 17 0 1014
79 15 1 487
50 17 0 8285
80 1 0 9055
18 58 0 9372
61 15 1 4714
66 33 0 1534
62 14 1 4703
98 22 0 2457
14 70 0 3974
77 96 1 9397
3 47 0 455
85 46 0 994
48 46 0 2398
48 59 1 5224
97 73 0 2365
3 5 0 2031
54 11 0 5086
48 83 0 4844
28 75 1 2677
7 46 1 3624
61 44 1 4056
55 75 1 6055
35 74 0 8844
59 23 1 1269
35 31 1 6033
65 49 1 3284
83 78 0 9213
7 60 1 4496
27 95 1 5400
60 33 1 3427
97 13 0 9021
75 71 0 5508
56 74 1 5817
66 23 0 2780
22 91 1 1815
58 6 1 3435
70 60 0 2553
66 63 1 2411
71 46 0 6725
13 39 1 7654
98 100 0 9759
7 96 1 6578
7 83 1 2514
47 39 0 6833
2 17 0 609
81 57 1 8134
52 2 1 9667
7 38 1 530
8 70 1 7276
4 63 1 9636
40 75 0 9056
24 4 1 9015
28 53 0 8878
68 44 1 9858
77 45 0 2628
23 17 1 4726
37 34 0 4396
61 9 0 9378
35 36 1 3285
50 15 0 7586
98 41 0 6541
30 37 0 3373
66 25 1 9377
5 21 1 5098
90 97 0 4106
72 92 0 9468
12 93 1 5239
13 86 1 2707
46 20 0 5726
91 18 1 3686
75 11 0 4593
34 36 0 9853
35 42 1 7824
63 34 0 9826
22 12 1 2527
82 24 1 4976
15 76 0 8248
96 52 0 2817
91 48 1 3129
48 7 0 4342
67 3 0 6485
10 14 1 1720
29 4 0 5236
59 72 1 1723
33 78 1 9956
31 24 1 1925
95 25 1 5538
27 97 0 2804
51 88 0 8489
12 1 1 6546
6 93 1 5078
10 1 0 6606
47 61 0 9370
17 100 0 1093
32 97 1 1213
71 35 1 5731
13 8 1 859
43 32 1 7805
82 49 1 696
57 79 0 2208
59 24 0 5639
44 56 1 3189
33 83 0 6281
81 58 0 5813
72 9 0 2126
36 80 1 2154
58 31 0 4774
62 37 1 8814
24 78 0 328
22 53 0 1949
84 89 0 5321
24 40 0 873
91 47 0 1697
28 94 1 1187
83 74 0 7591
100 68 1 6484
94 89 0 9744
81 51 0 2847
61 47 0 3816
35 16 1 4469
75 94 1 5581
100 5 1 6
68 56 0 5895
4 72 0 268
58 50 0 7731
80 90 1 2027
49 55 0 8845
18 100 0 4043
23 20 1 2365
39 35 0 9138
74 40 1 8368
92 11 1 6667
79 33 0 6880
23 25 1 3202
31 14 1 4232
62 52 0 325
61 98 0 1488
63 62 1 1011
24 81 1 1658
8 86 1 6314
39 97 1 8622
42 53 1 6000
59 27 1 2297
22 15 0 3315
82 69 1 3850
32 100 0 7986
74 14 0 3927
88 30 0 1404
70 63 1 6196
41 35 1 369
27 30 0 2788
88 72 0 5419
39 27 1 9283
86 50 0 8794
73 74 0 4566
48 65 0 5250
41 73 0 8544
39 50 0 9762
56 33 0 7069
77 13 0 7427
54 20 1 2690
49 89 1 5933
88 89 1 8899
3 54 0 9631
89 3 1 506
17 88 1 7993
51 19 1 1705
41 58 0 166
71 4 0 7564
41 7 0 7410
88 60 0 8633
47 91 1 3341
95 85 1 5292
61 23 0 2237
64 30 0 3557
70 72 1 96
76 63 1 7254
67 85 0 7050
48 91 0 3867
68 46 0 6395
13 74 1 3857
77 22 1 4393
66 55 0 331
44 53 1 6683
22 94 0 271
65 29 1 4790
28 72 1 9401
56 23 1 7250
45 79 0 6723
93 1 0 4601
83 48 1 5022
74 47 1 791
50 78 1 5497
55 32 0 2290
63 93 0 5504
57 41 0 2049
51 27 1 7948
65 71 0 9925
69 20 1 2565
4 16 1 1038
44 99 1 2586
61 7 1 3326
21 43 0 5263
95 35 1 7075
17 92 0 469
67 12 1 2504
26 28 0 2321
83 69 0 3713
14 10 1 1694
11 63 0 3271
64 81 0 8066
98 72 1 8153
7 88 1 3396
65 72 1 7419
94 49 1 7078
21 94 0 3688
52 10 1 5012
22 52 0 7576
63 14 1 5597
17 19 1 8033
46 96 1 4273
50 73 1 6695
72 80 1 8512
14 60 0 6920
19 25 0 2547
87 90 0 3839
21 83 1 536
84 76 1 9132
14 78 0 9152
67 29 0 3828
14 8 0 8121
88 77 0 846
75 76 1 599
100 37 1 6195
24 98 0 7424
89 88 1 5173
39 99 0 8377
4 98 0 6921
94 46 1 4916
36 70 1 83
36 1 1 6994
62 34 1 170
87 46 1 6127
13 73 0 2760
34 51 0 1290
2 9 0 3144
85 4 1 3842
27 5 1 3941
81 19 0 6748
83 98 1 8991
92 15 1 1950
32 91 1 3123
87 75 1 881
37 92 0 6319
88 21 0 6840
7 43 0 9792
27 68 0 5886
77 3 0 2447
50 10 0 2405
53 19 1 6044
80 28 0 3922
3 37 1 1444
40 33 0 6755
6 16 1 7707
17 1 0 1567
27 70 0 2718
74 22 0 1974
28 13 1 6712
45 18 0 4403
63 9 1 9096
76 40 1 2015
15 61 1 2379
33 84 1 9582
8 72 0 3555
73 36 0 2508
20 63 0 2723
80 47 1 7602
74 27 1 1880
21 26 0 1746
64 92 1 5334
12 11 1 3175
91 52 1 4592
78 15 1 5105
94 79 1 6091
93 94 1 7733
97 27 0 5269
54 26 1 1994
60 50 1 8924
82 23 1 3295
13 63 0 9498
16 23 0 3400
8 38 1 1820
70 29 1 8647
31 7 0 1534
24 8 1 1203
5 45 0 8278
75 83 1 1689
70 62 0 5611
30 25 0 2820
70 16 0 6825
98 38 0 9013
23 14 1 2798
74 80 0 7450
42 23 1 54
83 31 0 7235
7 3 1 7622
30 60 0 5011
71 34 1 6608
71 16 0 3467
57 30 0 897
24 21 0 3178
59 22 1 2099
42 25 1 446
3 94 1 6960
92 3 0 7115
68 52 1 8425
12 90 1 7912
89 59 1 3697
88 5 0 3502
49 2 0 1205
31 91 0 692
32 46 0 3669
94 5 0 5784
30 82 0 1083
82 51 0 926
10 5 0 7817
55 76 1 2823
6 94 0 333
15 91 1 7168
49 37 0 64
38 41 1 780
4 100 0 3689
21 15 1 3208
51 99 0 3635
16 82 1 9278
19 89 1 693
39 69 1 1704
99 35 1 4465
21 78 1 5528
34 35 0 4443
62 35 1 5110
57 6 1 4033
24 10 1 9271
11 27 0 7061
77 98 0 3527
52 34 1 8026
69 66 0 1611
14 28 0 2558
37 15 1 4810
55 88 0 994
17 89 0 5399
11 82 1 2853
100 72 1 4288
24 6 0 7561
32 45 1 6472
40 34 1 7176
13 44 1 23
27 19 0 8406
64 51 0 7025
68 3 0 9607
6 44 0 908
30 85 0 8165
67 88 0 664
25 18 1 599
2 91 0 6698
93 38 0 1684
26 15 1 2785
71 72 0 6200
60 38 1 4109
97 66 0 6269
96 17 0 1052
64 74 1 199
93 62 1 8304
76 12 0 4514
62 28 1 3778
25 3 1 7046
91 77 1 8089
88 20 1 619
14 64 1 5401
90 52 1 110
59 100 0 9786
85 38 0 4156
94 97 1 4491
8 84 1 5374
87 99 1 1976
100 23 1 7851
56 1 1 6419
38 20 1 5484
76 37 0 5747
27 75 0 1024
87 34 1 4064
31 95 1 8252
88 90 0 430
37 80 0 9126
96 14 0 8386
3 74 1 1909
78 31 1 2456
36 68 1 4734
16 32 1 1940
2 73 1 444
93 19 0 5098
78 53 0 5923
15 32 0 2389
82 19 1 399
39 87 0 9107
10 9 1 4735
26 90 0 3737
14 33 0 7683
70 94 0 6135
78 66 1 185
6 56 0 5343
63 83 1 7030
32 2 0 7339
100 73 1 1479
14 27 0 6568
35 94 1 798
90 82 0 4687
71 65 1 6257
82 92 1 8516
2 69 0 5358
31 83 1 9957
70 64 0 9023
42 31 1 668
55 95 1 6318
77 57 1 4108
8 60 1 2453
10 4 1 4844
53 82 1 3131
99 23 1 1155
96 56 1 3078
72 47 0 4342
50 13 1 9503
85 87 1 248
99 74 0 2487
34 22 1 7943
39 64 1 9208
51 49 0 9036
73 21 1 897
68 37 0 3305
23 62 1 5839
12 38 0 1362
78 75 1 2159
66 95 0 8026
9 94 0 1280
27 51 0 6943
28 19 1 2134
61 94 0 1294
79 4 1 7755
97 35 1 8451
21 51 1 8880
78 63 1 480
30 2 1 6771
77 83 1 3134
1 71 1 8957
22 13 0 7129
14 83 1 1827
20 90 0 9279
38 85 0 4604
52 45 1 5513
17 66 0 6085
3 42 1 6402
22 9 0 7784
46 66 1 1066
72 77 1 5290
95 19 1 9241
61 76 1 84
14 79 1 9720
23 67 0 4196
17 81 0 2146
42 46 0 5601
59 46 0 1743
23 83 0 5434
99 94 0 793
17 79 1 4182
48 32 1 1861
45 56 0 830
91 17 0 1950
64 83 0 1632
41 62 0 9003
37 36 0 2966
88 80 1 8056
60 16 0 21
87 31 1 9236
1 49 0 6892
54 2 1 6062
4 54 0 7597
69 45 1 5312
92 7 0 9280
44 62 0 6378
70 4 0 8341
50 38 0 800
34 9 1 6534
26 83 0 3744
72 11 1 348
92 29 0 3232
66 43 0 8784
9 21 0 1331
16 59 1 8694
72 50 0 8309
28 6 0 21
3 38 1 4494
90 85 1 138
48 81 0 6084
74 76 1 825
94 62 0 9282
61 56 1 5490
54 41 1 1206
15 58 0 6274
49 47 0 3566
53 34 0 5434
42 60 0 2997
22 61 0 1203
95 67 0 8536
36 97 0 8260
77 41 0 1100
44 46 0 2064
83 7 1 1611
40 29 0 1023
25 98 0 6945
58 56 0 2354
14 68 1 3229
52 76 0 4139
100 29 0 5468
31 51 1 5362
53 9 0 4567
88 95 1 9238
73 29 0 2438
78 47 0 3752
33 23 1 7577
78 22 0 4022
26 4 0 3140
28 70 0 4765
86 29 1 1035
49 26 0 638
36 71 1 4967
45 31 0 614
31 67 1 8891
27 63 1 5047
78 73 1 3823
83 81 1 2328
67 27 0 1354
74 57 0 3855
14 69 0 9712
33 9 0 5540
32 51 0 5584
100 43 1 5457
53 63 1 3054
31 43 1 4900
5 28 1 1568
47 99 1 5912
2 93 0 6393
93 85 0 6542
68 5 0 6862
78 72 1 4812
50 20 1 8542
47 95 1 1746
85 45 0 6942
84 21 0 9509
23 98 0 7990
87 12 0 5859
16 21 0 1266
69 8 1 3910
42 83 1 7278
98 10 0 9971
16 98 1 9898
18 84 1 2759
45 36 0 4983
50 26 0 7450
58 71 0 4205
33 47 1 8357
44 63 0 9699
51 20 1 8122
59 94 1 2271
81 92 0 2021
35 59 1 2676
92 96 0 3331
20 24 0 7158
72 8 0 8753
35 3 1 9354
16 19 0 7492
45 17 0 8604
78 13 1 2330
76 16 0 714
61 39 1 9921
37 75 1 2613
98 62 1 6377
96 27 1 4626
87 94 0 7894
97 43 0 680
54 74 1 683
99 12 1 1567
61 81 1 720
37 32 1 8725
98 33 1 6979
20 45 0 3666
31 35 0 2804
35 46 0 4532
77 62 1 6024
37 22 0 1378
94 14 0 3243
69 21 1 6280
34 65 1 1731
68 22 0 7398
60 18 0 4641
42 26 1 5550
11 60 1 8592
45 6 1 18
40 84 0 1265
18 62 0 2621
70 39 1 9690
42 14 1 8555
31 45 1 3656
94 84 0 2660
69 58 0 6006
49 78 0 2846
90 68 0 8448
16 94 0 479
25 14 1 3024
60 64 1 2265
24 75 0 7938
18 54 1 7867
2 1 0 1958
76 11 1 8459
99 63 1 3324
71 68 0 17
29 82 0 3584
43 82 1 2923
27 73 0 1406
67 81 1 388
49 64 0 1206
71 39 1 5568
76 70 1 5405
42 86 1 3999
81 90 1 1896
79 70 1 8524
85 55 1 6983
36 29 0 9252
62 55 0 3884
64 61 1 6803
37 100 0 5015
44 38 1 8799
69 9 1 8827
14 74 0 249
37 69 0 548
52 88 1 9722
44 4 0 4096
29 27 0 8420
42 77 1 501
51 7 0 5502
39 40 1 2965
38 7 1 9117
21 64 0 9693
54 22 0 7737
60 88 1 1303
84 24 0 4963
65 2 1 1579
20 5 1 4247
92 46 0 6366
11 83 0 5820
69 87 1 7893
19 36 1 5628
71 87 1 5554
72 19 1 6611
77 71 1 8525
4 46 0 1651
17 33 0 1734
38 86 0 7503
56 96 1 5343
57 31 1 4951
70 51 1 1833
87 97 0 5529
7 28 1 3377
31 25 1 8678
38 68 0 1733
14 55 0 2947
41 6 0 2075
83 91 1 4365
79 77 0 5378
56 100 1 4756
14 18 0 4816
1 50 0 8940
73 59 0 1932
32 94 1 6194
59 76 1 681
74 52 1 440
88 24 0 2505
46 68 1 8113
81 97 1 2672
93 36 1 6279
12 29 0 8047
91 16 1 6263
17 7 1 8599
83 88 0 8386
18 97 1 8432
72 65 0 7687
30 10 0 4024
20 32 0 2593
31 26 0 6347
86 25 0 7087
62 83 0 1037
86 37 1 5432
78 26 0 6990
74 82 0 3601
48 54 1 9270
18 39 0 5324
94 57 1 9640
27 71 1 1604
63 49 1 2159
21 61 1 837
33 88 1 6237
12 60 0 5798
97 19 1 3382
79 55 0 6753
68 71 1 7912
50 46 0 3886
93 43 1 5987
71 55 1 2655
38 97 0 3765
49 13 0 7169
10 84 0 2271
47 4 1 4284
49 31 0 7333
85 66 1 6994
13 61 1 3527
42 64 1 4953
54 40 0 3085
52 13 0 8469
42 37 1 4955
43 10 0 4805
58 98 0 3671
47 80 1 7000
79 56 0 5018
36 47 1 144
81 72 1 2066
90 23 0 3760
12 31 0 945
52 11 1 5354
48 43 1 1130
43 14 1 7037
50 4 1 5217
3 32 0 1126
86 46 0 2427
47 5 1 640
43 70 0 2590
83 72 1 1978
82 97 1 4951
25 69 0 9883
30 56 1 1697
54 15 1 8115
78 56 1 2565
64 84 1 4809
10 89 0 5325
51 48 1 1094
59 6 1 8768
21 50 0 5889
95 29 0 5569
18 21 1 1085
95 31 0 1903
57 66 0 8739
98 30 0 2999
97 17 0 1685
7 29 1 4656
21 82 0 8925
93 18 1 3415
41 80 0 1831
86 40 1 9393
67 89 1 5706
85 6 1 4092
58 51 1 7164
78 44 1 3724
73 77 0 4044
40 2 1 8563
95 21 1 444
74 23 0 1693
42 51 1 1128
20 69 0 4837
5 69 1 8984
72 87 1 6293
48 99 0 6763
42 13 1 6367
50 96 0 4176
100 4 1 5588
55 66 0 9226
38 34 1 6074
21 28 0 2822
37 55 1 3441
71 62 1 1184
46 87 1 6430
57 17 1 1119
65 13 1 300
60 56 1 4971
49 69 1 4146
33 95 1 6712
48 85 0 3986
97 60 0 5413
49 53 0 5743
72 61 1 5149
25 37 1 1746
5 22 0 8788
15 55 0 4199
33 86 1 8719
22 7 0 6161
82 89 0 8595
19 45 1 9445
3 87 1 1349
82 35 1 1083
66 68 0 3242
95 11 1 5252
82 74 0 5378
50 71 1 2470
6 81 0 9639
45 48 0 1085
7 6 1 632
16 3 1 9111
84 3 1 4035
53 62 1 4227
11 76 1 7351
44 96 1 2038
75 74 0 3020
76 75 0 2640
35 1 0 3196
40 83 1 1191
10 44 1 5450
8 67 1 7674
12 63 1 2447
15 17 0 9701
23 94 1 283
69 70 0 7157
51 43 1 8610
43 44 1 1175
74 73 0 8758
71 95 0 7506
29 31 1 6393
40 68 1 9440
80 70 1 4741
26 12 0 2069
86 62 0 9847
44 94 0 5601
77 52 1 2344
94 48 0 1990
35 85 1 8827
88 6 1 2021
74 81 0 2047
100 25 0 2348
40 51 1 4877
75 32 0 8896
61 12 1 6287
29 11 1 6434
21 17 0 6371
57 73 1 889
22 21 0 2200
51 26 0 3973
47 56 1 1500
40 32 1 9670
62 94 0 3980
100 98 1 9699
14 63 0 953
65 7 0 6261
100 20 1 1276
72 13 0 6682
19 100 1 4054
50 57 0 7568
14 19 1 3547
70 6 1 2933
63 85 1 6823
87 84 1 744
31 38 0 5182
75 17 0 4429
45 37 0 8030
76 55 0 1916
25 27 1 4867
64 27 0 3377
97 77 0 9363
80 25 1 9919
55 15 1 1950
51 24 0 6812
56 41 1 7349
79 29 0 9678
82 66 1 8389
93 41 0 4726
88 100 1 3093
55 28 0 7109
35 61 0 5438
19 26 0 8140
79 68 0 9090
4 73 1 2061
26 31 1 4933
36 91 0 3722
46 77 1 1076
45 87 1 1057
1 48 1 5220
35 27 1 5317
32 69 1 5434
40 62 0 836
95 57 0 5051
16 65 0 5688
81 85 0 4436
77 99 0 6546
45 70 0 910
40 31 0 669
38 52 0 5691
27 16 0 8186
53 90 0 7988
88 34 1 723
1 66 1 5419
37 91 1 3581
31 16 0 2699
79 16 1 5951
50 49 0 2490
94 54 1 3153
53 70 0 7146
19 62 1 1436
29 63 1 4358
68 92 0 4487
76 13 0 6373
41 69 0 6450
34 84 1 2337
67 45 1 417
49 11 1 606
87 53 0 7907
36 63 1 5490
67 7 0 9764
95 36 1 540
33 7 1 7342
55 65 1 5835
24 46 0 6585
27 46 0 3203
15 80 1 3514
19 73 0 3631
10 68 1 123
50 39 0 976
84 43 0 7199
63 60 0 2672
83 80 1 779
56 68 0 3317
93 10 1 4105
5 30 0 7910
81 79 0 8588
53 41 1 580
28 7 1 9483
53 66 1 3127
83 11 0 3475
94 3 0 7951
90 17 0 492
41 96 1 5678
49 57 0 8262
59 48 0 5447
17 76 0 6619
5 4 1 7652
20 40 1 7941
10 19 0 1724
61 11 1 3691
25 94 1 1864
5 50 1 7314
34 29 0 3346
85 98 0 4418
6 86 0 236
36 22 0 9230
46 61 1 1136
12 39 1 3247
56 55 1 3190
62 26 0 4381
28 69 0 3554
77 55 0 6523
50 14 1 2396
96 75 1 6746
100 48 1 7173
3 18 1 7702
77 82 1 5939
91 86 0 4560
61 31 1 9199
88 33 0 5997
32 83 0 4482
10 82 1 4264
68 47 0 5236
62 93 0 4660
64 70 1 5149
89 99 0 5793
19 59 1 5670
100 6 1 412
80 67 1 7551
56 81 1 7478
32 21 1 6912
67 90 1 3282
73 1 0 242
27 91 0 2631
15 56 1 6988
22 49 1 768
77 37 0 2591
60 65 1 3697
33 29 0 2294
3 84 1 1965
25 54 0 5317
31 8 1 7324
99 28 1 4501
93 28 1 7574
20 52 1 3100
57 39 1 4630
78 6 1 9910
67 68 0 1223
100 46 0 5598
87 80 1 9983
74 93 0 6711
35 65 1 5977
92 26 1 3283
67 2 0 2114
23 5 0 323
4 50 1 5684
88 25 0 6835
82 76 1 5438
52 31 1 3868
72 26 1 6991
88 61 0 1825
43 72 0 6333
32 5 1 744
12 30 1 1189
44 45 1 4025
5 33 1 1966
5 44 0 9358
34 24 0 6994
26 43 0 4129
91 35 0 3398
45 35 1 9170
3 26 1 4509
94 80 1 270
70 67 1 836
43 77 1 7115
1 72 1 2320
96 86 1 3614
25 35 1 484
54 6 1 9280
74 78 1 835
82 99 0 463
71 67 0 2941
93 61 1 1435
83 53 0 2616
77 17 0 750
17 85 1 4802
81 25 1 2251
36 74 0 9739
98 4 0 2482
82 84 1 2522
7 68 0 2099
17 24 1 5345
55 25 1 5291
51 100 1 1997
62 68 0 3075
74 59 1 7950
92 16 1 7045
34 68 1 1920
88 2 1 9452
74 28 1 7115
40 42 0 3819
83 40 1 9450
10 35 1 8955
57 77 0 9072
46 80 1 5095
84 28 0 6416
35 90 1 2727
76 65 0 9399
46 30 0 6086
8 18 1 6722
90 12 1 1925
80 11 0 9871
62 67 1 6739
85 73 1 905
73 51 1 8849
40 19 0 5977
86 63 1 3388
60 15 0 4361
53 29 0 5588
89 54 0 5891
18 38 0 7386
73 72 1 7298
42 22 1 2350
17 58 1 2750
63 81 1 5410
90 5 0 1826
80 85 1 9292
9 12 0 7038
62 92 1 3764
52 44 1 8425
69 74 0 6529
77 5 0 2348
11 5 0 4123
27 54 0 4288
81 66 1 4316
30 59 0 9336
43 20 0 667
60 7 1 843
63 66 1 2719
65 58 1 846
62 65 0 3287
26 36 0 5645
91 53 0 1947
1 26 1 2390
32 3 1 9871
19 52 0 5048
16 70 0 1642
13 46 1 3305
39 88 1 2490
51 73 1 3886
87 14 0 1942
65 3 0 6673
59 79 1 1197
40 46 1 8763
62 58 1 7234
91 99 0 233
85 43 1 5923
24 20 1 8046
51 40 0 3552
49 85 0 2645
67 58 0 3002
84 85 1 9197
76 28 1 5178
43 85 1 6347
82 72 0 1649
72 40 0 8449
37 67 1 2679
84 75 1 1537
80 81 1 4818
30 31 1 2406
58 90 0 5903
75 45 0 9600
8 76 0 4018
73 23 0 2009
89 33 0 9024
92 85 1 8386
75 10 1 135
66 38 0 5747
39 47 0 359
99 51 0 8941
58 96 0 4241
84 53 1 9587
45 58 1 4182
1 7 0 3270
41 81 1 1275
75 27 1 789
80 68 1 5163
93 98 0 3980
73 80 0 3094
53 93 0 3799
93 50 0 7500
71 59 1 8272
26 54 0 248
84 12 1 9951
10 50 0 3768
42 6 0 2704
81 65 0 6827
71 25 0 8549
5 98 0 8382
7 81 0 9969
31 27 1 6931
37 6 1 4755
56 2 0 2588
100 32 1 1236
34 30 1 6103
95 38 0 5393
100 54 0 9152
37 70 0 6856
81 38 1 4106
26 68 1 8196
100 51 1 5610
97 7 0 915
83 20 1 5948
43 41 1 2704
68 80 1 2969
94 20 0 3281
30 92 0 9021
62 22 0 501
73 63 1 4631
15 6 1 8055
13 11 1 8668
24 80 1 1983
75 1 1 808
85 69 1 8496
75 58 0 736
55 58 1 3806
58 1 1 6694
81 69 1 4100
78 90 0 6347
56 57 1 6978
48 75 1 2645
74 83 1 6947
19 64 1 2289
25 26 0 203
40 65 1 2294
24 19 0 2286
89 69 1 7938
47 24 1 6936
98 37 1 6362
80 72 1 7403
59 17 0 8379
45 33 0 2143
44 18 0 5377
15 72 0 7410
62 29 0 6968
91 51 0 3547
92 35 1 6136
88 92 0 7549
5 75 0 4535
39 96 1 4356
78 40 1 6646
85 32 0 9344
82 38 1 5591
71 73 0 3903
71 100 1 2792
87 39 1 8756
32 59 1 5046
11 89 0 3904
37 47 1 6217
59 70 1 7251
2 34 1 9258
26 39 0 4656
91 74 1 7223
87 7 1 4735
93 22 1 4474
57 32 1 9617
60 69 0 2874
6 46 1 4545
99 46 0 1955
8 55 0 8826
76 100 1 8432
73 87 0 782
1 64 1 2584
23 47 0 6667
72 95 1 8934
67 47 1 7349
74 97 0 9439
15 10 0 1354
24 41 0 302
9 46 0 1551
63 52 0 8354
67 55 1 8901
50 61 0 2237
30 38 1 2982
41 64 1 5445
55 33 1 8413
64 12 0 3446
73 53 0 885
37 98 0 2894
60 66 0 4447
68 2 1 7432
30 18 0 8060
40 72 1 191
51 2 1 2460
55 18 0 298
74 4 0 1889
20 79 1 7494
13 5 0 1102
90 72 1 6878
88 65 0 9558
100 63 0 3208
79 64 1 6739
4 91 0 743
3 39 1 7005
91 56 1 9903
100 9 0 9150
97 1 1 2196
21 80 1 1680
91 45 1 7769
90 34 0 1418
22 90 1 8058
17 97 0 4589
72 39 0 6309
58 52 0 7954
78 57 1 8161
75 8 1 8368
9 5 1 1195
45 90 1 9970
15 40 1 2147
27 2 0 8122
48 87 0 5287
34 33 0 4325
26 47 1 1095
61 24 0 2708
96 92 0 7583
29 95 1 6004
56 67 1 4006
53 54 1 7815
82 62 0 211
50 40 0 4317
99 60 1 5583
21 36 1 5000
40 88 1 4572
2 55 1 9487
44 71 1 149
69 44 1 2347
2 26 0 5804
33 69 1 284
53 67 1 5951
29 26 1 2880
31 81 0 6940
22 72 0 4998
98 87 1 1841
98 32 0 3113
38 81 0 7103
77 69 0 8990
2 32 1 9468
70 99 1 8226
74 79 1 7626
31 15 0 3970
25 2 1 4015
65 42 1 7930
29 87 0 4858
50 74 0 9110
76 31 0 6368
46 26 0 6015
69 3 0 7018
33 68 0 7104
99 19 1 9090
43 94 0 948
47 87 1 8407
17 6 0 3762
99 15 0 7217
71 31 0 9640
87 64 1 8185
48 3 0 6156
94 67 0 2670
93 9 1 5279
60 55 0 3723
34 71 0 2442
98 58 0 428
46 71 1 9226
36 4 1 2395
86 18 1 6456
43 39 0 6063
28 66 0 9604
26 61 1 5363
52 38 1 298
69 5 0 531
28 32 0 6494
24 67 1 7050
13 54 0 521
47 93 0 1623
3 90 0 8600
47 90 1 9578
37 93 1 8677
44 2 1 7945
74 33 1 1558
23 70 0 8932
76 23 1 4994
51 68 0 6010
94 37 1 2040
71 10 1 3686
13 40 0 6388
39 19 0 2725
98 64 0 8147
3 61 0 1954
95 54 1 5534
55 97 1 2649
56 42 0 2898
12 40 0 3467
94 47 1 1511
53 85 1 3785
18 40 1 7202
37 54 0 4184
40 73 0 6476
55 44 1 9671
12 59 1 8238
50 66 1 4324
39 84 1 9564
8 5 0 8150
52 95 1 7001
59 86 0 2499
57 56 0 2475
64 89 0 1994
59 38 0 3847
47 33 1 4721
92 48 0 5193
24 86 0 5341
49 7 1 9016
53 2 0 2329
86 88 0 9381
95 16 0 284
47 22 0 6550
2 86 1 9219
79 38 0 2058
61 42 1 4416
21 8 1 1065
37 2 0 43
35 32 0 2635
6 92 0 3516
66 52 0 4611
59 68 1 7355
7 5 1 4441
31 79 0 2770
73 5 1 4610
38 98 0 8598
4 62 0 8795
40 97 0 9623
74 98 0 1628
73 49 1 5154
15 47 0 4134
61 86 0 2197
46 5 1 1306
56 90 1 8894
96 94 0 8070
13 84 0 9118
74 25 0 6462
25 31 1 5134
91 63 1 3848
52 98 1 3701
65 23 0 9900
24 90 1 6007
38 33 1 1705
46 39 1 4351
91 61 1 8107
2 59 0 5052
59 3 0 2854
70 87 1 7344
3 16 1 9877
15 35 0 4165
69 48 1 9204
43 81 0 7913
57 65 0 7086
35 78 1 8066
75 89 0 2985
36 67 1 7483
38 5 1 9449
10 28 1 3668
97 45 0 3923
77 75 1 1928
68 10 1 7593
99 95 0 850
54 18 1 8837
6 85 1 7968
31 63 1 6869
5 29 0 2574
16 85 0 5923
65 76 0 2782
54 59 0 788
86 31 0 8081
18 82 0 967
93 74 1 8878
46 27 1 4485
94 74 0 3156
82 68 1 1646
14 91 0 7610
80 17 0 4883
8 99 0 5043
97 74 0 5736
27 22 1 9928
77 1 0 2435
2 21 1 5753
90 7 1 2654
41 94 1 9447
52 96 1 8427
56 31 1 4462
10 97 1 7060
80 48 0 5518
26 76 0 4986
81 1 1 674
56 38 1 730
69 89 1 4851
12 24 0 9713
65 36 1 4096
29 66 0 9309
11 45 0 535
93 69 1 4381
29 9 0 2735
9 43 1 9671
89 61 0 5463
81 44 1 7559
95 10 0 6351
40 45 0 7356
66 96 1 3947
89 13 0 381
17 25 0 1236
44 1 1 1342
89 16 1 4752
14 40 1 3900
15 37 1 1029
53 39 0 6718
90 13 1 5743
21 38 1 9192
61 30 1 4511
49 59 1 2037
49 30 0 5601
65 98 1 3390
33 2 0 2709
36 13 0 7768
67 8 1 2307
2 80 1 1756
56 91 0 1613
81 37 0 3197
29 56 0 8155
55 23 0 2701
18 12 0 6151
39 68 1 1335
55 86 0 2371
35 98 0 5033
50 1 1 2124
62 3 0 5507
21 11 0 5980
53 17 0 6783
6 9 0 4497
87 35 1 6442
41 22 1 9191
54 63 0 8793
37 86 0 6866
27 85 0 400
68 14 1 464
6 1 0 3863
37 48 0 4558
61 78 0 372
60 93 0 9725
6 98 1 9643
26 50 1 2164
34 76 0 1112
56 52 0 4558
100 10 0 4220
41 54 1 2026
3 51 0 7276
2 99 1 4458
50 98 0 2101
49 54 1 7216
69 64 0 8560
37 21 0 1737
4 99 1 6607
60 87 0 4094
28 67 0 3327
53 27 1 8282
54 52 1 8693
88 41 1 4509
42 79 0 7699
61 95 0 6019
54 90 0 7150
17 99 0 6074
78 70 1 6137
65 63 1 596
22 89 1 1636
95 4 1 7194
47 43 1 9313
68 1 0 5898
48 23 1 3273
61 8 1 6564
82 17 1 5446
40 90 1 8536
5 59 1 6080
29 38 0 4150
70 45 1 1968
68 72 0 1317
76 32 1 9829
37 49 0 2899
28 64 1 3043
100 94 0 64
76 69 0 4684
6 39 1 6795
13 77 0 156
86 44 0 3177
2 30 1 4751
21 34 0 2688
10 100 1 1008
84 50 0 3818
33 96 0 1413
5 49 1 9390
100 92 1 9589
30 79 1 2670
51 66 1 6801
3 63 1 1875
11 33 1 7868
81 77 0 8157
16 15 0 4136
70 59 0 4596
69 25 0 1575
11 28 0 8183
27 20 1 4107
12 87 1 6604
73 82 1 2673
89 40 1 4331
96 83 0 211
80 91 0 25
72 88 0 1432
4 76 1 4330
26 94 1 9151
91 42 0 9095
28 93 0 7741
73 61 0 4308
42 38 1 6681
36 11 0 6374
67 71 1 8198
97 81 1 3246
36 42 1 1072
28 77 1 4451
16 26 1 9765
92 39 1 4037
22 83 1 676
72 60 1 2238
4 74 1 5417
18 47 1 7694
71 94 1 2477
11 75 1 2797
89 57 1 302
81 34 1 7871
80 98 1 6404
12 72 1 332
54 36 1 9796
24 28 0 5268
99 21 0 5613
7 52 0 711
79 54 1 8573
34 56 1 4477
10 45 1 2622
87 61 1 5174
62 7 1 9696
2 33 1 1239
79 47 1 309
90 32 0 2844
22 84 0 4131
1 13 1 7847
77 92 0 213
32 30 1 7944
60 62 0 6770
94 71 1 8863
41 88 1 2130
4 8 1 8982
39 95 1 8548
76 51 0 8451
44 7 1 1948
65 39 0 3204
92 31 1 7462
100 79 0 4814
85 83 1 7670
55 5 0 3123
95 86 1 7336
76 89 0 9366
89 6 0 9187
35 17 0 1502
52 54 1 3360
11 91 0 4830
73 86 1 7110
82 1 0 6235
62 13 1 716
74 36 1 9137
7 22 0 810
23 6 1 8152
23 93 0 6280
90 98 0 6009
100 50 1 6428
21 72 1 675
18 7 0 5381
46 54 1 7036
19 12 0 4101
15 18 1 9059
56 6 0 1460
57 94 0 41
18 80 0 8674
84 63 1 9716
38 44 1 7746
68 67 1 3652
70 93 1 1402
25 82 1 1264
37 68 0 9063
5 72 0 8041
1 32 0 1505
95 39 0 1766
43 88 1 2585
8 26 1 5332
61 25 1 4825
5 52 1 9389
98 23 1 5772
22 63 1 1401
60 67 0 5940
44 100 0 93
11 30 1 4179
48 42 1 446
24 15 0 1802
84 25 1 1724
2 23 0 9210
10 13 1 3183
6 76 0 7072
84 7 1 482
6 71 1 1413
96 77 0 4484
19 3 1 8193
56 47 1 9059
51 74 1 8025
53 38 0 7788
41 52 0 1039
69 85 1 2155
10 66 1 9853
55 9 0 1771
1 31 0 9590
51 77 0 2350
52 80 1 8736
47 86 0 222
1 27 0 5434
15 65 0 1472
14 3 1 5858
25 79 1 5825
35 55 0 5695
59 84 0 8393
7 25 1 3548
92 88 0 602
7 27 0 4530
60 51 1 815
63 20 1 5867
15 95 1 9201
4 60 0 1828
22 98 0 8367
7 11 0 5362
48 33 1 9006
95 18 1 9828
44 3 1 6318
77 47 0 3902
34 63 0 9527
39 34 1 7880
40 69 0 368
71 23 1 7557
11 95 1 785
1 94 0 2183
68 8 0 9043
76 57 1 4042
18 87 1 9702
9 55 1 6705
46 81 1 9460
47 14 0 1588
1 83 0 9340
36 83 1 8827
18 33 1 4305
63 58 1 7605
34 18 0 8000
14 67 0 6410
46 92 0 3706
71 56 0 7924
96 64 0 2678
6 26 1 9120
52 33 0 3143
52 18 0 9077
32 6 1 3341
28 86 0 1505
12 23 0 7832
98 82 1 6861
71 38 0 7007
84 38 0 7459
7 82 1 5557
74 95 1 284
57 12 1 5302
53 69 0 9998
54 92 0 2993
76 93 0 3350
66 14 0 9005
8 43 1 2649
40 18 0 9314
63 19 0 1574
63 3 1 4510
64 44 1 4386
3 33 1 7719
66 58 0 2512
69 90 0 971
88 8 0 4130
88 98 0 6491
8 21 0 2473
90 65 0 4676
16 42 1 9849
52 8 1 3425
96 4 1 8876
88 59 0 992
10 2 1 2046
7 2 0 302
91 78 0 2241
95 63 1 9184
61 58 1 1664
61 18 0 3754
11 18 0 8678
53 16 1 2370
61 57 1 1544
69 75 1 90
79 69 0 9838
78 68 0 1475
97 38 1 7253
82 7 1 4833
95 61 1 6098
71 40 0 138
8 33 0 1972
40 59 0 3361
81 43 1 8412
37 56 0 9529
46 10 1 60
83 4 0 820
78 79 1 1399
75 81 0 8877
52 97 1 79
72 34 0 1088
46 69 0 632
76 71 0 9222
13 100 0 2125
42 49 1 7625
65 95 1 9314
75 20 1 2204
74 15 1 7326
43 79 0 452
3 31 1 6064
42 74 1 77
12 49 1 7146
76 72 1 2735
39 44 0 6520
56 22 0 8952
43 68 0 2417
75 96 0 7278
1 85 0 8512
46 28 1 8788
100 57 0 9314
42 7 0 6121
62 15 0 8824
73 38 1 5437
99 72 0 8676
57 45 0 1064
9 61 1 7161
49 77 1 9492
24 58 0 5773
77 36 0 4897
55 83 1 5684
7 17 0 502
11 71 0 6909
40 1 0 9320
32 4 0 4307
52 53 1 1437
40 11 0 895
42 10 0 3452
30 92 1 7794
36 60 0 5164
43 66 0 8081
31 97 1 5572
16 57 0 6106
51 53 0 3495
88 23 0 2170
43 17 0 9209
84 26 0 2490
19 74 0 395
96 87 0 8972
28 92 1 8546
21 52 0 8346
59 56 1 6163
89 44 0 2494
1 46 0 4299
98 76 1 2862
7 61 1 6946
99 96 0 6503
91 87 0 1762
97 8 1 1866
66 73 1 7477
42 32 1 6521
21 58 1 8705
45 54 1 5867
9 30 1 1526
26 87 1 3700
14 71 0 2264
89 91 1 1718
84 5 0 9095
3 92 0 6773
28 12 1 9555
25 41 1 6581
9 50 0 8968
86 36 1 2242
18 16 1 5076
63 69 1 1984
83 44 1 2420
81 70 1 9491
13 9 1 8496
65 52 1 7870
11 61 1 276
39 30 0 9046
29 19 0 364
20 77 0 5427
36 45 0 9093
72 54 1 216
69 49 0 3161
41 28 1 7778
75 4 1 3615
12 81 1 8421
87 45 1 7959
34 16 0 4792
52 36 1 5802
23 76 0 3031
64 41 1 2180
66 15 0 5946
53 79 1 2454
20 70 0 2356
53 32 1 6489
81 68 0 1888
39 17 1 1868
54 73 0 3256
99 22 1 8313
10 34 0 6042
25 16 0 3436
47 89 0 468
21 48 0 1797
97 42 0 5639
48 38 1 4897
62 99 1 8092
64 35 1 1433
72 79 1 5744
44 27 1 2723
11 24 0 3343
20 53 0 5084
58 25 1 5806
80 45 0 8354
30 99 1 3670
71 69 1 9127
74 99 0 8085
64 76 0 2987
84 97 0 5909
100 11 1 7998
35 6 1 1416
35 83 0 5158
52 77 1 8697
64 62 0 5303
85 39 0 7912
63 17 1 5718
74 16 0 1763
29 6 0 6931
4 95 0 2746
42 40 0 231
38 59 1 4865
65 59 0 9243
7 15 0 4467
28 40 1 4658
41 93 1 315
29 98 0 2914
3 27 0 2013
46 76 0 1269
14 97 0 438
7 70 0 4021
85 36 0 4764
13 41 0 5914
99 32 1 9565
24 1 1 3998
1 90 1 2790
30 22 0 5799
6 52 0 7657
40 8 1 3558
89 18 1 7242
74 60 1 3531
73 47 0 9485
5 91 1 8256
77 48 0 7769
62 18 0 656
2 10 1 3490
15 79 1 43
50 72 1 2687
44 65 1 6832
50 32 0 4033
43 35 0 2886
23 3 0 8083
4 29 0 3324
15 27 1 9453
70 56 1 2010
17 48 1 4250
85 67 1 8558
93 56 1 7452
79 25 1 9185
29 15 1 9878
87 41 1 4307
98 28 0 7076
36 37 1 6117
99 88 1 2480
41 44 0 6789
95 28 1 9265
85 34 0 3171
38 15 0 308
25 30 0 2788
29 1 1 4622
21 71 1 3811
71 36 1 8509
47 67 1 793
82 83 0 2008
83 85 1 2709
65 34 1 9807
99 92 1 4365
46 58 1 7875
44 28 0 188
30 17 0 9833
5 93 0 4049
93 65 0 7014
7 56 0 2080
62 49 1 3
26 7 0 1131
52 24 1 740
90 49 1 2978
34 64 1 1216
48 53 0 9486
59 8 1 6582
68 9 1 8419
19 8 0 1508
20 73 0 6685
46 53 0 8181
38 87 1 103
36 2 1 8920
40 35 0 3953
92 79 0 4278
34 25 0 3639
26 35 0 2736
50 53 1 7175
28 30 1 3756
67 48 0 4095
47 81 1 2744
40 12 0 1287
3 88 1 222
21 31 0 1821
24 5 0 6954
50 27 1 8797
2 3 0 4922
35 80 0 9894
27 90 0 9494
80 100 0 6235
73 60 1 5793
58 86 1 6937
3 81 0 6217
28 23 1 4414
23 71 1 3380
9 59 0 5703
50 100 0 9174
11 14 1 6455
64 53 0 7458
32 25 0 4931
39 78 0 7754
44 95 1 7432
96 91 1 811
59 65 1 3486
69 2 1 9412
78 87 1 2182
1 53 0 982
30 83 0 832
29 90 0 2910
91 88 0 2052
80 30 0 9722
71 97 1 3689
73 20 0 1386
39 11 0 7259
95 13 0 9434
46 50 1 9950
38 17 1 9334
69 27 1 8307
11 99 0 1931
84 71 1 7596
35 45 1 6032
7 73 1 9922
60 36 0 77
62 87 0 42
93 99 0 2808
18 86 1 9646
92 82 1 1738
65 47 1 5594
3 10 1 1758
65 87 0 3417
11 26 0 6684
94 26 0 2327
30 54 1 2663
100 3 0 5214
77 34 0 6913
15 83 0 7723
28 60 1 2009
73 24 0 7474
79 26 1 2687
77 2 0 4875
63 21 1 3292
25 11 0 7513
90 27 1 1759
6 78 0 8489
35 21 0 5338
50 48 0 3672
50 43 1 2949
87 55 1 6919
51 70 1 9486
81 22 0 829
93 80 1 6643
99 56 0 5813
95 81 0 1838
39 75 1 9628
86 61 0 500
13 14 0 8038
43 80 0 4577
84 91 1 6951
29 14 0 2387
90 55 0 2229
76 27 0 3716
62 10 1 70
13 30 0 9872
29 48 1 2945
4 85 1 1305
81 71 1 5852
26 13 1 9572
96 30 0 2908
34 79 1 3460
42 56 0 7526
56 48 0 2055
8 12 1 1975
77 15 0 2580
16 50 0 9560
65 14 1 552
23 79 0 6823
61 97 1 3559
6 34 1 8770
99 84 0 5550
14 72 1 2009
3 21 0 2761
29 77 0 7301
45 96 1 9239
7 34 1 7903
52 56 0 9997
74 100 0 6216
57 19 0 2438
75 54 0 8377
16 31 1 660
68 27 0 7045
12 76 0 1136
70 11 0 4970
55 78 0 4236
49 23 0 3105
91 90 1 8136
36 17 0 7678
61 63 1 154
41 3 1 1760
73 16 0 3194
84 32 1 8717
99 69 1 5274
8 62 1 2908
28 87 0 8921
78 43 1 1424
77 87 1 495
29 24 0 3370
67 35 0 6642
84 90 0 142
66 17 0 2035
23 2 0 141
51 76 0 7159
79 97 1 8603
6 22 0 2071
39 21 0 2557
83 56 1 7406
64 5 0 3167
40 99 0 3210
53 20 0 2268
66 8 0 8242
41 77 0 8022
18 88 1 3771
98 70 1 7109
55 20 1 1654
32 60 1 3855
5 7 0 5131
76 61 1 7672
7 41 0 1101
24 34 0 5170
88 50 1 4190
96 58 1 2245
91 30 0 4280
85 63 1 6530
38 13 0 3234
10 70 0 6554
40 36 0 7146
10 32 0 9422
68 49 0 5901
45 22 1 4427
3 11 1 6669
6 58 1 1061
25 48 0 9975
35 38 0 231
38 50 0 9212
39 80 0 3336
9 66 0 3261
81 3 0 6640
70 35 0 413
78 65 1 1514
60 13 0 5093
65 50 1 2058
90 81 1 5882
22 82 0 2707
74 21 1 3162
27 62 1 8331
71 42 0 9636
33 79 1 9678
84 80 0 4689
51 17 1 6470
35 72 1 6703
53 92 0 6092
34 23 0 1478
58 14 0 5214
12 32 0 7388
63 28 1 6652
64 72 1 5825
99 62 1 634
46 52 1 8957
98 54 1 4042
7 72 0 9190
57 13 0 5094
63 31 0 1714
100 34 1 7934
80 31 1 3891
62 23 1 7543
93 21 0 5339
30 61 0 8755
75 33 0 4627
52 17 1 4407
55 73 1 2806
45 20 0 1075
40 44 0 4210
30 9 1 2898
17 46 1 5742
61 93 0 54
99 90 0 4601
23 59 0 6204
52 75 1 2108
82 37 0 5757
86 60 0 5932
22 68 1 8133
89 10 0 1207
19 75 0 389
100 62 1 3157
33 19 1 4867
7 44 1 1784
70 43 1 9152
64 71 0 3426
10 23 1 2362
38 27 0 2573
88 95 0 4342
8 48 0 5919
37 26 1 2134
15 29 1 482
72 22 1 8368
42 58 0 1433
97 24 1 3517
38 58 0 9430
74 50 0 9553
7 78 0 3986
45 91 0 4754
24 14 0 7666
17 30 1 5128
15 84 1 8214
36 89 0 4597
47 23 0 4442
65 51 1 7057
69 40 0 7435
87 66 0 8056
86 16 1 9461
67 94 0 255
37 23 0 1857
58 30 0 1826
31 92 1 7248
66 77 1 3762
14 44 0 4701
28 20 0 2848
65 69 1 1215
18 69 1 8078
88 1 1 2341
8 11 1 2633
67 18 0 1482
73 43 1 847
52 64 1 6767
70 28 0 1338
65 84 1 3306
10 74 0 3612
13 2 0 8269
65 61 1 7343
6 15 1 6653
63 46 0 674
100 22 0 353
9 4 0 4740
96 35 0 4676
59 78 0 8805
18 61 1 486
22 66 1 9387
81 27 0 2091
42 39 0 7901
27 40 0 635
9 88 0 755
75 26 0 2393
34 53 1 2118
21 55 1 2540
61 62 1 2062
12 52 1 802
88 66 1 5236
2 76 1 7260
34 89 0 5350
68 51 0 5469
71 37 0 1553
81 28 0 1032
99 4 0 8350
81 45 1 9218
28 22 1 991
36 48 1 7799
21 90 1 1852
6 7 0 366
36 33 0 7703
63 87 1 5997
66 65 0 5658
47 97 0 1533
13 99 1 1856
62 12 0 7767
16 44 0 9797
23 24 0 8959
96 34 1 352
90 40 1 5234
73 3 0 6685
39 25 1 5000
50 52 0 8420
33 72 1 7276
35 30 1 1836
39 54 1 9000
77 16 0 2880
77 27 1 9365
81 11 0 4246
3 23 0 1346
5 97 1 8634
58 22 1 5907
77 81 0 1480
14 38 1 7130
4 41 0 8674
31 48 0 2969
9 34 1 1074
9 89 1 9773
43 74 1 9915
77 44 0 5920
57 5 1 9610
75 64 1 9220
5 62 1 870
35 95 0 6057
31 11 0 1232
92 38 1 4372
37 99 0 8129
65 46 1 2695
82 58 1 6210
53 46 1 7019
81 93 0 5452
29 16 0 1706
56 49 0 3921
77 93 0 7735
95 76 0 1514
5 80 0 2177
30 41 1 5202
41 32 0 7528
87 62 0 3520
34 66 0 4444
56 40 1 5813
82 12 1 1492
57 82 1 8498
83 58 1 353
42 61 1 3628
48 62 1 9540
82 39 0 1810
17 31 0 4287
72 69 1 5855
82 73 0 2923
3 17 0 8809
83 47 0 5891
23 1 0 6984
52 48 1 4483
21 100 0 2901
89 21 0 321
32 90 0 272
63 94 1 6931
86 56 1 9301
49 58 0 3732
23 69 0 2356
43 6 1 3645
7 18 0 4479
10 87 1 5282
39 67 0 4924
86 99 0 147
46 97 1 4073
6 70 0 5537
97 84 1 7970
29 64 1 4840
60 49 0 8928
20 43 1 2079
79 96 1 1568
4 36 1 3663
36 49 0 7853
39 81 0 1485
53 50 1 768
68 96 0 770
91 26 1 4983
32 64 1 5124
28 39 1 9868
43 45 0 3342
99 42 0 9246
64 37 0 9554
85 31 0 37
45 40 0 3042
91 29 0 9686
91 4 1 3110
47 76 0 4783
74 17 1 3059
50 83 1 7207
31 41 0 6041
26 57 0 1602
10 17 1 7729
39 2 0 9087
79 43 0 7736
60 19 1 1032
99 79 0 8887
58 3 1 8333
9 58 0 992
24 11 1 1348
45 41 1 5213
52 99 0 1996
57 10 0 683
92 66 0 9962
81 84 1 9327
68 32 1 1700
40 53 1 9792
35 89 1 1981
71 43 1 7056
92 73 1 4070
34 92 1 1661
18 52 1 8142
43 5 1 6222
28 24 0 8438
1 33 1 5083
14 43 0 1867
61 27 0 9909
64 57 0 5674
40 21 1 5698
32 89 1 3892
13 7 0 7550
72 81 0 3414
87 29 0 4638
37 74 1 8640
46 75 1 5444
45 51 1 2222
2 29 0 6951
97 36 1 7177
86 11 1 1862
35 50 0 2061
30 69 0 6574
64 52 0 6320
95 8 1 138
52 74 1 311
11 100 0 1903
27 96 0 2706
66 28 0 7350
58 72 1 4623
22 62 0 1516
28 29 1 2020
57 48 0 5201
72 21 0 6857
46 83 0 4542
83 93 0 695
15 66 0 5605
12 14 0 7760
11 86 1 6776
11 92 0 3873
15 96 0 1581
48 21 0 1034
69 61 0 6424
96 41 0 9752
15 59 0 143
2 56 0 893
58 39 0 7224
1 24 0 5560
3 25 0 477
77 24 1 5114
51 93 0 9177
9 64 1 9386
59 83 0 6442
5 63 0 4810
11 54 0 1654
61 32 1 7728
47 9 0 5360
92 63 0 7195
25 28 0 1277
79 57 0 3375
64 19 0 8162
26 46 1 8207
80 87 1 1104
71 11 0 7023
70 37 1 1622
20 87 1 9274
21 12 1 4425
61 65 0 4555
76 59 0 5570
9 49 0 4373
16 10 0 1762
39 55 1 2239
43 33 1 8619
25 70 1 183
43 93 1 3885
11 48 0 3862
97 67 1 5209
29 49 1 2682
8 73 0 7797
2 63 0 9054
88 71 1 3941
90 95 0 9523
29 99 1 6939
73 88 0 6431
37 64 0 5582
97 98 1 2706
81 82 1 3749
74 65 1 4793
17 77 0 8241
96 9 1 9003
17 60 0 4219
99 38 0 3684
47 70 0 9574
59 34 1 299
28 98 0 1614
59 80 1 1536
60 27 0 7216
95 96 1 4356
100 84 1 3690
3 97 0 2324
86 96 0 2083
18 68 1 7208
72 45 1 4267
90 63 1 8586
69 4 1 2593
2 52 0 117
67 54 1 9724
53 84 1 7402
78 4 0 2631
10 43 0 5177
44 48 0 4393
15 99 0 3206
68 24 1 4368
72 31 0 8364
70 66 0 5911
91 29 1 8126
66 79 0 1347
100 41 0 7701
24 83 1 452
44 11 0 9637
89 42 1 5723
30 74 1 4906
33 50 0 8795
3 50 0 51
50 79 1 2551
36 50 0 1309
69 34 0 5263
50 59 1 2149
53 43 1 5282
47 2 0 4092
27 48 0 9978
88 28 1 166
69 35 0 652
54 91 1 2066
48 86 0 62
77 31 0 4279
46 99 1 6709
33 66 0 8937
38 42 0 4282
21 63 0 5266
75 57 1 3556
26 42 0 122
33 87 0 9194
25 83 0 2913
81 18 1 1070
81 59 0 536
36 25 0 7242
96 53 1 6317
44 42 1 8855
91 11 0 4055
66 27 0 9477
77 51 0 2521
42 54 1 10
69 65 1 6761
39 1 0 9073
7 35 0 9003
45 52 0 6524
85 68 0 1362
38 100 0 4226
76 96 1 1458
14 73 1 2026
69 100 1 5941
13 55 0 1555
45 77 1 6628
44 58 1 7332
62 79 0 5986
85 91 0 9021
59 32 1 1758
45 55 1 1163
60 12 0 4553
6 10 1 1058
56 8 0 5240
42 21 1 8517
42 76 0 297
18 50 0 7521
34 46 1 3163
92 78 1 2693
29 79 0 3438
59 73 1 7611
9 86 0 2773
37 88 1 2673
53 89 1 3003
16 77 0 9309
66 7 1 5945
38 32 0 9138
87 20 0 9202
55 27 0 8415
72 59 1 9556
78 42 1 5114
88 48 1 8706
60 23 1 6940
36 34 0 8259
1 62 1 4416
94 30 1 1030
30 66 1 5641
36 62 0 8256
76 42 1 7745
84 51 1 124
83 75 0 7975
6 43 0 5295
95 100 0 5699
95 64 0 7057
8 14 1 3731
18 11 0 8989
48 67 0 5534
58 74 0 9107
5 1 1 2499
62 6 0 8394
89 97 0 3539
37 76 1 9879
65 41 1 5634
39 15 1 8519
11 22 0 3488
38 28 1 669
60 57 0 8324
11 37 0 1723
7 79 0 9440
9 75 1 6481
38 35 0 3995
92 45 0 3980
23 92 1 8587
34 49 1 9832
42 63 0 6155
36 6 1 8450
69 97 1 9501
96 23 0 9291
90 41 0 2053
32 31 0 2878
28 17 0 4730
24 56 1 4306
24 32 1 7904
85 5 0 9598
16 1 1 4969
20 46 0 4092
65 31 1 676
55 98 1 9396
4 17 1 2392
35 49 0 7102
58 76 0 4812
71 92 1 7404
77 7 0 8352
6 72 0 8391
50 65 0 7698
10 29 1 651
74 84 1 23
14 35 1 7066
42 92 1 8389
60 11 0 2914
41 91 0 833
38 23 0 3521
83 99 0 3958
29 94 1 5752
77 58 1 5333
85 94 0 8755
79 91 0 2926
58 81 0 3950
84 44 0 5426
9 95 0 8406
54 45 1 4773
46 16 1 94
80 77 0 8257
45 60 0 6829
88 42 1 8942
48 78 1 3140
20 82 0 3142
26 99 1 6578
98 83 1 8242
35 71 1 9780
63 42 1 3249
8 28 1 7632
43 30 0 5348
37 97 0 9881
49 66 1 78
37 58 0 9465
6 91 0 9664
5 18 1 6829
22 47 0 8808
64 32 0 5401
3 45 1 6814
47 54 0 1071
67 69 1 1711
56 71 0 9915
66 56 0 5321
39 22 1 6211
33 60 0 3120
13 3 1 4640
27 21 1 5207
97 99 0 1889
84 52 1 1410
56 65 1 845
38 72 0 6978
40 63 0 867
57 62 1 3494
73 65 0 8540
70 23 1 9652
23 58 0 7910
26 88 1 3637
22 69 0 4303
8 58 0 7713
47 62 1 23
47 46 0 5902
17 4 1 5901
59 17 1 2205
68 99 1 9087
48 30 0 8861
72 42 0 7450
5 9 0 8485
42 55 0 8924
48 17 1 3291
99 50 0 5741
5 85 1 1366
34 54 1 3127
10 78 0 6184
89 75 0 5867
22 32 1 6806
93 60 0 9646
73 54 1 950
33 91 0 998
2 14 1 3294
11 55 1 5278
52 50 0 857
67 87 0 728
91 98 1 8424
61 33 0 6313
3 89 0 6532
33 98 0 4046
84 48 0 1191
62 82 1 140
76 34 1 6476
43 65 1 518
27 79 1 4860
31 56 1 6564
74 56 1 4860
2 8 1 7035
74 38 0 6592
42 62 1 8053
86 58 1 1907
38 6 1 7136
88 18 1 4314
76 56 0 8565
97 76 0 4153
80 44 1 2944
6 35 0 6962
23 60 1 2834
96 20 1 7501
71 26 0 9057
36 86 1 6701
31 6 0 6422
61 75 0 8699
99 80 1 6588
27 52 1 7942
82 79 1 8563
28 41 1 1178
55 67 1 4937
87 59 0 8390
9 92 1 8633
80 92 1 1707
49 74 0 90
20 56 1 413
88 74 1 7290
60 80 0 3913
32 67 0 5585
59 91 1 351
33 74 0 4124
33 64 0 7680
11 10 1 6356
30 58 0 2216
28 45 0 2886
24 25 1 3477
70 47 0 3121
11 74 0 2982
95 53 0 2067
94 53 1 425
46 48 1 9692
9 81 0 8621
30 73 1 2288
46 67 1 6917
70 17 0 5304
4 30 1 4432
57 22 0 3824
24 61 0 1818
42 3 0 3657
70 46 1 656
15 38 0 2720
81 98 1 5300
94 9 1 9952
48 66 1 2215
82 43 0 814
63 98 0 5005
53 72 1 4590
7 59 1 581
10 15 1 3034
11 51 0 2595
82 93 0 9008
93 27 1 2906
94 70 0 2926
5 8 1 5097
73 50 0 3996
72 1 1 9553
60 95 1 8545
39 91 0 7251
71 18 0 5123
31 4 1 1241
11 98 0 9852
39 76 1 8313
86 81 1 2215
55 60 0 5901
56 69 0 736
93 86 1 6778
55 13 0 2050
32 75 1 5481
50 18 0 8018
7 13 0 5509
44 57 1 7708
50 31 0 8522
94 83 0 5613
66 90 0 1296
63 99 0 709
94 25 0 5045
41 72 1 5136
71 24 0 7798
40 7 1 1222
92 62 1 785
58 65 0 2453
25 60 0 8183
91 39 1 8130
9 18 1 2029
42 67 0 2913
37 17 0 8466
1 68 0 5663
30 21 1 4765
52 5 1 2322
70 44 1 3518
25 72 0 556
76 9 1 6453
94 66 0 483
71 61 1 2085
100 87 0 17
51 21 0 2813
58 60 1 9944
42 98 0 2647
88 73 1 7934
83 22 1 3442
33 22 1 1075
4 80 1 1230
85 53 0 6367
5 12 1 5571
58 59 0 6177
75 68 0 2213
32 62 0 1693
5 92 1 5250
36 43 1 9404
77 68 1 6106
19 13 1 1516
2 46 1 9205
90 37 1 2485
58 34 0 1682
23 72 1 4027
77 94 1 3582
36 54 1 9067
53 31 1 8205
59 40 0 5625
72 14 1 8003
99 65 0 684
2 25 0 4370
86 68 1 5754
21 9 1 8751
18 24 1 5527
73 79 1 2671
95 79 1 9962
66 2 1 3776
71 45 0 5489
68 35 1 5610
95 37 0 3352
74 49 0 7839
47 78 1 8841
21 10 0 3826
65 54 1 5026
68 42 1 256
91 1 1 4100
93 33 1 64
2 5 1 6801
74 1 1 5597
12 34 0 8008
74 44 1 6371
35 70 1 1800
19 48 0 3934
12 73 1 9961
7 40 0 5017
15 75 1 8077
94 21 1 5306
99 82 0 2813
76 53 0 7015
63 47 1 9581
79 89 1 339
25 6 1 1635
57 81 1 4777
35 83 1 1119
70 98 1 5949
9 68 1 2866
68 19 1 2367
69 77 1 4695
96 85 0 2944
25 97 1 6215
77 59 0 2930
34 43 0 6041
28 100 1 3199
8 95 0 1721
30 96 1 6456
20 22 1 8343
90 26 0 8146
79 13 0 157
83 25 0 5599
39 5 1 9631
13 97 0 1279
32 8 0 6829
74 55 1 7954
59 28 0 3095
42 47 0 2957
2 83 1 4886
68 79 1 8409
5 99 0 8239
96 98 0 3549
86 78 1 628
2 61 1 9794
29 7 1 387
49 84 0 3858
46 23 0 765
65 18 1 2195
15 23 0 4606
64 4 0 9514
76 8 0 2157
58 100 0 1868
92 58 0 7390
62 42 0 3088
25 56 0 965
20 84 1 9724
14 85 0 2156
46 94 0 2012
75 92 0 1090
74 53 0 8668
87 23 0 1370
54 61 1 1600
93 7 1 8397
90 47 1 2
23 99 1 1590
50 19 0 6340
32 38 1 6915
68 31 1 4417
74 30 1 5781
99 52 0 5541
21 68 0 5921
3 6 0 2353
13 50 1 8255
44 75 1 9452
9 8 1 2650
79 75 0 7342
8 53 0 7494
76 86 1 6817
48 40 0 6986
63 82 0 5952
85 14 1 1424
98 69 0 723
100 14 0 9610
67 10 0 4402
80 27 1 1894
44 77 0 321
27 28 0 8356
77 64 1 6511
29 76 0 8395
45 16 0 7916
57 37 0 2587
44 54 1 5166
70 9 0 2824
77 91 1 9500
91 81 1 7929
88 36 1 4212
47 42 0 4864
17 41 0 9858
40 24 1 9870
43 92 1 4140
30 77 1 5608
94 42 0 6851
37 25 1 3698
55 40 1 3252
67 5 1 1439
39 79 1 3635
3 64 0 389
60 5 0 1209
6 42 0 212
90 76 1 3754
72 18 1 4501
8 93 1 4273
9 97 0 9668
33 97 0 2484
37 72 0 3746
41 89 0 4166
29 78 1 8082
58 29 1 5459
28 16 0 1420
61 60 0 1889
38 48 0 4087
90 86 0 254
7 16 1 6144
63 65 0 5115
79 94 0 8097
31 64 1 1179
29 85 0 6641
99 25 0 327
24 55 1 4788
56 44 0 7155
57 4 0 7854
40 35 1 609
2 74 1 9844
34 77 0 4487
56 26 1 6169
70 50 1 9105
21 76 1 1415
77 38 1 9263
