100 7234
47 90 1 3209
98 18 1 2386
42 92 0 4054
61 49 0 9523
30 1 0 8758
22 44 0 5965
83 32 0 6890
15 63 1 8120
32 61 1 5982
39 95 1 2067
36 92 1 1810
39 9 1 114
27 61 1 2320
60 86 1 6336
21 89 0 3171
35 67 0 4718
78 41 1 9462
69 93 1 9057
42 53 1 10000
39 14 0 1526
8 73 1 6602
5 50 0 1876
43 61 1 2693
48 20 0 7029
27 90 0 8030
25 78 1 4186
85 96 1 126
2 89 1 5316
29 66 0 6554
49 3 0 923
92 35 1 5045
66 44 0 3027
27 20 1 8925
16 20 1 1850
62 27 0 5393
93 7 0 2548
42 66 0 9123
80 60 1 1606
49 92 1 4165
22 62 0 5979
63 81 0 2103
49 7 0 235
12 66 1 7464
72 15 1 5602
56 30 0 7180
58 9 0 2233
59 55 1 338
59 34 1 364
55 57 0 3412
97 40 0 7153
25 12 1 5306
23 58 1 5810
19 51 1 4704
64 60 0 8701
49 21 0 5258
94 25 1 7654
73 83 0 1392
57 25 1 5873
71 59 0 2629
89 38 0 6423
80 68 0 3154
22 65 1 7730
39 33 0 8946
92 44 0 442
73 40 0 7683
14 3 1 1958
95 49 1 4706
1 73 1 3280
78 48 0 3723
98 58 0 1423
28 74 1 4713
82 91 0 6393
18 72 0 6706
81 15 1 5689
26 95 1 6563
66 70 1 8320
29 30 1 2481
94 39 0 1481
38 84 0 251
77 30 1 1279
10 92 1 5795
95 56 1 9742
62 4 0 4249
87 3 0 7717
86 32 0 2559
3 50 1 1998
31 28 0 3104
61 82 0 1644
24 57 0 6188
45 23 0 6249
37 65 1 414
86 30 0 6760
51 11 1 3251
73 54 1 1365
55 13 1 9900
96 18 1 5452
60 29 1 3629
94 20 0 5334
79 87 0 5988
75 69 0 6944
28 24 0 7816
94 85 0 1975
8 60 1 7097
67 74 0 5118
52 72 0 8555
80 16 1 3462
6 19 1 4904
68 26 1 2672
49 67 1 8595
98 66 1 9268
63 50 1 3699
66 47 0 6982
44 76 0 4289
25 91 1 8871
20 2 0 1190
75 56 0 4737
30 24 0 1697
20 64 0 1340
45 81 0 5496
23 36 1 1196
83 69 1 5412
44 21 1 2350
43 74 0 1914
11 58 1 3547
3 28 1 6753
26 17 0 734
14 78 0 3395
41 1 0 6721
3 17 1 7354
19 57 1 3294
27 35 0 1159
16 21 1 6512
33 37 1 8215
7 65 1 381
28 45 1 1875
71 63 0 2019
68 69 0 8068
98 85 0 6047
1 34 0 9095
59 62 1 3350
73 15 0 2869
96 58 0 8869
57 40 1 402
42 49 1 2698
56 73 0 8282
52 69 0 2067
97 26 1 4905
26 70 1 7427
94 96 1 2290
21 53 0 3232
69 45 0 5948
75 59 0 5642
93 78 1 5829
49 94 1 1706
78 47 1 7708
57 54 1 9977
97 78 1 6901
88 36 0 1141
92 68 0 593
38 82 1 9115
86 59 1 6518
58 51 1 2161
20 51 1 8325
49 52 0 3310
69 89 1 1055
10 81 0 64
8 90 1 8448
99 35 1 1247
11 14 0 4689
52 98 0 478
86 33 0 4001
74 88 0 8432
94 78 0 1502
93 34 1 7844
59 32 0 9464
88 34 0 810
84 88 0 9038
58 87 1 3766
11 85 1 3570
26 90 1 1293
89 73 0 1324
64 28 1 8628
78 61 1 317
71 78 1 2259
12 68 1 1481
94 8 0 9629
74 22 1 2532
76 51 1 8804
28 33 1 8925
39 37 0 9781
83 79 0 4304
95 37 1 845
44 83 1 7323
85 44 0 7356
37 15 0 245
10 59 0 7469
25 14 1 4812
18 39 1 4968
9 24 1 8623
90 65 0 7848
64 18 0 2931
31 99 0 4517
51 84 1 1351
13 99 0 8924
96 68 1 8340
94 52 1 8865
30 95 1 217
81 45 0 8544
77 36 1 7288
19 95 1 8278
79 13 1 9888
37 42 1 2763
56 70 0 6767
42 54 1 6334
57 14 0 4597
40 87 0 8
3 63 0 6631
68 79 1 7818
81 85 1 7805
27 92 1 7364
44 59 1 9554
73 78 1 3335
48 57 0 5838
9 14 1 3613
91 70 1 5511
9 18 0 1258
17 48 1 1617
97 7 0 5210
58 36 0 1662
36 76 0 4381
9 47 1 3437
95 28 0 6219
9 7 1 5031
57 5 0 5995
81 80 0 2466
28 36 0 172
13 18 1 4551
52 90 1 5975
29 59 1 948
29 3 0 8668
21 1 1 2437
96 93 0 9759
13 93 1 8494
86 34 0 8107
17 6 0 1187
49 14 1 9901
2 33 0 8340
3 6 0 8931
64 33 0 1256
61 46 1 5979
16 32 0 1235
26 3 0 803
78 74 1 2090
80 58 0 107
41 21 1 5654
42 91 0 3665
97 72 1 5894
56 82 0 8332
61 95 1 607
44 69 0 5280
61 29 0 2016
81 69 0 87
31 79 0 1465
100 20 0 3415
9 96 1 6200
90 50 0 3446
19 14 0 9816
64 95 1 39
3 53 0 3961
84 53 0 6538
29 48 0 9214
83 89 0 4347
13 74 0 2705
15 93 1 8132
46 65 1 2442
31 1 0 4589
33 12 0 2035
98 22 1 5982
82 78 0 2842
33 95 1 3855
84 34 1 7779
12 45 0 8541
27 84 0 6362
4 79 1 9597
30 58 1 2750
99 5 0 4897
25 19 1 4875
16 37 1 9990
88 71 1 4356
26 27 0 4129
78 8 0 5449
61 25 0 222
47 98 1 9646
14 36 1 3277
11 94 1 6928
91 10 0 2558
18 70 1 6704
39 1 1 7887
58 52 0 3394
80 55 0 9243
7 67 1 7654
46 74 1 886
79 34 1 4072
54 68 1 7497
84 98 0 8594
10 1 1 3792
47 49 1 2484
15 88 1 9025
43 23 1 7779
72 22 1 4291
42 43 0 1261
56 42 1 527
43 33 0 9438
1 68 1 2184
26 96 1 5192
84 46 1 110
20 88 0 3457
17 39 1 4174
13 41 1 8023
99 53 0 2928
15 84 0 3735
16 47 0 9864
85 19 1 4789
20 60 0 2958
72 12 0 1789
91 66 1 1835
59 4 1 3121
37 8 0 5078
98 11 0 8754
6 23 0 2525
12 82 0 7082
45 67 0 8927
17 36 1 6862
14 72 0 2330
62 23 1 4150
23 53 0 3550
51 7 0 4831
90 58 0 3505
97 48 1 2403
60 16 1 5575
6 58 1 1365
33 81 1 8492
54 12 0 9978
4 84 1 9958
28 82 1 2895
93 35 1 1894
88 14 0 8406
75 18 1 569
61 89 1 3455
71 38 1 8907
51 96 1 7243
22 13 0 9296
25 87 0 436
85 15 1 6455
82 81 0 1640
63 10 1 4896
17 98 0 8892
100 34 1 3753
11 22 0 7809
88 98 1 6380
36 91 0 9460
16 83 1 8038
45 19 0 9763
65 12 0 387
84 6 0 3352
15 45 1 9589
43 28 1 864
22 10 1 7320
66 71 1 3459
31 7 1 6027
69 12 1 3938
79 38 0 667
57 77 0 6078
78 10 1 3660
40 56 0 6932
76 85 0 9163
63 100 0 3233
67 53 0 9419
99 94 1 3016
50 33 0 6013
29 24 0 5169
36 40 1 5172
78 84 1 3536
45 43 0 6730
7 91 0 8749
56 72 1 2147
39 10 0 631
93 83 1 2037
92 86 0 634
93 33 1 7841
18 52 0 7116
95 3 1 9662
62 42 1 4958
26 4 1 5693
45 68 1 9501
42 73 0 5631
14 96 0 4185
52 84 1 2838
6 72 0 6913
85 75 0 3244
36 2 0 6783
42 82 1 7750
14 38 1 5386
100 30 0 582
24 56 1 28
4 32 0 8758
64 90 1 2953
15 7 1 8044
77 34 1 297
13 63 1 6817
32 87 0 7497
9 78 1 5018
61 18 0 1944
49 25 1 6148
71 23 1 1703
72 83 0 2204
48 10 1 5274
90 82 1 5496
79 76 0 795
85 37 1 3925
89 59 0 4795
54 11 0 5390
84 47 1 7862
97 82 1 8902
15 29 0 5211
40 91 1 3251
61 22 1 8442
48 40 0 4260
17 32 0 6827
97 81 0 7446
82 27 1 9807
62 2 1 4460
84 70 0 7756
44 77 0 1139
34 79 1 8574
9 76 0 8220
78 66 0 6852
61 39 1 3706
40 45 1 5914
28 39 0 8863
23 4 0 1337
24 67 0 6344
37 87 0 2604
55 24 1 1421
17 66 1 8943
80 50 0 7364
19 32 0 4316
34 87 1 8059
70 63 1 1548
26 23 1 2145
13 16 0 2571
99 85 1 627
57 19 1 5216
56 25 0 194
56 51 1 1868
23 71 1 516
21 16 1 1873
93 5 1 6730
71 62 0 5222
50 69 0 4015
64 30 0 9645
2 86 0 3992
92 67 0 9110
12 25 1 8024
41 61 0 5045
60 53 0 7034
5 95 1 4991
82 36 0 4038
99 91 1 1544
28 100 0 5441
57 80 1 3297
67 22 0 8367
19 17 1 9468
43 70 1 71
100 32 0 8562
77 66 1 3832
53 40 1 7860
91 74 0 2809
73 9 0 7147
88 94 0 9182
76 15 0 2986
39 26 1 7669
98 15 0 88
54 56 0 5746
71 26 0 8619
44 97 0 7383
78 69 0 7291
68 55 0 8505
22 55 0 748
15 48 1 712
8 4 0 9115
78 38 0 6710
87 53 1 5279
87 26 0 9051
10 82 0 5835
48 38 1 4251
51 94 1 9626
84 96 1 8370
67 66 1 695
7 36 0 2640
7 70 1 7674
50 89 1 4052
75 51 1 4013
55 54 1 5279
86 66 1 6581
57 1 0 117
78 91 1 288
23 45 1 3568
26 84 1 9310
12 28 0 8685
46 21 0 4080
75 9 1 857
51 64 1 9364
77 79 0 3336
65 57 1 3906
33 55 1 4286
43 27 0 914
18 85 1 6242
13 78 0 8733
96 84 1 3101
43 97 0 5465
59 51 0 2248
43 67 1 878
5 6 0 8925
24 97 0 8724
11 60 1 9483
27 77 0 3056
40 90 0 4102
18 14 1 9102
93 63 0 8379
40 68 0 2843
28 34 1 6154
45 47 1 2489
97 85 1 4352
77 33 0 5735
24 91 0 9778
93 2 0 8104
64 100 0 3058
70 54 1 3617
42 27 1 7334
19 66 1 3444
39 50 1 156
60 73 1 7640
46 98 1 8749
35 54 1 5343
72 2 0 2967
11 98 0 9644
8 81 0 95
59 27 0 5101
52 11 0 4509
51 69 1 2433
59 35 0 460
86 39 0 4554
27 15 1 1827
14 57 1 4927
25 20 1 967
3 55 0 4707
48 31 0 5189
57 79 1 3261
11 42 0 239
3 83 0 1179
45 80 1 2786
44 27 1 9644
94 36 1 6830
74 99 1 4815
84 12 1 2404
59 84 1 3563
19 13 1 1822
5 59 0 4300
39 6 1 2772
44 86 0 82
19 93 0 3892
22 11 1 1939
6 74 1 420
14 94 0 145
16 9 1 5436
78 81 0 7440
50 81 0 673
96 9 1 1987
20 14 1 9688
88 65 0 9952
82 14 1 6708
28 49 0 7789
88 100 1 8461
55 39 0 5710
10 8 1 7220
93 66 0 5447
79 33 0 1802
33 9 0 4469
32 1 0 8968
39 40 0 2196
53 50 0 8643
69 41 1 8519
54 21 0 8937
100 18 1 9790
81 37 0 8598
58 46 1 5324
35 4 1 7065
98 44 1 8839
12 55 0 824
87 15 1 9659
63 17 1 2543
42 62 0 7314
54 76 0 5180
37 50 0 1807
57 30 0 9986
82 55 0 5670
55 23 1 832
17 85 0 2282
26 35 1 8844
29 17 0 2164
7 58 1 546
80 75 0 5975
30 40 0 9367
40 79 0 2019
11 65 1 383
89 67 1 3743
60 32 0 6744
99 29 1 5126
80 87 1 4533
42 86 1 3897
78 55 1 8184
18 4 0 4466
94 16 1 8873
79 50 0 4467
76 87 0 185
2 9 1 2383
49 50 0 2490
41 63 1 8761
29 82 1 7757
31 53 0 8479
73 58 1 7059
13 70 1 2680
17 58 1 5353
12 86 0 7812
1 46 1 7395
62 55 0 3015
76 37 1 7688
17 27 1 5946
5 35 1 4497
28 92 1 3269
60 21 1 2872
7 82 1 1553
60 97 0 5469
2 35 1 3474
81 70 0 208
3 21 0 9888
95 68 1 56
40 43 1 1381
87 88 1 6620
52 57 1 6887
55 67 0 7148
90 57 1 8827
29 87 0 4637
59 61 0 572
20 38 0 8466
68 87 1 634
69 100 0 3940
35 56 1 9471
91 60 1 6022
81 62 1 4516
89 90 1 7874
51 60 1 9996
89 54 1 3062
80 77 0 9107
20 78 1 5573
18 76 1 5561
48 35 0 8761
72 29 1 9119
41 52 0 9208
88 33 1 9816
51 20 0 2667
1 22 0 2073
19 30 1 1827
93 65 1 2966
40 71 0 5887
58 86 1 3267
43 44 0 6421
78 88 0 9979
82 50 1 909
51 2 1 9572
55 14 0 9789
64 41 1 1129
32 95 0 3738
36 79 0 1582
83 48 0 1975
40 17 0 7673
69 94 1 6669
61 55 1 3082
28 18 1 9680
16 54 0 1391
18 86 0 2846
31 75 1 3153
44 47 0 3465
45 5 1 7499
27 41 0 5341
70 66 0 9007
30 6 0 6883
100 38 0 1834
89 1 0 6567
65 82 0 1622
67 75 1 5998
89 24 1 4282
84 43 0 6917
49 32 0 4723
33 28 1 8189
16 11 1 616
89 83 0 4761
59 91 0 4465
95 88 0 5045
49 45 0 8538
54 23 0 8154
78 39 1 3755
72 4 1 592
49 56 0 3801
80 22 1 6394
97 10 1 3754
90 68 1 117
16 59 0 3806
28 78 1 1264
31 96 0 1495
65 69 0 4578
46 56 1 6801
65 17 1 5512
31 68 1 563
47 70 0 5072
7 5 1 8463
56 97 0 1985
56 92 1 6872
87 70 1 1655
96 5 0 6
5 8 1 1991
29 89 0 4586
83 26 1 5087
60 66 1 6946
100 55 1 5912
98 1 1 8544
97 65 1 284
64 79 0 5535
73 34 0 4257
20 57 1 5365
22 16 0 7611
7 33 0 1213
96 73 1 2652
72 75 0 5052
17 20 0 1028
6 65 1 8529
16 76 1 9522
30 54 1 6986
58 48 0 4336
42 69 1 9197
49 90 0 2703
1 50 0 3459
17 64 1 2181
58 80 1 4456
91 100 1 9703
12 26 1 5669
82 66 1 814
36 84 1 6091
55 28 1 8960
17 74 1 5671
90 94 0 6421
6 45 0 9885
55 30 0 1509
13 87 0 1113
69 39 0 5334
37 26 1 8978
58 83 0 5137
58 30 1 396
63 47 0 2392
92 25 0 2607
91 96 1 2220
27 37 0 727
39 62 0 8719
90 69 0 9374
10 18 0 1773
100 29 1 3737
69 25 1 5129
40 47 0 3570
31 8 1 8003
42 100 1 7892
41 58 1 4696
30 47 0 4215
44 35 0 563
67 77 0 7553
11 18 0 9426
17 44 1 2455
14 47 0 928
19 88 0 9960
48 58 1 1959
29 54 0 38
35 71 1 5513
58 15 0 9998
1 83 1 5346
80 38 0 1379
50 4 1 1185
54 44 0 5430
65 68 0 7916
69 16 1 6170
54 26 0 7580
32 71 0 6464
35 55 0 8189
98 33 1 8987
77 6 1 7111
96 97 1 121
91 49 0 9467
92 65 1 5646
13 20 1 3212
3 13 0 4711
29 4 1 4413
68 99 1 8633
84 34 0 4376
28 52 1 8390
87 89 1 4761
72 51 0 2870
18 29 1 2727
100 6 0 5576
78 40 0 459
5 93 1 9507
2 64 1 3054
1 43 1 2290
8 26 1 2997
42 81 1 6496
8 72 0 4834
89 42 1 4840
24 25 1 5904
83 24 0 7689
94 83 0 251
55 37 0 4549
57 20 1 9192
100 50 0 3402
28 13 0 7237
62 21 0 7787
40 41 0 587
50 88 0 2622
11 91 0 9619
75 76 0 8943
68 39 1 1766
16 6 1 2006
77 70 0 136
21 25 1 3927
41 66 1 6924
51 72 1 4264
1 19 1 6101
33 46 1 5720
34 69 1 7463
90 60 1 1839
93 26 1 8524
61 86 1 2931
83 76 0 1886
96 69 1 5367
5 21 1 6624
12 30 0 4613
17 34 0 3630
1 26 1 9298
91 3 1 270
52 54 0 7104
86 64 0 968
58 49 1 425
39 2 0 9261
59 50 0 9850
48 4 1 2304
55 66 1 5276
10 85 1 5010
7 88 1 3483
30 20 1 6268
99 81 0 2289
81 56 0 8105
67 88 1 3818
86 15 1 9752
41 19 1 1451
90 9 1 5982
15 57 0 5274
11 29 0 154
80 94 1 2769
79 58 1 912
42 2 1 1438
39 87 1 1207
25 73 1 1346
63 87 0 5165
88 61 1 2933
40 25 0 8135
90 100 0 2530
73 16 1 6977
57 53 0 3268
95 97 1 4693
8 98 0 1801
21 87 1 2396
75 61 1 7557
47 13 0 454
100 85 0 7756
19 41 0 1394
21 65 1 9958
36 79 1 1676
18 98 1 9647
16 10 0 6098
67 4 1 2204
31 47 0 1121
64 89 0 2498
20 12 1 9728
88 49 0 4324
6 5 0 8000
55 4 0 844
46 52 0 6406
2 45 1 4059
57 49 1 5250
70 76 0 6311
90 3 0 4506
14 56 1 6526
55 88 0 5593
56 36 0 7428
18 16 1 7065
93 40 1 9385
91 31 0 3079
72 81 0 2958
63 56 1 1611
52 70 0 9327
92 37 0 7828
79 29 1 1721
15 23 0 4229
95 78 0 1154
17 76 0 7385
33 92 1 3062
83 68 0 8103
48 83 0 9785
78 70 1 330
81 91 1 2041
3 68 0 606
75 88 1 345
47 73 1 7801
13 92 1 2769
100 65 1 8025
92 9 1 4142
29 12 0 4056
38 43 0 2631
77 82 0 7443
65 64 0 4303
74 9 1 6191
45 31 0 3435
86 13 1 3238
1 11 0 6327
25 83 0 4359
56 48 1 7621
96 99 0 5882
22 39 1 5011
22 95 0 8370
40 65 0 3690
22 17 1 4635
89 82 1 4536
70 32 1 8851
46 85 0 5988
66 49 0 2991
72 82 1 7585
47 55 0 2897
35 94 1 5616
38 32 1 7895
70 23 0 5058
83 50 0 512
65 16 0 7118
69 68 0 7601
14 6 1 2127
86 74 1 1869
77 15 1 1253
64 39 0 1921
57 16 0 3490
6 85 0 1895
20 32 0 9504
40 61 1 4066
17 37 1 9610
58 98 1 6786
71 81 0 1749
52 43 1 8354
83 92 0 9166
91 43 1 6508
26 44 1 428
68 10 0 8651
9 52 1 7840
32 86 0 1538
69 59 1 988
92 88 0 8551
42 5 1 1280
86 36 1 6728
4 98 1 61
18 5 0 1951
69 86 0 8652
3 88 1 7833
87 66 0 4312
27 58 0 6915
6 33 1 2597
64 26 1 7003
79 94 0 8793
82 86 0 8729
85 56 1 7270
82 75 1 5849
50 96 1 9991
85 89 0 3342
68 41 0 9540
45 28 1 1738
12 59 0 4210
79 31 1 7248
15 22 0 8376
28 30 0 6826
21 23 0 6803
70 31 0 2625
82 79 1 2259
8 66 0 3936
80 91 1 8321
84 19 1 8411
28 87 1 1053
55 25 0 4787
96 61 1 133
62 19 1 791
87 99 0 9561
15 18 1 8154
57 71 1 3996
64 3 0 4115
96 65 0 4409
40 6 1 4405
8 36 1 2209
68 58 1 7435
55 35 1 387
88 22 1 7025
72 21 0 9806
44 4 1 1424
96 38 1 4582
68 5 0 5031
11 95 0 990
48 63 1 5786
86 4 1 5285
42 9 1 9824
69 97 1 5576
36 33 0 5631
79 41 0 6726
85 67 0 3386
91 86 1 8746
7 80 1 862
50 51 1 2866
65 41 0 3691
97 95 1 5420
19 8 0 6689
91 18 0 2716
74 56 0 5088
7 56 0 7625
40 1 1 2194
27 50 0 2219
51 87 0 7967
100 45 0 1694
32 22 1 6017
94 100 1 4398
34 49 1 3569
81 24 1 394
31 46 0 3741
22 75 1 8169
58 11 1 8333
45 97 0 7309
87 59 0 3853
41 37 1 6623
29 26 0 4852
21 74 0 7821
66 7 1 7919
12 58 1 4343
93 55 1 2801
72 50 0 331
18 47 1 8777
79 2 1 8114
46 12 1 5946
11 49 0 3759
44 19 0 2140
33 42 1 3055
70 49 1 3406
21 10 0 3516
2 58 1 4382
49 55 0 601
93 6 0 4618
2 21 1 5216
26 91 0 8124
99 96 1 1398
64 94 0 6075
77 9 1 5385
61 70 1 315
5 86 0 2436
30 9 0 3118
33 52 0 6179
78 29 0 1987
53 60 0 7042
27 3 1 2448
10 16 0 5811
94 51 0 4436
21 77 1 1679
1 32 1 9870
82 28 1 2343
91 47 0 193
1 56 1 2379
55 2 0 9345
2 43 1 6578
41 68 0 7317
20 4 0 2724
52 92 1 1706
78 73 0 6215
44 87 1 6596
65 74 1 9779
35 93 1 7515
29 94 0 6958
82 7 1 538
92 94 1 7256
78 60 0 9079
43 96 1 640
69 8 0 4284
13 11 1 3816
92 26 1 472
73 62 0 9202
47 51 0 8330
55 15 1 3836
47 71 0 5455
66 36 0 9816
44 71 1 9777
70 15 0 8316
12 27 0 4020
38 17 1 465
76 54 0 8261
9 53 1 2746
33 35 1 1168
56 11 0 2107
17 59 0 9509
20 98 0 8640
45 30 0 4948
85 36 1 2014
41 54 0 7394
20 81 1 1590
8 79 0 2696
8 29 0 8651
83 46 1 9378
35 2 1 2219
18 77 0 8313
46 94 1 484
50 62 0 5036
29 15 1 7248
65 49 1 4298
12 6 0 1709
15 25 0 6443
4 56 0 276
32 91 1 9820
9 91 0 939
45 37 1 2595
59 79 0 1756
4 50 1 61
27 13 0 482
94 89 0 4686
46 43 1 2442
85 32 0 7452
73 7 0 1756
24 71 0 2780
89 95 0 5014
29 31 1 9391
59 97 0 9479
95 45 0 5020
68 53 1 7999
24 11 1 8230
89 51 0 3209
60 100 1 4795
91 81 1 5807
75 37 1 2850
31 87 0 9189
41 48 0 4438
21 2 1 2891
69 40 1 5130
26 18 0 83
72 80 0 8727
10 29 1 9769
98 28 1 6003
43 31 0 7179
23 74 1 7339
91 5 1 9179
19 86 1 4899
55 52 1 5589
58 54 1 7287
31 42 0 7949
84 93 1 6779
65 40 1 794
39 54 0 9373
42 90 1 6335
12 56 1 7684
52 1 1 1908
60 41 0 1902
55 75 1 1241
91 98 1 7912
12 5 1 6480
95 9 0 804
100 31 1 8459
34 18 0 9263
11 96 1 796
39 29 1 6150
81 47 1 233
19 25 1 3127
11 51 1 7969
57 24 1 6674
57 90 0 4665
81 72 1 5816
25 35 0 8745
73 44 0 8398
83 99 0 1594
93 84 1 9374
4 95 0 7210
66 87 1 2903
11 59 0 6024
77 44 0 8751
70 5 0 600
68 24 1 5145
84 92 1 765
27 60 0 5764
1 27 0 7348
93 16 0 9160
49 18 1 5662
76 73 0 8083
6 20 1 6989
41 18 1 2273
9 93 0 627
14 82 1 5700
84 9 0 3358
97 74 0 5765
2 95 1 2038
46 76 1 9100
48 22 0 8577
71 58 0 7323
41 32 0 6292
7 8 0 8756
88 46 1 6780
71 70 0 3616
89 43 0 9924
46 54 1 7654
60 76 0 434
33 94 0 253
30 83 0 1254
37 73 1 2503
76 41 0 235
37 91 0 111
18 43 0 7659
30 44 0 9123
11 83 1 6329
90 5 0 2690
51 21 0 9014
61 80 0 2233
54 50 0 7597
10 34 0 226
82 9 1 8381
96 45 0 1209
26 69 1 4052
1 72 0 7662
6 94 0 7642
78 3 1 3789
21 37 1 7961
23 21 1 4382
92 29 0 2531
15 79 0 8880
13 69 1 9140
59 75 1 8527
95 73 1 4519
84 73 1 5593
37 19 1 7047
68 44 0 6219
67 90 1 2261
14 52 1 7384
96 90 0 9671
50 77 1 1393
1 25 1 956
18 3 0 4229
24 83 1 5071
88 56 0 8212
20 8 0 5633
64 38 0 4054
45 75 1 6424
29 61 0 9158
34 98 1 2215
66 82 0 2142
39 93 1 3325
73 28 1 8200
68 73 1 1471
84 30 1 7026
72 34 0 848
80 97 0 2625
41 4 0 7714
44 33 0 1739
14 62 1 7300
48 81 0 4713
53 86 0 5030
39 83 1 3592
41 72 0 3192
42 19 1 2657
93 51 1 7883
59 90 0 450
10 77 0 4928
22 5 0 261
94 74 0 3550
22 57 1 7236
7 97 1 8768
60 10 1 7045
84 55 1 3008
63 46 0 2912
68 9 0 8094
9 42 0 399
3 90 1 8859
37 24 0 7462
6 38 1 8323
8 51 1 8310
43 21 1 9025
99 27 1 8931
37 78 1 7698
13 79 1 9385
43 58 1 7034
88 45 1 1921
51 40 0 92
63 42 1 2286
31 16 0 1986
67 30 1 8388
14 29 0 6548
24 46 1 6904
13 62 0 4008
8 63 0 4953
70 84 1 2500
85 70 0 4527
35 26 1 6228
52 38 1 6994
95 31 1 4556
69 83 1 245
12 34 0 107
23 42 0 5942
69 28 0 197
24 65 0 9516
58 84 0 2879
6 39 1 1842
47 59 0 3108
94 12 0 3270
65 89 0 286
80 64 1 3597
85 86 1 4523
40 60 1 6363
1 99 1 3317
93 80 1 4629
16 23 0 4429
45 89 0 6211
98 86 1 4262
13 29 1 507
70 48 1 9194
64 57 1 3246
100 37 1 7964
58 33 0 6353
80 95 0 9640
99 64 1 623
13 19 0 1461
12 88 1 491
35 80 0 1907
23 35 1 5269
36 46 1 6789
92 93 1 9960
15 51 1 4949
1 76 1 636
76 78 1 6011
10 4 1 7959
49 63 0 2008
51 89 0 4813
99 77 0 4545
39 99 0 6868
35 95 0 978
23 14 0 3155
3 42 0 5237
78 23 0 4173
33 97 1 692
67 9 0 4541
73 87 1 5585
85 60 0 4458
93 36 1 7664
15 23 1 2511
72 37 0 3386
30 97 0 2022
100 79 0 905
2 18 0 4915
29 73 1 7742
4 13 0 6415
11 47 0 4602
92 22 1 536
59 1 0 3686
94 33 0 3275
83 57 1 5261
47 34 0 6785
55 82 0 449
86 67 1 8783
54 29 1 6114
37 16 1 5680
79 69 0 9102
59 68 1 7386
89 97 1 6789
13 48 0 9571
93 49 0 9164
91 4 0 1709
90 4 1 7193
34 78 1 9616
63 52 1 1184
28 26 0 7733
35 47 0 7425
21 64 0 1520
30 27 0 5456
20 91 1 2846
66 74 0 9397
65 63 0 3506
90 78 0 1534
92 75 0 9822
7 73 0 2191
7 38 1 5093
2 65 1 3613
5 37 0 2189
83 93 0 4605
18 23 1 6561
25 92 1 7033
67 24 1 6474
11 62 1 4830
17 11 0 5822
17 14 1 7773
79 78 0 8486
26 28 1 4730
28 77 1 5326
83 18 0 2935
27 63 1 9953
17 40 0 846
69 61 1 9269
67 55 0 7475
81 82 0 1048
76 26 1 4566
74 42 1 6976
50 42 1 2186
4 78 0 7623
16 61 0 2850
18 2 1 2087
58 8 1 6467
58 57 1 7148
97 79 1 7617
40 66 1 5631
92 57 0 433
93 29 1 9060
95 82 0 1339
16 38 1 3167
96 92 0 8867
85 45 1 9931
4 69 1 8641
79 18 0 8263
63 96 0 8667
26 48 0 7336
99 25 1 5981
31 56 1 9841
34 39 0 1078
89 65 1 5853
34 38 1 277
15 42 1 6416
47 31 0 2462
58 32 1 9527
51 63 0 4141
34 51 0 9253
74 77 0 1102
70 35 1 2956
19 53 0 7551
59 76 0 3881
13 89 0 3450
42 72 0 4965
18 37 0 3955
22 1 0 7452
27 5 1 6907
51 80 1 3897
52 40 0 7771
86 25 0 5537
95 58 0 7582
45 58 1 3351
56 10 1 4174
51 42 0 4698
24 36 1 2752
46 57 0 5018
34 61 0 9380
66 39 0 3995
76 33 1 3935
22 14 1 4672
33 32 1 6055
42 84 1 6577
46 63 1 6893
63 12 0 5126
87 4 0 3364
56 67 1 7760
9 60 0 7504
96 87 1 4413
83 17 1 7820
50 91 1 7392
81 78 1 500
76 91 0 3954
28 85 0 4779
46 31 1 3006
13 66 0 7507
45 56 1 6840
1 31 0 5575
56 58 0 5209
39 12 0 1570
24 74 0 1901
11 97 0 2214
79 98 1 6892
50 53 1 2270
40 83 1 539
97 33 1 9950
62 69 0 1231
98 20 0 1766
49 73 1 1643
76 3 1 8484
65 95 0 7440
76 72 0 7603
17 30 1 9604
69 17 0 4842
38 9 0 9990
41 57 0 4679
27 25 1 6434
28 76 1 8215
6 25 1 7677
45 10 0 6358
54 77 0 3541
21 79 0 7905
59 14 1 3716
34 54 1 313
61 14 1 23
61 54 1 3796
30 71 0 806
69 3 0 9606
44 95 1 7718
53 43 1 636
81 4 1 205
2 7 0 2973
83 39 1 4461
64 42 0 3620
47 43 0 435
47 62 1 8221
78 30 1 1431
47 21 1 7633
19 83 1 4589
9 84 1 1472
52 91 1 3735
79 19 1 5429
38 26 0 5695
62 95 0 9822
81 89 1 8711
40 50 1 1338
11 99 0 6361
27 66 1 293
24 3 1 2882
16 41 1 7723
75 62 0 613
8 83 0 3178
2 37 1 5258
6 67 1 746
68 88 0 7465
52 55 1 3153
20 66 0 2379
5 79 1 9482
84 8 0 9843
29 7 1 399
100 16 0 7450
26 54 1 7223
40 31 0 3845
72 44 1 8349
43 6 1 2982
71 55 1 3210
45 12 1 1342
89 66 0 7627
42 74 0 3431
13 33 0 8477
43 22 1 3350
28 19 0 8350
86 77 1 9033
93 42 0 2648
35 14 0 7946
19 72 1 5504
6 27 1 4921
28 41 0 6033
32 4 0 2676
91 87 1 1999
64 82 0 1412
99 12 0 1127
77 13 0 3680
25 61 1 7220
64 37 0 4465
78 9 0 1264
84 66 0 4108
32 78 0 8406
6 29 1 5184
94 10 1 9581
62 90 1 5355
39 92 1 9352
38 64 0 3393
90 79 0 5712
2 56 0 1272
34 81 1 9787
48 67 1 5453
76 74 0 4739
59 100 0 9528
68 57 1 736
51 73 0 6021
59 60 0 443
25 88 1 5748
88 86 0 5076
88 82 1 1176
22 67 0 9363
35 61 0 4572
13 68 0 5258
94 38 0 7362
83 15 1 6157
42 10 0 7078
5 73 0 6970
99 79 0 2622
44 2 0 7389
24 14 1 4204
13 32 1 6325
22 87 0 648
18 33 1 8547
88 40 1 8651
47 2 1 7027
95 1 0 3018
40 39 1 8385
93 68 0 8389
94 65 1 6269
81 18 1 4598
96 2 1 3464
71 20 0 964
89 76 0 8371
2 92 1 4247
11 45 0 5239
30 43 1 487
54 22 1 8268
50 80 1 8552
23 31 0 2263
5 91 0 7094
79 86 1 8597
89 47 1 2384
1 9 1 3429
100 42 1 9701
49 40 1 5493
94 58 1 4637
64 96 0 5309
72 43 0 5482
24 19 1 4819
4 91 0 9231
61 34 0 5034
80 78 0 6102
11 74 1 5521
71 80 1 2063
19 63 0 8158
32 23 0 7899
60 90 0 9745
67 54 1 9468
84 68 1 8843
39 64 1 4757
26 5 0 9628
49 98 0 3942
98 12 1 2521
49 48 0 4359
87 55 0 5650
44 49 1 2014
56 53 1 7167
38 48 1 8114
71 2 1 8759
77 12 1 120
2 29 0 4459
94 49 1 278
71 61 1 1281
96 43 0 8310
86 1 1 803
97 59 0 7259
1 57 1 9129
80 84 0 8643
4 80 0 7239
89 96 1 2747
13 90 0 2090
74 72 1 2252
81 20 0 2764
75 25 1 6176
81 8 0 6355
82 38 0 9362
20 29 1 6106
78 54 0 6872
78 67 0 4182
94 90 0 8279
7 87 1 7447
24 49 0 124
83 89 1 1838
16 100 0 8282
73 70 0 4567
96 71 1 5844
56 34 0 9370
94 97 1 5385
2 81 1 3470
38 18 1 8745
81 46 1 5342
43 79 1 574
8 65 0 3093
70 60 1 8882
68 50 0 5978
36 56 1 8815
60 1 1 4411
38 29 1 6916
40 89 0 1943
22 89 1 3610
81 57 1 3686
37 75 1 6380
56 40 0 9606
9 87 0 730
9 30 1 2282
98 81 0 5245
5 42 0 4023
45 11 1 7995
96 10 1 3160
60 26 0 4273
25 59 1 3466
37 93 0 2268
61 53 1 8075
20 33 0 2056
50 5 0 9450
84 11 1 2423
98 49 1 7213
29 2 0 5047
81 73 0 9897
19 39 1 5474
15 56 1 1014
71 36 1 3441
86 65 1 8705
94 73 0 9568
40 13 0 4390
62 72 0 1300
66 8 1 9757
28 42 0 2972
43 1 1 9954
93 37 0 3421
69 78 1 9657
25 23 1 6033
63 78 1 1478
45 71 1 2802
34 64 0 9871
42 93 0 6531
42 77 0 3141
59 45 1 4168
66 37 0 6063
82 96 0 5932
24 59 0 849
4 6 0 358
23 100 1 1688
15 10 1 1013
79 54 1 238
73 66 1 7292
8 2 1 8231
88 17 0 3529
15 46 1 2528
21 36 0 7925
71 5 0 5622
66 64 1 4484
6 18 1 2853
16 87 0 1074
2 66 0 3404
95 67 0 9727
20 90 1 5233
64 67 1 8438
100 96 0 1764
61 94 1 6929
86 85 0 4231
91 14 1 7680
69 79 1 839
36 86 1 9460
74 29 1 6871
64 85 0 1150
82 46 1 26
88 5 0 119
89 6 1 7972
63 54 1 9737
1 62 0 4094
12 51 0 2059
62 38 0 1344
36 55 1 6986
7 69 1 1069
73 45 1 333
99 44 1 7879
37 86 1 6048
36 58 1 9595
58 65 0 6811
82 18 0 5144
63 89 0 4971
43 29 1 9940
20 65 1 1715
76 7 0 3630
27 1 0 8001
54 45 0 2676
19 6 1 5195
21 38 0 1384
82 95 1 5084
98 59 1 8198
31 4 1 2349
30 82 1 1219
35 73 0 6928
42 33 0 7365
94 22 1 3576
19 5 0 3732
92 50 1 5220
69 54 0 2551
90 93 0 5219
37 57 1 9243
27 29 1 7165
41 98 0 807
19 2 1 5106
5 100 1 2682
63 39 1 5207
56 28 1 3754
48 47 1 3819
52 79 1 8012
59 82 1 3515
94 9 0 5466
55 63 0 7979
68 59 0 4389
59 53 1 1798
86 26 1 1544
34 15 1 9830
72 76 0 3310
62 66 0 2319
66 75 1 47
46 59 1 4377
90 74 0 2068
38 25 0 6889
27 8 0 2143
2 87 1 3957
13 36 0 5185
77 84 1 8432
36 89 1 2135
55 86 0 2659
59 94 0 420
42 22 1 2054
57 29 1 6041
54 4 1 5497
1 29 0 8277
92 84 1 1517
88 25 1 244
24 47 1 3000
80 47 0 1008
33 43 1 5176
7 9 0 3010
89 18 1 8344
7 14 0 1132
72 87 0 9377
90 14 0 3110
7 43 0 9957
20 47 0 7869
53 44 1 4383
45 1 1 230
95 63 1 9657
75 32 0 9078
20 27 1 2970
75 12 0 7728
87 41 1 2171
59 92 1 8444
61 58 1 550
53 90 1 5590
26 36 1 2244
94 26 1 9641
21 3 0 6113
30 57 1 3543
9 31 0 2176
91 2 1 6925
65 1 1 6861
68 100 0 784
48 99 1 7304
91 19 0 9375
39 51 1 4975
76 43 0 6475
3 34 0 2854
56 60 1 5142
66 10 1 8470
40 58 0 6226
82 71 1 7040
88 41 0 2665
100 48 1 7911
57 9 1 7083
13 43 1 8972
48 90 1 9631
34 40 0 543
77 63 0 2499
85 99 1 443
51 10 0 5608
28 12 1 1776
85 49 0 9502
46 23 0 5633
99 34 0 5014
65 73 1 5391
36 34 0 670
7 34 0 3037
19 3 1 4694
85 21 1 9144
81 22 0 9086
81 77 1 8280
51 47 0 5259
11 93 1 1195
19 75 0 2404
6 78 1 6637
7 61 1 2715
20 45 0 3799
99 41 0 9607
1 17 0 2680
66 61 1 5756
3 69 0 4773
15 28 1 4192
29 78 1 3547
60 57 0 8235
5 74 1 8458
77 38 0 4084
20 93 1 6798
14 45 1 1149
11 56 1 5726
46 16 1 8154
91 33 1 1529
22 85 1 9482
4 34 0 8706
74 53 1 3713
67 91 0 3323
63 21 0 1103
46 86 0 2531
45 77 0 7333
69 11 0 1716
92 61 0 7318
64 12 1 859
34 99 0 9870
58 88 1 7243
92 5 1 7897
83 58 1 4244
61 3 1 2887
3 22 1 2031
70 72 1 9959
58 2 0 6291
3 40 1 9659
37 2 1 9303
29 9 1 3008
46 37 1 5646
67 69 1 1176
23 60 0 2626
90 21 0 83
43 19 1 4458
39 70 0 2392
50 28 0 5243
32 69 1 2513
100 51 0 7124
6 22 1 2668
6 71 0 6424
19 35 0 6428
50 73 0 9831
78 83 1 6400
40 100 1 4279
45 84 1 5307
63 77 0 8862
46 53 1 9756
61 42 0 7778
23 55 0 3235
97 32 1 4324
2 70 0 5184
20 61 0 1983
51 61 1 816
59 83 1 6069
72 70 1 1370
97 8 1 8758
31 90 1 6869
47 54 1 7338
14 88 1 3059
24 16 1 2142
36 3 0 7496
82 39 0 3237
76 96 1 7964
32 38 1 1250
70 30 1 2251
64 45 0 2388
62 94 0 1245
79 4 1 5261
31 72 0 8916
32 59 1 1086
95 52 0 7701
52 95 0 1528
13 49 1 2322
19 59 0 8022
12 65 0 364
41 85 0 5247
88 43 1 8818
26 87 1 4056
94 92 1 7004
8 10 0 9357
44 14 0 4995
93 25 0 2081
34 82 0 5710
43 42 0 6492
56 64 1 8180
10 43 0 3422
6 90 1 4023
38 11 0 3839
54 65 1 1692
41 40 0 5831
1 12 1 7897
56 76 0 9417
48 1 1 3880
23 92 1 291
76 8 1 1887
10 94 0 882
79 16 1 6072
20 68 1 8953
70 6 0 4354
48 5 0 5205
18 73 1 3199
67 37 0 6732
22 43 1 231
48 75 1 9727
27 94 1 3976
41 5 1 190
16 28 1 7506
35 42 1 4729
46 60 1 9028
91 92 0 4287
46 41 1 7865
52 49 1 9265
51 33 1 7624
88 53 0 4036
75 26 0 161
36 29 0 5947
27 95 1 1449
23 29 1 8163
87 72 0 9558
5 12 0 7134
86 97 0 8974
70 69 1 5546
20 15 0 4737
24 21 0 9360
93 54 1 4432
64 17 1 4398
4 63 1 6262
52 30 1 2527
73 37 0 3217
41 90 1 2134
4 62 1 6121
1 24 0 1874
73 84 0 878
23 17 0 113
19 97 1 6554
20 25 1 281
22 83 1 9809
38 30 1 240
40 19 0 9383
47 97 0 1576
50 47 0 8762
10 84 0 2357
59 96 1 1244
18 25 0 1091
100 19 1 4235
52 47 0 4701
20 13 0 1028
59 41 1 7267
48 92 1 8456
67 38 0 4900
13 39 0 4626
75 92 0 155
31 59 0 5826
16 25 1 7292
50 57 1 2295
23 67 1 3056
11 31 0 3316
93 99 0 5830
83 42 1 1504
42 57 0 8650
72 13 1 5151
72 8 1 8124
55 20 1 1808
80 30 0 1709
22 2 1 6002
68 17 1 8773
15 90 1 8449
10 31 1 2081
62 57 0 1891
32 13 0 5867
10 17 1 5089
53 17 1 37
36 80 1 6073
24 39 0 2854
45 62 1 8993
72 64 1 8055
82 32 1 239
4 53 1 2397
96 85 1 5395
89 56 1 948
91 36 0 6328
82 69 1 326
83 14 1 313
61 20 0 4431
29 37 0 9702
23 82 1 5465
49 64 0 5999
53 39 1 57
100 47 0 6797
29 8 1 4168
85 68 0 9312
51 18 1 6541
76 46 0 9567
86 45 0 2722
29 36 1 1548
54 5 0 7215
13 85 1 1734
79 1 0 3089
64 32 1 1431
28 90 1 5815
58 43 0 6052
41 79 1 2388
28 15 1 5514
19 94 0 4328
11 71 1 9856
47 80 1 9927
53 82 0 4023
34 53 1 9358
88 85 0 6310
10 19 1 6898
20 41 0 8710
55 43 1 9245
88 7 1 487
44 64 0 4687
29 32 1 9814
43 99 0 9734
21 11 0 1678
34 63 1 7110
31 9 1 9735
19 45 1 9647
5 62 0 9195
1 79 0 9092
52 32 0 4468
92 76 1 7500
69 31 0 1843
7 94 1 109
11 84 0 1160
97 62 1 2368
6 62 0 3003
16 31 0 5341
8 42 0 6451
88 19 1 794
86 73 0 7109
55 36 1 9350
97 94 0 2083
54 66 1 1042
34 12 1 267
72 99 0 6246
87 61 0 6410
16 5 1 1448
71 86 0 6066
70 68 0 8786
25 97 1 4774
33 93 0 5154
14 98 0 7674
3 100 1 8516
36 21 1 1541
21 75 0 1890
24 10 0 3067
89 49 0 7994
8 39 0 9750
81 61 0 5653
22 71 0 3014
92 99 1 2310
61 48 0 1004
47 26 0 608
93 50 0 7671
90 97 1 6671
51 66 0 2642
52 15 0 1093
29 44 0 847
19 43 0 6928
96 2 0 9964
77 56 0 8561
79 23 1 5350
79 61 0 2268
82 88 1 2825
30 45 0 6689
46 79 1 5693
5 97 1 3200
84 78 1 2852
15 44 0 1228
13 88 0 8816
21 40 0 5998
84 67 1 1299
46 90 0 1142
4 86 1 5497
39 81 0 7916
16 97 1 8403
21 70 0 1144
60 4 1 8477
18 87 1 642
32 40 0 2763
49 22 1 6474
98 46 1 6588
47 17 1 6588
75 4 0 8434
25 2 1 8378
20 87 0 4465
50 29 1 6841
81 98 0 888
30 63 0 5650
21 31 0 6629
87 68 0 8523
94 80 0 6778
74 47 0 5321
91 26 1 5386
75 67 0 9764
69 51 0 6298
74 50 1 887
95 83 1 2191
45 26 1 9154
94 76 1 7947
24 100 0 9301
4 88 1 3108
69 84 0 3352
36 28 1 2653
58 76 1 8768
50 1 1 6358
66 72 0 9689
86 21 0 5596
9 57 1 9470
86 51 0 3585
37 20 0 7119
11 64 1 9022
94 19 1 9775
96 52 1 4475
74 14 0 3594
35 23 1 2038
50 64 0 9724
75 82 1 3954
37 34 1 5675
76 62 0 4016
46 1 1 637
91 34 1 5060
45 34 1 9027
41 82 0 578
61 68 0 1363
66 14 1 8273
31 84 1 2728
10 21 1 5558
36 52 0 2729
87 17 1 3395
15 59 0 7668
11 80 0 44
38 74 0 7483
59 7 1 8857
28 57 1 4776
76 9 0 1146
100 15 1 1729
96 53 1 7029
76 5 0 6229
65 20 1 1581
100 66 1 1473
1 52 1 7415
34 1 0 991
66 54 0 9122
25 30 0 4608
29 25 1 4978
44 32 1 9579
28 73 0 3162
32 3 1 892
7 24 1 3933
46 11 0 7927
77 90 1 1347
67 48 1 6884
1 33 1 66
30 33 1 4268
88 4 0 540
77 75 1 8274
16 12 0 3861
25 57 1 595
74 17 0 4626
23 79 0 6325
90 95 1 950
34 57 1 3538
42 24 0 2862
67 6 1 8066
67 63 1 8124
46 51 0 2848
18 74 0 9699
39 94 1 6004
18 84 1 5311
97 27 0 2956
6 47 0 4946
34 37 1 9145
100 54 0 7275
65 33 1 5359
96 56 0 5317
73 11 1 7103
29 11 0 8654
87 22 0 8151
90 89 1 1534
30 67 1 1860
20 42 1 2135
46 24 1 6899
16 92 0 4525
45 3 0 8870
54 37 0 8016
77 62 1 2718
2 34 0 4421
6 36 1 2611
77 68 1 6679
11 81 0 1799
23 51 0 1365
35 68 0 7815
79 64 0 5784
39 65 1 7155
85 46 0 7939
42 55 0 9722
14 58 1 7055
83 59 1 694
32 68 1 112
73 69 0 1977
64 23 0 6593
2 6 1 7989
79 66 1 2184
44 9 1 6906
49 54 0 9564
50 100 0 878
68 86 1 6964
59 63 1 2469
32 47 1 1768
32 6 1 9998
92 7 1 7231
39 53 1 4096
46 15 1 1257
47 12 1 2015
10 52 1 5894
24 54 0 4248
10 22 0 5126
59 28 1 953
15 67 1 4353
85 8 0 2462
68 21 0 8934
81 67 1 5991
16 49 0 6851
14 12 0 3057
80 9 1 5190
67 25 0 4018
16 64 1 2736
84 28 0 7265
5 82 1 9566
96 60 1 6450
71 3 0 4696
75 70 0 2625
94 63 0 5932
29 88 0 9220
9 32 0 5948
46 96 0 9984
40 23 1 1757
87 71 0 1045
8 44 0 174
66 23 0 5462
87 67 0 4495
83 1 1 2405
66 83 1 8434
75 44 0 497
17 89 0 8955
55 94 1 3965
60 79 1 7434
65 67 0 7631
4 36 0 2867
89 30 1 2485
11 72 0 409
14 7 0 1596
15 72 0 5390
50 84 1 2719
27 98 1 9393
24 31 1 7123
4 63 0 1423
42 31 1 9213
54 47 1 6004
6 61 0 3968
92 31 0 3468
77 50 0 8768
8 40 1 7524
55 71 0 4612
42 50 0 19
86 69 0 6996
33 51 0 1335
44 99 0 5549
6 44 0 7061
26 21 1 7109
56 8 1 412
95 64 1 6940
59 66 1 6772
80 1 1 325
52 50 0 7080
64 63 1 4281
85 12 0 237
90 23 0 8731
26 11 1 657
70 74 0 5913
69 47 1 5295
66 13 1 3486
30 64 1 3890
65 30 0 7693
46 66 0 7058
68 83 1 8627
82 92 0 4665
36 65 1 4058
48 76 0 7451
100 1 0 5460
14 4 1 5593
57 95 1 5850
93 38 1 9686
70 45 1 3825
77 17 1 8019
55 45 0 7259
62 25 0 5619
49 11 0 8378
55 78 1 2322
93 56 0 7995
32 30 1 5165
80 34 1 5214
25 42 0 7704
34 27 0 5146
6 12 0 9038
10 24 1 5440
19 9 0 970
54 94 1 6054
66 73 1 364
91 97 0 9653
29 18 1 2057
31 78 1 2982
23 26 0 952
87 73 1 4343
29 34 1 8745
84 95 0 6841
76 47 0 3640
25 76 0 5026
63 69 1 855
88 52 1 3719
71 34 0 2440
93 75 1 8849
49 84 0 437
66 55 1 1781
71 21 1 9871
79 67 1 6161
67 47 1 278
38 56 1 5143
82 93 1 387
39 63 1 7858
36 26 1 2863
85 74 1 6090
65 28 0 5367
62 45 0 3861
15 64 0 1954
92 38 0 988
36 67 0 7150
28 56 1 4518
62 49 1 8993
41 77 1 5311
56 63 1 26
1 78 0 7852
25 24 1 9843
16 88 0 1746
44 24 1 2333
25 66 0 9177
66 4 0 5515
56 14 0 6794
59 36 0 9602
71 45 1 5049
53 96 0 90
70 58 0 3583
63 76 1 4938
50 25 1 7380
82 31 0 8426
69 22 1 6372
32 54 0 2620
70 1 0 5422
29 71 0 7100
63 8 0 2545
97 71 1 163
16 86 0 6996
86 87 1 9931
23 39 0 1859
55 46 0 6454
93 62 0 4259
21 69 1 6598
43 48 0 1726
44 61 0 5020
8 61 1 3755
46 42 1 6803
76 55 0 8603
66 35 1 7419
5 27 1 6842
26 50 1 4549
80 5 0 8264
1 81 0 5610
30 7 0 6210
50 27 1 7968
83 88 0 431
50 74 0 2815
76 59 1 8419
61 8 0 4378
4 58 1 6449
31 27 1 6783
27 17 1 2736
71 33 0 8555
39 24 0 2904
61 21 0 8892
32 100 1 7348
83 30 0 9890
9 46 1 1495
25 64 1 5052
60 17 0 7686
49 79 1 6599
60 95 0 3318
17 96 0 6401
17 38 0 787
58 12 1 6055
85 13 1 4223
88 90 1 2646
74 87 1 722
19 81 1 7335
52 13 1 5327
65 10 0 6840
11 44 1 621
41 88 1 5970
97 52 0 9928
51 36 0 5049
1 84 1 5640
97 16 0 3632
12 18 1 6355
65 94 0 6569
13 52 0 1428
15 5 1 3126
23 40 0 3357
58 96 1 9455
63 27 0 3252
76 34 0 352
54 43 1 3286
71 85 0 1200
4 11 1 7176
84 29 0 5559
67 19 0 5720
24 32 1 9719
37 22 1 2516
43 53 1 8764
92 16 0 5103
10 78 1 1047
29 46 1 7136
66 93 1 8697
100 14 1 7172
7 40 1 9362
87 56 1 5504
87 92 1 5852
42 14 1 7788
92 82 0 3644
14 27 0 8116
75 20 0 5134
97 21 1 8472
45 15 0 6569
2 41 0 3442
39 45 1 1740
29 64 0 411
61 33 0 1023
86 47 0 3281
86 6 1 9738
81 2 1 2700
31 52 1 5955
35 53 1 5874
58 62 0 8903
81 38 0 1391
18 7 1 1169
6 88 1 8675
63 74 0 8826
43 100 1 9133
66 29 0 4921
14 97 0 6407
34 28 0 6584
93 72 1 9288
54 99 0 5628
50 63 1 3836
82 34 1 7803
33 65 1 2300
97 91 0 7156
54 98 0 6537
81 59 1 5831
34 96 1 2340
46 33 0 8112
75 47 0 3368
47 87 1 6632
11 78 0 9489
23 78 0 188
81 86 0 4915
44 47 1 3361
72 14 0 421
91 85 1 788
13 10 1 1995
35 3 1 3676
73 91 0 4755
71 15 1 1948
4 60 0 5796
1 41 1 3367
23 60 1 3178
18 45 0 2585
46 72 0 6771
30 31 0 4574
21 12 0 1061
74 95 1 9316
81 54 1 1565
36 44 1 7592
63 75 0 4135
35 66 0 6374
75 68 0 5103
68 16 1 1295
48 65 0 6909
34 76 0 8116
80 15 1 9707
18 31 0 7527
43 7 0 3679
94 30 1 6418
89 44 0 6227
60 2 0 795
25 96 0 7612
85 92 0 8835
8 30 0 6666
39 38 1 3766
17 45 0 4631
40 73 1 9800
11 24 0 7434
27 46 0 953
32 74 1 9278
2 91 0 8756
67 80 0 1973
3 33 0 3900
67 5 0 7104
50 83 1 6515
70 83 0 339
98 84 0 2460
34 89 0 1988
2 72 1 5883
22 80 1 6315
61 83 1 8904
29 1 0 7871
69 14 1 3499
25 95 0 9771
1 88 1 7824
14 53 0 7939
70 41 0 1933
87 84 0 9122
47 33 0 1877
31 83 1 2004
2 32 0 7789
53 25 0 2118
21 48 0 3963
95 23 0 9806
39 73 0 4803
6 79 0 7637
75 17 0 4481
64 71 1 3506
13 8 0 9940
61 78 0 2337
7 27 1 8702
33 91 0 8308
50 86 0 2242
61 64 0 9915
90 63 1 4203
89 14 0 6983
89 39 1 2327
49 89 1 9895
46 45 1 7043
1 74 0 9346
91 53 1 9680
80 11 1 5523
8 62 1 7359
45 73 1 9126
65 52 0 4302
33 47 1 1707
26 66 1 8358
64 58 1 8307
51 19 1 6946
38 47 1 927
15 39 0 8220
1 38 1 6529
24 42 0 2109
35 60 0 6742
43 80 0 8887
32 67 0 755
21 22 1 9956
51 54 0 5828
20 69 1 9064
70 12 0 5764
57 74 0 2207
59 88 0 8760
65 45 0 753
78 71 1 4114
62 89 0 9681
47 78 0 883
22 18 0 1821
10 28 0 258
82 99 0 9353
24 66 0 2286
67 100 0 7683
49 74 1 8679
80 70 0 3452
85 90 1 8422
99 58 0 6421
75 8 1 5214
83 74 1 6553
68 92 0 4137
33 16 1 2553
44 18 1 6676
10 55 0 5215
92 52 0 6595
45 100 0 7109
58 99 1 9372
49 31 0 53
22 91 1 687
88 63 1 5814
12 46 1 7811
29 21 0 2818
57 55 0 5269
72 94 0 2450
62 67 1 9242
95 46 1 4773
30 86 1 6491
33 22 1 2860
45 40 0 2407
62 24 1 4420
34 30 0 8394
80 23 0 5172
87 64 1 6209
86 12 0 4717
15 41 0 2242
50 19 0 8356
77 46 0 1601
76 39 1 4308
31 55 1 9943
49 17 1 9517
73 2 1 5518
28 20 0 3472
58 60 0 5458
24 93 0 4284
62 61 0 1243
37 36 0 4016
49 91 1 9766
19 62 1 2366
34 6 1 2553
97 89 0 3219
8 9 1 3320
87 96 1 1997
90 75 1 6895
23 99 1 1737
22 21 0 200
63 40 1 513
46 6 0 8374
50 67 1 8095
19 87 1 5808
45 90 1 6325
71 87 1 3679
95 50 0 5976
48 73 0 8947
14 22 0 6115
71 28 0 995
80 29 0 9092
28 10 1 74
65 23 1 855
75 94 0 632
39 22 1 8020
43 41 1 7240
83 63 1 419
92 97 1 7224
55 69 1 704
86 52 1 5904
22 46 1 3479
68 51 0 1841
80 88 0 3626
94 91 1 973
44 36 0 5626
36 31 1 7333
54 16 1 4991
93 76 1 2600
96 100 1 9558
63 94 1 3707
88 73 0 8266
88 74 1 109
26 92 0 7546
91 78 0 3251
8 91 1 4623
75 16 1 9439
43 66 1 9405
16 36 0 1666
97 55 0 7199
19 100 0 1509
31 41 1 3576
4 48 1 2517
22 69 1 6983
63 92 1 428
22 58 1 8500
53 30 1 484
94 23 0 5342
66 52 0 6247
46 69 1 5619
95 22 0 9097
35 43 1 7024
38 75 0 8129
87 45 0 8657
59 49 0 9161
82 68 1 1418
63 13 0 3772
32 53 0 9008
25 16 0 3983
99 86 0 8788
13 34 0 5851
48 41 0 62
16 80 1 776
50 65 0 2674
71 35 1 1900
16 66 1 8796
84 54 1 6672
47 7 0 3549
71 72 0 7501
94 3 0 4831
97 6 0 5724
14 70 1 9859
18 88 1 3506
63 35 1 3192
52 62 0 6866
93 27 1 9846
46 19 0 5626
33 25 0 3606
19 67 0 3708
52 3 0 5914
91 44 1 8063
20 52 1 8448
22 38 1 4885
97 20 1 7775
30 8 0 7267
8 41 0 3247
67 85 0 531
64 48 0 1505
73 63 1 3556
44 28 1 5437
65 87 0 4766
19 49 0 903
12 96 0 4179
24 35 1 8649
87 90 0 8314
78 31 0 7155
93 88 1 3395
24 29 1 6572
88 51 1 2968
16 50 0 5582
83 60 1 6613
52 12 0 2740
79 92 0 2561
63 88 1 5443
77 31 0 7872
71 8 1 1328
51 31 0 7376
14 28 1 8264
27 91 1 4211
55 40 0 9489
56 49 1 3789
4 99 1 5980
92 95 1 9792
32 60 0 4362
21 39 1 1696
35 84 1 2690
23 8 0 8056
7 30 1 6542
75 52 1 7723
46 99 0 5560
17 57 0 964
52 18 0 7499
44 34 1 7947
57 82 1 534
20 34 0 2702
5 19 1 6216
85 2 1 9270
27 21 0 7969
35 36 0 372
68 47 1 1818
43 68 0 2343
63 57 1 7084
68 32 1 1866
81 9 0 3876
34 36 0 7523
67 26 0 9559
68 38 0 2282
7 53 0 2685
29 72 1 5418
77 42 0 6196
95 11 1 9965
89 23 0 1222
84 18 1 4279
25 47 0 8686
14 24 1 3932
51 13 1 6204
64 92 0 253
37 47 0 7511
78 17 1 3339
8 78 0 4930
98 75 1 501
37 33 1 9548
45 46 1 8350
9 50 0 8378
72 89 0 8770
22 99 1 3080
27 43 0 9847
70 3 1 9091
68 60 0 6688
29 33 0 9207
94 2 1 1918
33 50 1 9034
91 56 1 2780
91 63 1 5971
1 92 1 1592
30 70 1 7848
32 94 1 9681
16 77 0 8637
29 97 1 2891
98 54 1 5029
79 57 0 8976
24 43 0 5103
51 79 0 3267
67 12 0 4383
1 30 0 1247
79 68 0 836
63 70 1 8083
39 52 0 3348
23 41 0 3848
43 59 1 9562
64 61 0 2343
81 49 1 1357
56 78 0 6286
89 94 0 1384
34 70 0 9795
64 91 0 3578
7 96 0 425
24 44 0 3318
4 33 0 187
81 36 0 3594
10 13 1 4726
40 95 0 160
12 84 0 3242
81 12 0 6809
95 4 0 8200
84 45 0 3905
89 26 0 5944
97 92 1 8629
75 13 0 3435
49 35 1 9888
58 82 0 8908
20 23 1 7796
96 16 0 4257
17 61 0 7369
65 35 1 9100
84 75 0 5885
42 82 0 8109
82 73 0 2884
61 12 0 7301
51 52 1 1902
28 96 1 2355
16 40 1 8493
11 77 0 6327
83 71 0 6687
30 3 0 2636
4 29 0 4582
44 94 0 5834
18 34 1 3735
85 9 1 4247
1 28 0 599
54 86 1 2631
40 2 0 639
63 6 0 6001
69 1 1 2426
32 64 1 4607
9 79 0 1417
6 56 1 8119
27 75 1 5053
98 43 0 6671
61 65 0 5230
13 53 0 9385
4 44 0 6409
36 88 0 2025
80 19 1 6351
12 95 1 6491
30 41 1 4058
89 100 1 1780
82 6 1 9791
41 94 1 5283
61 62 1 3162
23 44 0 2795
89 37 1 4688
13 65 1 4127
17 62 1 2764
67 18 1 6647
68 48 1 2686
59 3 0 5330
74 20 1 7422
72 35 1 4976
32 52 0 9999
25 84 1 1604
34 22 1 8795
61 30 0 8019
96 74 1 3932
82 52 1 241
34 14 1 9872
48 68 1 7012
8 69 0 6988
83 56 0 7603
66 24 1 2526
55 16 0 8457
26 2 1 7123
65 22 0 8838
50 66 0 4193
79 10 1 7616
18 53 1 4112
88 64 0 3239
9 45 0 7801
4 55 1 5077
38 21 1 7514
48 87 0 1368
90 24 1 4455
22 49 1 3367
38 10 1 1131
29 75 0 7068
83 65 1 6934
68 46 0 3756
98 57 1 7821
56 74 1 7114
98 65 0 8043
64 87 0 5385
84 50 1 6295
8 56 0 7894
12 85 0 658
92 85 0 5279
93 3 0 2369
36 22 0 6115
94 13 0 2830
31 17 1 1445
85 38 1 6788
35 10 0 2278
91 55 0 6960
39 17 0 7316
77 80 0 1805
18 64 0 4943
92 6 1 7430
60 13 0 9573
5 92 0 6331
16 8 0 8867
55 97 0 6997
97 13 1 6329
12 40 1 2831
76 56 0 1253
42 47 1 5318
68 54 1 7462
75 96 0 5539
34 58 0 6942
41 35 0 8049
33 56 1 3356
78 36 0 5770
1 93 1 8895
69 26 0 7228
85 51 0 5407
15 2 0 4032
8 31 0 6664
22 23 1 7274
14 23 1 1532
2 27 0 7592
64 24 1 8107
66 4 1 5395
15 31 1 9929
87 9 1 4998
79 89 0 9760
30 28 1 9486
23 43 1 6735
24 96 0 3606
68 96 0 9982
55 87 0 3853
48 3 0 9579
7 19 1 9971
89 40 1 8251
1 42 0 7688
17 67 1 8813
29 28 0 2667
88 69 0 8696
5 54 1 8053
36 6 1 196
76 80 0 726
49 47 1 1935
2 5 0 341
19 85 1 3102
47 11 0 235
86 48 1 8539
53 4 0 2264
25 26 0 63
14 33 0 5239
10 74 1 4490
27 4 1 6687
38 41 0 9516
93 15 0 5185
36 83 1 9746
56 61 1 7522
71 59 1 3990
86 28 1 8158
71 1 1 2984
20 82 1 7470
98 63 1 8895
23 95 0 4588
28 2 0 7360
99 45 1 6743
70 22 0 1195
13 30 0 7567
25 4 0 9396
64 22 1 2242
61 63 0 7189
45 52 1 8625
82 37 1 9680
85 42 0 2861
83 10 1 9558
16 17 0 872
14 1 0 382
78 76 1 7830
91 64 1 1087
43 87 1 5692
54 72 1 7110
2 38 0 9954
26 81 0 1258
29 16 1 6911
42 26 1 8296
94 67 0 5798
55 95 1 9842
10 15 0 5393
66 11 1 5094
6 80 0 3071
55 74 1 3306
70 89 0 1534
32 29 1 991
64 66 1 1009
58 19 1 5922
85 50 0 9743
22 96 0 16
26 20 0 2499
90 10 1 5935
86 17 1 2127
38 45 1 7967
12 80 1 7730
12 19 1 756
92 83 0 4694
87 27 1 8109
29 57 0 6343
48 53 0 2160
73 14 0 1713
61 10 1 1331
92 1 0 2
72 57 1 9325
58 55 1 338
34 10 0 6670
81 19 1 1056
11 75 0 6859
78 80 0 4908
24 80 1 6449
10 11 1 4041
32 56 0 7485
6 83 0 1413
49 65 0 99
60 68 0 3356
63 9 1 4647
43 94 0 4328
39 60 0 2539
16 81 0 1398
7 62 1 6597
100 78 1 4101
59 17 1 8891
56 16 0 3800
50 20 1 4998
36 61 0 214
18 78 1 6491
73 98 1 3652
89 57 1 351
76 90 1 4423
5 63 0 8694
28 43 0 9261
99 55 0 2779
25 65 1 4738
4 26 0 5262
100 93 1 7860
16 82 1 2446
56 98 1 2560
64 49 1 319
68 66 0 4089
77 72 1 1114
74 90 1 6669
7 47 0 3784
30 78 1 2294
47 25 1 2210
98 26 0 466
93 98 0 1383
10 25 1 7655
80 90 1 6572
89 15 0 6427
60 82 0 8408
80 57 1 1374
15 77 0 8095
13 50 1 6779
100 41 0 7911
99 59 0 8948
36 60 0 5049
39 36 0 2033
39 74 0 1810
11 2 1 6923
5 30 1 647
24 89 0 6422
52 73 1 6943
83 91 0 189
21 41 0 3126
53 33 1 7196
4 61 1 5653
95 79 1 498
67 1 1 8609
46 5 0 2019
43 71 0 2186
66 46 0 4633
8 88 0 9420
40 20 0 7712
14 87 1 8580
31 64 0 82
14 40 0 454
62 88 0 4656
6 40 1 3277
5 52 0 7342
54 58 1 230
86 22 1 40
48 23 0 3474
57 97 1 1497
26 9 1 9054
15 14 1 7874
54 28 1 7169
53 72 1 2019
37 63 1 2508
93 47 1 568
51 1 1 7365
95 93 0 9597
77 22 0 4919
80 89 1 7598
4 52 0 1535
12 20 1 4042
54 60 0 829
91 93 1 8906
63 26 1 1634
62 58 1 3335
67 43 1 444
79 5 1 7085
52 83 1 4296
29 100 1 3309
41 69 1 6759
71 75 0 2378
83 84 1 1991
66 20 1 9238
8 70 1 5421
71 65 1 4020
46 36 0 962
61 26 0 8110
91 42 0 1550
4 3 0 3030
26 19 0 3256
29 22 1 7116
16 62 0 264
92 59 0 5092
71 40 0 7327
68 76 1 4668
45 70 1 6802
27 47 1 3088
72 17 1 8834
10 39 1 6890
72 69 0 895
2 71 0 3188
12 64 0 8123
98 76 0 7299
94 69 0 6924
12 29 1 9044
86 58 1 4135
19 98 0 4486
13 15 1 2288
14 64 0 3569
80 32 1 8331
100 2 0 3379
83 37 1 9721
17 5 1 7519
45 35 1 5020
87 62 0 4175
74 28 1 9115
51 86 1 823
8 75 1 3922
5 31 1 5587
52 82 0 41
73 97 0 512
67 86 1 90
36 13 0 813
85 11 0 2462
31 22 0 3985
40 72 1 8175
53 12 1 7346
39 85 0 3978
73 88 0 81
97 58 0 7227
87 63 0 8234
97 41 0 1619
49 80 0 7797
49 66 0 1790
86 16 0 4997
54 14 0 2861
43 5 1 868
46 48 1 570
38 15 1 6458
20 19 0 6610
92 20 1 1709
73 30 1 6110
48 33 1 2118
51 81 0 1499
18 42 0 7547
50 38 0 5547
45 53 0 750
51 16 0 287
55 77 1 6743
26 52 0 991
4 51 0 3546
94 7 1 3651
88 24 1 2688
83 12 1 3189
25 11 0 1943
42 38 1 6743
87 75 1 9608
15 38 1 2999
86 56 1 5721
49 33 1 385
47 100 0 6782
31 54 0 7412
27 57 1 5967
54 30 0 6492
87 79 0 9334
74 92 0 7529
72 28 1 6085
8 47 0 1863
41 45 1 3577
19 20 0 4839
69 81 0 3622
16 71 0 4408
28 67 0 2710
55 89 1 3833
36 96 0 1375
73 99 0 1687
18 54 1 4301
98 95 0 9677
18 61 0 5524
5 89 0 5151
20 83 0 6555
6 21 1 4911
55 100 1 2795
51 32 0 9489
35 9 0 7701
59 72 1 123
96 8 1 2424
27 97 1 48
42 58 0 7396
47 91 1 1433
2 88 0 6666
2 22 0 4232
26 55 1 883
97 17 1 7679
48 79 1 7555
35 7 0 4936
60 58 1 2102
77 96 0 9065
50 2 0 8458
17 65 1 4916
3 20 1 607
14 79 1 6067
41 95 1 7932
45 55 1 8449
71 14 0 6196
3 72 1 7837
42 32 0 2243
55 93 0 7206
70 94 1 2374
51 4 0 8886
78 46 0 3409
48 89 1 7389
41 26 0 8961
8 35 0 6613
98 64 0 9109
22 97 0 2576
10 37 0 7087
1 10 1 2687
39 86 1 3229
88 10 1 8038
41 12 1 3794
80 37 1 3413
97 22 1 7565
63 62 0 4647
74 46 1 10
23 54 0 387
73 19 1 2175
6 84 1 9051
78 99 0 6853
77 4 1 3168
65 84 1 1010
76 38 0 6349
25 56 1 69
75 36 0 9894
100 58 0 8038
71 51 1 943
23 46 1 9668
22 6 0 7501
53 51 0 9717
66 27 1 7731
49 68 1 1156
56 79 0 4905
35 96 0 2084
6 68 1 5683
53 21 1 9174
59 40 1 8197
62 73 0 5372
42 8 0 4815
12 7 1 5402
72 68 0 532
68 3 0 7772
43 64 0 3863
45 76 1 4889
59 15 0 6823
18 62 1 7052
69 82 0 5845
63 38 0 3189
100 59 1 9073
2 28 0 5563
2 67 0 6088
96 21 1 5579
97 15 0 5839
42 65 1 5371
82 1 1 179
93 4 1 7972
99 39 0 1163
26 30 0 3732
78 75 0 3945
28 21 1 8
77 89 1 3216
63 97 0 7664
25 63 0 9677
21 80 0 291
56 21 1 1222
74 31 0 5128
83 23 0 3202
39 42 0 1151
71 73 1 7309
83 64 1 7480
16 24 0 1179
16 94 0 660
41 74 0 3565
99 76 0 1407
55 72 0 4557
99 48 0 5015
39 56 0 7203
33 73 1 4590
43 81 1 9646
40 81 0 814
78 27 0 4981
42 85 0 3725
42 83 0 1969
31 19 1 1533
67 20 1 4032
27 76 1 204
54 15 0 4346
33 71 0 3719
77 91 1 5612
86 11 0 8209
58 39 0 8236
93 44 1 1965
98 35 1 4988
8 32 1 7275
72 33 1 8885
94 82 0 5691
83 45 0 3412
35 72 0 6066
3 89 0 1493
38 52 1 4288
79 83 0 85
10 7 0 3495
32 28 0 4241
77 98 1 4364
64 65 1 9732
12 53 0 8826
78 20 0 4824
89 85 0 5020
29 43 0 5791
93 90 0 532
4 14 0 1119
56 91 1 9018
11 28 1 943
20 17 0 8729
63 68 0 5865
68 81 1 3802
84 44 0 8137
48 49 1 8023
81 74 0 1709
72 26 1 3968
53 61 0 4150
88 9 1 2662
69 37 0 2089
10 40 0 8121
67 94 0 6795
99 33 0 5361
76 94 1 8240
49 76 0 8060
77 28 1 3728
89 93 1 3567
99 15 0 9677
82 72 1 2090
62 40 0 1679
98 29 0 767
46 75 1 5585
46 18 0 4354
51 88 1 517
2 68 1 4537
8 48 1 7255
69 48 1 2219
81 90 0 5646
50 72 1 6257
76 86 0 2322
30 29 0 7687
10 9 1 5306
39 89 0 4919
29 42 0 7697
53 70 0 1699
13 97 1 6888
6 24 1 3245
43 86 0 8270
61 67 1 7922
99 43 0 7125
58 17 0 1035
99 37 1 3003
98 10 0 7587
23 34 1 3969
90 11 0 9832
15 35 0 3337
4 25 0 6184
21 71 0 5969
60 61 1 6909
46 70 1 1330
72 98 0 8598
98 70 0 9438
65 53 1 2851
95 81 0 7520
97 86 1 901
76 6 0 7850
82 76 1 4567
2 19 0 545
14 93 1 7113
8 57 0 5265
70 51 1 6869
100 5 0 6796
51 6 0 7641
64 25 0 4142
12 76 1 9487
42 12 0 2225
59 56 0 4134
79 8 0 3334
69 74 0 4744
7 49 0 6019
51 53 1 1439
5 32 0 4214
92 62 0 7520
62 77 0 9908
52 99 0 8443
46 78 0 1264
69 50 0 8046
70 27 1 5079
74 75 0 3669
48 8 0 9589
49 12 1 1276
1 69 1 5782
95 59 0 9886
42 11 1 8333
74 21 0 5736
75 83 0 1690
24 76 0 6574
11 21 0 7411
59 70 0 2258
56 38 0 9655
93 74 0 9633
95 26 0 5783
51 38 1 7582
44 79 0 8145
80 31 1 7444
43 30 0 6003
57 60 0 5579
4 31 0 9169
84 32 0 9390
24 18 0 7865
80 53 0 6856
81 63 0 9227
33 3 0 4183
19 58 1 9059
21 47 1 1200
14 39 1 4584
39 46 0 3900
66 17 0 1756
33 17 1 614
6 57 0 6734
8 58 0 9385
93 69 1 4056
93 18 0 7678
95 69 0 7339
51 8 1 6223
24 6 0 7216
64 55 1 4547
30 12 0 1170
85 98 1 2370
57 81 0 6453
66 31 0 1156
18 10 1 8948
3 27 0 4071
71 9 0 5477
57 96 1 4753
35 38 0 3718
68 94 0 6170
15 66 0 7214
44 50 1 3112
18 27 1 8832
35 65 1 4013
87 69 0 9729
81 29 0 3845
87 93 1 1239
91 6 0 8603
24 90 0 2300
54 49 0 1986
99 42 1 3623
90 83 0 8032
37 80 0 3772
72 100 0 8398
84 51 1 1866
41 34 1 578
64 52 1 9706
48 11 0 4641
32 43 1 8379
13 14 1 8222
18 21 1 3323
21 9 0 7887
14 30 0 5401
35 6 1 7708
3 44 1 7572
73 64 1 8059
28 81 1 3233
72 23 0 5369
96 40 0 1503
38 13 1 5459
57 42 1 6625
42 15 1 5859
9 11 0 3486
67 42 1 2308
91 25 0 7582
92 70 0 822
78 11 1 4
18 12 0 1408
26 29 0 9335
43 40 0 3570
22 3 1 8819
6 75 1 2449
80 85 1 4518
31 35 0 1127
12 38 0 7320
99 22 1 3884
60 33 1 4552
62 71 1 9390
56 50 1 6835
11 73 0 8041
96 88 1 4560
14 46 1 7811
36 81 0 1934
6 14 0 7548
8 80 1 2329
58 6 0 7342
99 47 0 7219
84 40 0 1122
86 40 0 1133
12 89 1 2508
59 85 1 3467
100 92 0 7495
96 6 0 9726
11 5 0 4322
68 93 1 8991
8 52 0 161
46 32 0 5355
86 62 0 743
10 60 1 3719
50 36 1 3109
63 64 0 3048
98 71 0 2109
28 27 0 9008
93 82 0 2251
84 58 0 3113
33 8 1 3225
43 25 1 6016
55 21 1 5216
30 21 0 5296
65 44 1 8044
32 82 0 4289
98 25 1 2686
100 43 1 5150
8 1 1 5096
40 51 1 6186
49 51 1 8670
65 90 0 1658
87 65 1 1797
8 24 0 8178
60 52 1 819
89 19 0 1133
21 90 1 451
21 46 0 7323
54 61 0 6233
84 74 0 9980
10 6 0 8933
72 74 0 5146
53 47 0 3833
29 70 0 8071
48 64 1 7304
67 41 1 6719
70 100 1 4967
66 67 0 14
53 77 1 5560
26 56 1 3636
15 62 1 9865
56 89 1 231
87 21 1 8709
14 19 0 1861
74 81 0 3905
77 53 1 4262
35 82 1 7367
89 91 1 2318
77 39 0 9547
38 65 0 6134
59 87 1 8675
60 88 0 8265
48 50 1 4940
5 1 0 596
58 70 0 5399
13 98 0 7834
2 69 0 9018
45 96 1 8599
10 83 0 1002
16 1 1 7240
18 58 0 7627
17 80 1 6948
63 71 0 1379
64 7 1 67
66 68 0 6642
76 81 0 5777
44 60 1 4531
5 78 0 6854
74 73 0 4146
58 42 1 8297
64 29 1 6366
52 27 1 3625
26 60 0 748
40 27 0 9405
88 76 0 8296
8 86 1 1322
98 41 0 3720
19 44 1 8537
88 57 1 4578
10 30 0 5203
12 91 1 8496
43 69 0 2838
10 73 0 4273
71 4 0 9227
60 67 0 1551
43 51 1 9247
82 26 1 4983
68 15 1 5276
67 99 0 4239
21 62 0 6981
73 68 0 2161
29 35 1 1147
2 78 1 7799
50 45 0 1051
39 25 0 2304
83 66 1 3479
18 99 1 2622
99 7 1 6407
49 4 1 2114
97 19 0 2026
43 20 1 2398
82 2 0 3821
35 79 1 5069
76 2 1 7530
81 13 0 6926
4 54 1 7902
3 67 0 9488
57 64 1 4288
30 91 1 1391
36 50 1 9875
90 15 1 6998
28 14 0 4480
77 58 0 97
65 55 0 8017
90 72 1 7292
37 28 1 5222
40 49 1 5709
41 91 1 5260
41 27 0 8506
22 27 1 7549
75 73 0 1776
85 98 0 9766
72 53 1 4423
59 71 1 5550
1 6 0 1625
32 88 0 3088
38 81 0 256
15 73 1 583
78 51 1 3302
24 23 0 6545
47 79 1 9644
99 21 1 4654
45 87 0 4299
69 73 0 8586
97 1 0 7599
66 42 1 6803
30 99 1 6030
50 49 1 5471
53 22 0 5975
79 56 0 676
79 97 1 4236
26 76 0 9594
25 39 1 6983
22 81 0 7331
2 74 0 5552
88 2 1 1815
82 45 1 7111
73 81 0 8472
56 94 0 3927
62 26 0 7966
56 33 1 8010
62 86 0 6770
89 5 0 1747
54 40 0 8171
61 66 0 1967
40 4 0 2569
15 98 1 4746
75 19 1 9491
17 10 1 5144
98 3 0 4761
88 80 0 6768
90 43 1 8739
93 100 0 2692
53 32 1 512
87 35 0 4079
6 66 0 8765
42 29 0 1824
73 23 1 1836
18 26 0 9301
56 35 1 2880
65 43 1 17
6 4 1 7824
5 85 0 4705
100 24 1 4276
75 10 0 8632
99 23 0 4976
22 20 1 8003
25 89 1 1566
89 27 1 7614
47 10 0 1457
79 70 1 3163
7 90 1 4799
95 24 1 785
89 52 1 6307
96 70 1 7446
59 22 0 6569
84 26 1 6453
15 43 0 8411
91 30 0 2116
99 62 1 1213
12 93 1 3670
92 34 1 6288
15 47 1 1462
84 80 1 3724
15 50 1 8978
89 41 1 9539
6 50 1 6168
21 14 1 7120
76 32 0 5994
21 100 0 4994
15 53 1 4920
2 46 0 7689
37 39 1 8770
29 52 1 4529
35 64 1 8271
53 62 1 9595
10 75 0 3481
60 84 1 640
45 74 1 8952
9 94 0 2383
45 7 0 5302
63 23 1 601
33 57 0 9612
25 8 1 767
27 85 1 5709
26 49 0 3445
95 65 1 1621
28 70 1 4421
74 43 0 7711
20 74 0 8378
79 55 1 7750
24 58 1 3821
22 26 0 3297
16 69 0 8745
17 54 1 2777
2 16 0 5272
53 8 0 5511
27 38 0 4539
91 88 0 819
85 93 1 3719
5 98 0 2046
4 42 0 7476
26 85 0 5518
43 17 0 3837
51 78 0 6319
70 40 1 6649
9 98 1 1796
57 32 1 5464
17 21 0 6638
6 53 0 6486
27 9 0 9165
21 44 1 8354
9 65 1 1967
7 99 1 3592
53 3 0 2697
99 67 1 3751
85 4 0 8680
32 51 1 7172
92 54 1 5367
56 15 1 9826
98 17 1 8071
21 78 0 5148
27 26 0 5854
20 92 1 7683
91 75 1 9411
91 57 1 7325
43 9 1 507
39 43 1 271
93 20 0 5440
78 100 1 9849
4 87 0 7160
21 68 1 4520
61 85 0 7805
24 86 1 1243
49 95 0 5902
19 60 1 2657
82 94 0 8145
100 95 0 4785
31 74 1 8312
44 85 0 3860
58 34 0 9211
3 48 1 3038
80 25 0 8967
74 8 1 9576
6 54 1 4188
63 41 1 5046
7 11 0 8288
64 81 0 5585
76 50 1 78
90 16 1 8211
92 4 1 9401
7 64 1 9483
98 97 0 6446
64 11 1 6532
82 17 1 7224
39 13 0 6676
48 9 0 8435
48 7 0 9668
54 20 1 6406
30 92 0 1219
60 83 1 20
13 86 1 3798
73 20 0 4146
62 99 0 1760
9 69 0 9003
97 11 0 1926
32 10 0 1800
18 48 0 3252
98 89 1 1924
77 16 0 5313
80 86 1 3390
85 55 1 4621
67 92 1 5781
32 31 0 7504
32 33 0 4793
37 14 1 6878
72 56 1 6564
53 87 1 2114
58 1 1 2694
67 62 1 8348
92 3 0 9468
95 86 0 2321
49 75 1 1405
28 4 0 9327
92 40 1 1117
76 63 1 4630
13 58 1 2796
55 98 1 8335
19 15 0 2817
36 73 0 116
15 96 1 9301
8 76 0 4184
38 80 0 1508
72 32 0 3691
65 50 1 3172
25 70 1 6547
43 83 1 325
69 76 1 5357
29 47 0 6453
47 60 1 8705
100 80 1 7139
54 34 0 3001
40 94 0 1003
99 89 0 8937
41 83 0 1490
26 1 0 5166
47 23 0 5150
3 2 0 2821
77 86 0 1816
89 7 1 8455
57 4 0 730
48 70 0 1013
31 23 1 7159
27 78 1 7158
99 70 0 9662
90 55 1 5736
13 91 1 3613
9 28 1 6434
94 6 1 2157
53 81 0 4085
73 18 0 8813
100 91 1 3183
2 99 0 541
44 40 0 6609
72 59 0 7996
5 41 1 7826
20 22 1 3184
48 39 0 1842
48 25 0 4696
85 59 1 8654
14 67 0 6244
39 11 1 277
9 10 0 3040
60 81 0 7693
3 96 0 8081
2 47 0 4532
83 95 0 7683
72 38 0 5607
91 28 1 7331
33 80 1 535
51 25 0 5038
54 88 0 8405
70 57 0 4918
77 45 1 408
50 17 0 4059
49 46 0 7037
47 75 1 7775
29 63 1 8190
58 26 1 6837
47 22 0 7144
44 88 0 7631
17 95 0 8555
7 81 1 611
28 29 1 6303
99 9 1 6958
86 63 1 2451
62 8 0 9156
80 43 1 1691
36 62 1 4480
52 21 1 7323
54 90 0 4126
16 56 1 4725
83 100 1 53
25 17 0 2344
75 97 0 9889
77 61 1 3512
30 68 1 1443
86 83 0 2418
89 3 0 4755
47 63 1 1350
13 1 1 7139
48 16 0 1103
60 23 1 4603
75 74 0 9852
65 31 1 3250
55 56 1 7837
36 85 1 5164
34 55 1 4636
46 67 0 5259
15 80 1 7910
10 71 1 4781
72 92 0 8730
70 28 0 211
83 28 0 3904
9 39 1 2583
12 77 1 7483
91 24 0 3258
8 59 0 882
5 10 0 9157
47 20 1 5655
92 69 0 5324
3 43 0 3883
57 61 1 4632
33 45 1 6470
62 22 1 7194
33 4 0 3438
96 62 1 7135
80 2 0 1617
61 100 0 120
91 8 0 1534
20 55 1 2952
4 47 1 3770
11 26 0 6349
88 26 1 9175
95 84 1 5256
62 63 0 7642
67 93 1 308
40 34 1 6263
69 85 1 4749
64 56 0 8564
21 57 1 8913
50 43 1 9334
2 36 0 7296
83 86 0 8818
71 30 0 570
22 19 0 5681
26 34 1 4476
37 99 0 7812
79 91 1 8560
39 98 1 4095
49 44 1 6057
3 38 0 5738
69 64 0 6662
32 19 0 2747
84 17 0 2356
52 39 0 8848
78 94 0 4422
63 73 0 4896
63 86 0 3541
88 99 1 3680
95 20 1 3185
25 43 1 2018
79 82 0 1622
41 87 1 3102
53 56 1 8817
95 61 1 598
82 20 1 716
59 77 0 4475
99 74 1 6655
70 36 0 151
77 76 0 351
10 38 0 6175
52 63 0 7851
68 45 0 8258
42 52 1 5188
77 88 1 4799
15 16 1 6826
13 40 1 2484
93 70 1 224
82 21 0 417
21 20 1 3338
75 90 1 1166
5 64 0 5624
99 72 1 2653
18 24 1 5122
72 84 0 6426
26 99 0 1581
99 16 1 393
75 31 1 9654
75 6 1 361
82 3 0 7673
52 51 1 8797
8 16 0 9771
24 95 1 8414
69 13 1 3609
20 24 0 3847
30 62 1 5538
60 99 1 3099
17 94 0 4463
70 52 0 3229
34 21 1 8699
19 28 0 1346
82 56 0 122
82 48 0 2113
39 20 1 4311
87 39 0 2908
98 6 1 1923
72 60 1 8290
49 6 1 2656
49 60 0 6652
97 43 1 9907
100 64 0 7967
81 21 0 7824
69 67 1 5915
16 46 0 9752
76 79 1 8789
19 96 1 7313
22 14 0 3354
95 12 1 7009
18 32 0 7676
29 50 1 1872
45 36 0 7906
62 51 1 9330
87 29 1 423
16 51 1 4671
85 16 1 4939
81 100 1 8447
79 21 0 3695
96 51 0 3694
98 13 1 3835
16 68 0 2413
28 7 1 3747
46 83 1 428
12 79 0 3505
94 56 0 5578
19 7 1 265
92 42 1 8445
23 47 1 8260
18 15 0 9102
100 88 1 3774
23 27 0 7332
30 16 0 9967
61 13 0 819
55 61 1 5234
93 31 0 4320
13 54 0 798
30 65 0 4485
14 55 1 6507
100 4 0 6408
25 55 1 1474
37 59 1 9262
87 32 0 3627
46 47 0 9129
42 94 0 2644
17 93 1 9941
66 9 0 9634
17 63 1 2264
3 9 0 7248
29 55 0 9378
50 87 0 7795
48 6 1 9033
27 79 0 1360
96 11 1 2267
90 40 1 1858
69 36 0 4717
3 11 0 3475
78 4 1 2665
61 72 1 3132
53 76 1 4721
68 23 0 9106
63 65 1 8223
61 47 0 6142
100 91 0 6913
31 32 0 9901
83 70 1 9210
37 74 1 8899
74 4 0 2434
97 96 0 7693
48 34 1 4557
30 2 1 6891
57 67 1 4575
75 78 1 7858
92 24 0 7115
57 62 1 6065
28 59 0 1593
86 91 0 4525
67 57 1 8864
10 20 1 5478
62 48 0 9196
31 97 1 6292
19 77 1 102
78 89 0 6054
36 71 1 5168
91 38 0 825
92 60 1 4178
61 38 0 6475
78 53 0 7316
41 9 0 339
47 15 0 552
29 58 1 7959
85 48 0 4890
66 3 1 8379
72 86 1 4480
80 59 1 9114
44 41 1 6581
54 38 0 3093
69 98 0 2168
4 22 1 3895
2 90 1 6399
46 27 1 2268
4 93 1 5304
95 32 1 3143
2 94 1 3803
56 68 1 4250
45 17 0 3926
14 41 1 6807
38 76 1 9342
42 28 1 7913
80 65 1 7775
80 14 0 520
48 72 0 7712
56 59 0 446
83 52 0 6594
17 26 1 4697
42 4 0 6146
69 60 1 1462
74 86 1 5753
91 54 1 727
97 77 0 4049
69 53 0 2466
18 59 0 7396
48 55 0 1050
62 1 0 714
76 14 0 565
41 24 1 6601
79 60 1 7029
75 11 1 6464
30 81 1 1920
49 27 1 8976
77 8 0 1648
14 54 0 2017
45 6 0 3328
59 47 0 7578
41 59 1 2036
11 30 0 636
40 33 0 7742
95 72 0 7130
1 91 1 9491
80 82 0 132
10 90 0 7870
13 21 1 6874
24 48 1 8998
8 33 1 1230
91 45 0 6405
30 13 1 7245
73 85 0 1024
60 18 1 8945
70 37 1 5976
70 56 1 8533
66 89 0 6818
87 83 0 259
12 4 0 5746
70 86 0 1262
8 13 0 6393
88 1 0 8057
85 31 0 8121
76 4 1 5470
39 21 0 7997
73 94 1 4508
64 99 0 5966
11 52 0 2306
31 63 1 7020
31 33 1 7681
15 40 0 8391
90 88 0 3119
84 89 1 7088
43 52 1 8503
18 68 0 6032
62 30 0 4854
87 54 1 1381
81 16 1 1688
36 100 1 9586
80 3 0 3196
5 81 1 7205
67 2 1 8744
97 88 0 7872
79 90 1 5023
94 77 1 7418
58 69 1 9013
74 38 0 3536
75 24 1 8725
76 92 0 8822
74 65 0 7752
56 52 1 8731
27 89 0 8037
44 10 0 4307
63 43 0 3163
19 10 1 9200
56 84 1 4004
71 24 0 7836
61 50 1 4444
34 97 1 3674
97 99 0 7899
82 25 1 3144
43 46 0 8889
65 34 1 8848
77 47 1 4061
34 20 1 8735
90 85 1 4499
34 8 1 7221
74 40 0 5029
48 100 0 8996
62 7 1 6808
90 92 1 1327
89 99 1 6965
35 48 1 4601
39 82 1 9944
89 33 0 5750
69 27 1 7538
21 86 1 6835
72 6 1 6333
100 11 0 6637
20 53 1 5283
13 95 0 1364
28 91 0 9964
60 14 0 6976
16 58 0 4369
79 32 1 5466
37 5 0 646
38 58 0 7455
13 84 0 6467
41 14 1 9250
52 10 1 3517
52 22 1 2601
67 60 0 4717
62 79 0 5307
84 42 1 3870
38 83 0 4353
36 57 1 8782
64 51 1 3762
37 70 1 6111
28 47 0 6800
67 61 1 2117
89 70 1 7977
88 93 0 303
45 25 0 8896
95 42 0 8002
98 92 0 5016
70 87 1 6671
73 80 0 9400
90 76 0 2911
32 25 0 4759
87 14 0 1058
88 83 0 3931
72 91 1 1743
40 84 0 5159
95 41 1 9789
79 46 1 2003
88 39 1 5984
72 27 0 1397
12 43 1 8556
49 38 1 8548
21 25 0 6217
32 75 1 6319
14 86 0 9661
96 28 0 9196
49 71 0 8323
48 46 0 1975
85 7 0 5038
41 96 1 1791
62 41 0 1598
49 39 0 4146
56 31 1 2589
48 61 1 6705
47 66 0 7565
54 79 0 6049
52 24 0 1506
12 22 1 6635
72 46 1 8610
20 73 1 4528
26 64 1 378
40 97 1 8929
60 91 1 1166
2 100 0 5800
87 60 0 5071
15 26 0 5186
35 90 0 249
61 36 0 2187
43 36 1 1346
49 88 0 5526
70 67 0 8087
22 63 0 1265
14 81 1 514
71 69 0 2793
20 35 1 8533
75 40 1 4065
64 72 0 5298
98 36 1 870
70 55 0 4584
38 37 0 2346
52 81 0 7323
8 99 1 6939
76 27 0 5029
39 57 1 1186
43 63 0 5184
60 46 0 8188
66 90 0 427
89 75 0 4689
65 62 1 8266
53 99 1 4433
78 93 1 1609
16 39 1 2271
37 25 0 5864
33 19 1 7240
27 33 1 1785
88 87 1 6478
81 66 1 6523
27 45 0 1365
41 16 0 3814
12 87 0 4987
78 5 0 9547
42 88 1 3477
53 38 1 6706
56 87 1 2383
48 56 0 8142
94 27 0 4508
51 92 0 1448
22 61 1 156
97 93 1 9159
17 43 1 5524
34 45 0 8046
56 12 0 2934
52 87 0 8241
40 77 0 3862
75 45 0 8025
71 88 1 1601
12 90 1 835
59 95 1 3089
73 56 1 1008
38 36 0 2361
97 28 0 3738
21 99 0 6027
35 18 1 9899
8 95 0 5026
99 71 1 2458
3 71 1 1609
44 93 1 3946
72 45 1 9345
29 74 1 7206
28 65 1 2143
89 35 1 1710
29 99 0 4537
3 79 0 2703
65 97 1 8551
61 24 1 6670
100 86 1 4334
42 67 0 3637
37 56 1 7493
93 67 1 6601
49 20 1 4964
87 38 1 5634
23 81 0 191
84 16 1 669
47 36 0 5199
4 30 1 1385
23 22 1 8264
92 27 0 4212
54 32 1 3132
82 87 1 1476
65 25 1 4845
52 9 0 6289
37 44 1 4648
83 29 1 5887
36 95 0 6124
73 60 0 7776
46 38 1 3574
19 78 1 7889
52 31 1 9765
47 76 0 878
80 4 0 2980
83 5 0 8690
84 13 0 3804
5 60 0 4858
77 64 1 9430
33 72 1 3676
41 65 1 6227
64 73 1 5060
76 52 0 5956
46 34 1 8806
59 42 1 9837
45 22 0 2103
23 28 0 7630
35 81 0 113
49 34 0 9492
77 55 0 7245
71 18 0 4542
27 67 1 7245
16 19 1 6742
68 30 0 3251
27 28 1 9302
94 43 1 3655
42 17 0 4074
63 67 1 2179
56 17 0 1083
61 76 0 7920
96 24 1 7725
7 100 0 2756
75 46 0 8030
1 7 1 7283
91 29 0 2101
87 7 0 1131
83 49 0 1085
4 7 1 1867
64 19 1 9444
53 52 0 4223
24 60 1 62
30 66 0 7954
95 66 1 3205
34 17 0 8572
59 81 1 15
10 2 1 6058
90 33 1 4861
35 98 1 9558
45 21 1 5693
74 54 0 7105
64 80 1 6048
61 92 1 4856
26 100 0 1842
43 82 0 4058
36 51 0 2732
100 8 0 6563
48 13 1 9895
84 72 1 7168
93 13 1 4638
63 11 1 8254
35 76 1 1296
8 89 1 2597
62 65 1 6237
45 95 1 8436
13 75 0 2736
61 19 1 6911
22 37 1 6315
59 64 1 6201
9 5 0 6909
72 97 1 8574
35 45 0 6068
25 49 0 1731
87 52 1 6095
37 92 1 4779
12 21 0 2550
14 25 1 8451
17 71 0 5200
67 27 1 2878
34 48 0 7242
77 78 1 2421
75 55 1 2460
5 3 0 7134
30 74 1 7630
64 31 1 3602
53 88 1 8630
58 91 1 6271
58 77 1 2382
79 12 1 939
57 89 0 4632
82 43 0 837
60 75 1 2934
42 89 1 2240
93 60 0 8456
73 25 0 6061
6 69 1 6518
20 48 1 1125
98 100 0 7073
88 75 0 2329
63 25 1 5982
49 61 0 6921
59 93 0 9843
31 10 0 7227
90 84 1 9779
65 9 0 9999
59 29 1 8397
8 77 0 5163
48 14 1 9179
45 65 0 6882
12 63 0 5375
83 98 1 9619
26 16 1 7955
31 5 0 2582
62 59 0 1098
15 49 0 7301
22 35 1 8559
42 3 0 4189
87 100 1 5745
69 35 1 7265
56 3 0 1821
47 5 1 8712
27 87 1 9826
18 95 1 1616
39 3 0 401
50 61 1 6540
99 3 1 3278
3 65 1 2023
54 9 1 8509
22 94 0 911
8 85 0 5979
24 87 1 2810
42 70 0 9790
29 93 0 4830
44 65 1 929
62 18 1 5642
75 58 1 9026
21 30 0 5202
33 20 1 5982
50 21 0 2226
38 68 0 4331
91 7 1 7220
67 13 1 2648
44 1 1 2672
73 5 1 3891
33 79 1 1160
41 31 1 5738
85 95 1 148
69 92 1 9884
5 13 1 1540
71 98 0 2695
9 29 0 8168
63 20 1 6032
67 14 1 8283
87 11 1 8411
88 79 1 7560
83 73 1 6967
69 58 1 1214
98 27 1 2659
32 93 0 7857
40 24 0 65
84 36 1 8436
86 88 1 8972
18 91 0 2675
50 40 1 7779
31 88 0 2652
71 37 0 590
18 63 0 2092
39 72 0 7680
30 77 1 4295
41 44 0 487
8 50 0 5609
35 63 1 6674
74 76 0 3153
8 5 0 6745
32 18 1 8305
22 47 0 6904
61 44 1 9527
44 58 0 6472
79 28 1 9399
82 47 0 5592
86 31 0 4518
80 62 0 6675
76 42 0 3933
95 25 0 8834
57 84 0 522
62 17 1 2405
77 60 0 162
12 14 0 7607
76 45 1 1189
8 15 1 6446
72 7 0 3707
75 93 0 1754
35 77 1 9030
11 1 1 9405
75 34 1 6641
57 10 1 3427
51 71 0 3516
49 37 1 1365
61 4 1 133
8 49 0 5490
20 39 0 152
6 76 0 7274
73 86 0 4126
1 97 1 8894
98 39 0 3484
76 24 0 5077
11 53 0 4478
1 44 0 2445
6 9 1 4275
18 57 1 5490
49 42 1 5342
27 62 1 8313
99 66 0 993
57 22 0 5487
81 95 1 6339
45 88 1 2077
70 96 1 1824
65 81 0 7406
9 73 0 2230
36 45 0 1407
22 29 1 9681
18 19 0 3186
17 28 0 2277
42 60 1 5200
59 99 0 2955
3 95 1 1086
68 67 1 3998
60 62 1 1478
86 35 0 586
100 70 1 1323
37 27 1 2533
92 64 0 231
61 15 0 8643
20 6 1 8950
60 54 1 4673
90 67 1 7770
91 84 1 8955
70 59 1 390
35 1 0 3233
51 43 0 334
96 66 1 7936
36 54 0 5350
11 37 0 2831
21 58 0 7637
93 59 1 6417
74 93 1 3740
23 24 1 6905
43 37 1 7519
55 31 1 8754
29 19 1 6394
62 31 1 6414
38 44 1 642
80 27 1 2089
49 70 1 8122
64 74 1 9336
10 89 1 4598
6 97 1 3631
3 98 0 998
30 49 1 6643
28 46 1 17
22 30 0 4911
2 73 0 1007
68 65 1 9577
98 82 1 1325
84 100 1 4068
90 18 0 7117
64 86 0 2345
13 72 1 1864
54 19 0 9355
52 37 1 9462
8 3 1 7669
50 58 1 2813
46 25 0 5336
66 22 1 710
94 75 0 7542
73 75 1 9226
26 94 0 6587
70 91 0 1607
69 71 1 6090
21 96 1 9665
62 28 1 3373
96 78 0 5120
86 95 1 167
7 54 0 6245
94 66 1 5796
39 75 1 8489
40 98 1 7618
47 1 0 1023
75 29 1 3221
79 20 1 7415
33 85 0 8332
75 2 0 7278
65 15 1 4376
43 75 0 7379
40 8 1 703
88 37 0 7465
25 45 0 3155
52 96 1 8059
81 51 1 8847
97 5 0 6350
66 18 0 7205
59 39 1 5297
26 68 1 4035
5 33 1 1345
99 26 1 8626
55 50 1 6667
33 67 1 9283
85 77 0 5580
83 38 0 6873
98 61 0 290
17 88 0 9418
98 88 1 414
93 46 1 9501
89 10 0 8598
39 79 0 4048
11 48 1 2453
68 14 0 7791
60 69 0 5020
35 91 1 6502
4 2 1 6226
51 95 1 5000
49 30 1 6736
99 14 0 884
84 14 1 6612
90 86 1 4128
76 44 1 5977
88 55 1 6480
54 42 1 2869
89 64 1 3253
11 63 1 3556
37 53 0 3894
25 48 0 3868
29 84 1 8659
1 98 1 4944
77 40 1 6825
88 11 0 9806
61 69 1 9499
33 30 0 7911
67 82 0 2952
57 63 1 1575
63 14 0 4241
5 18 0 2433
89 63 1 5288
32 98 1 1839
57 69 0 3720
51 70 1 5205
78 28 1 8277
51 57 1 5696
57 13 1 6027
10 66 1 5505
62 20 1 8794
90 56 0 7488
34 50 1 8908
20 9 0 8917
31 95 1 3001
73 49 1 8650
35 41 0 6871
52 45 0 1691
90 28 1 6467
29 83 1 7471
36 19 1 723
30 42 1 2105
100 72 1 3372
71 74 1 2416
73 39 1 78
60 43 1 367
31 37 1 4589
7 1 1 8085
52 28 1 44
4 1 0 7399
6 89 1 541
62 16 0 9036
44 91 1 1605
62 46 0 1918
52 93 1 4944
80 79 0 4649
58 31 0 4827
3 14 1 3742
90 35 0 2949
10 42 1 4191
86 68 1 2981
73 77 1 8203
16 75 0 9905
99 92 0 3365
30 55 1 1051
75 85 1 8158
50 24 1 4165
34 92 1 5183
84 4 0 4906
38 50 1 5409
74 61 1 2300
23 1 1 3576
97 25 0 4115
81 31 0 3345
26 93 1 5772
40 86 0 9776
91 17 1 868
21 72 1 9074
62 91 0 675
99 61 0 5519
86 10 0 1510
57 2 0 9480
57 23 0 8040
17 70 0 6640
68 8 1 162
51 41 0 3376
2 42 1 8148
71 10 0 2631
52 100 1 9341
9 48 1 6302
69 43 0 1174
25 41 0 7196
4 89 1 2968
19 33 0 5939
46 92 0 1386
81 93 0 1845
12 100 1 4992
44 56 1 9247
7 77 0 72
98 30 0 3773
42 71 1 4286
37 64 1 6591
36 18 0 2499
86 76 0 3311
70 81 1 4021
73 10 0 9759
81 7 1 412
16 72 1 914
43 57 1 2710
78 43 1 9635
85 62 0 4087
30 36 1 6694
64 47 1 201
81 30 0 1936
93 23 1 6999
68 12 1 5051
10 23 0 1798
23 66 0 9909
66 59 0 6778
23 63 1 3498
52 65 0 6652
52 48 0 7476
21 49 0 4900
75 43 0 8813
58 78 0 3864
66 80 0 5246
86 79 1 7821
51 56 0 2674
85 57 1 2331
74 16 1 7506
50 92 0 2672
81 75 0 1344
12 70 0 6123
16 90 0 4710
91 77 1 9061
73 6 0 5079
31 70 0 3679
9 99 1 9942
58 13 0 1710
46 82 1 6894
25 69 1 8843
23 16 0 9433
5 66 0 2270
36 43 0 7595
33 99 0 2058
22 52 0 5601
75 3 1 9036
31 69 1 1491
94 14 0 9125
27 64 0 2796
50 18 1 2966
80 73 1 2860
17 92 1 2471
5 24 0 1629
3 8 0 3874
42 6 1 1291
33 100 0 8388
39 80 1 6948
9 80 0 7662
25 13 0 7289
51 97 0 3041
48 71 1 9286
6 70 0 2452
26 22 0 9388
38 39 0 2790
90 46 0 163
81 58 1 6800
94 34 1 6677
61 90 0 8817
70 18 1 9468
86 98 1 6486
47 15 1 7483
60 80 1 8701
2 15 1 621
27 31 1 2684
37 9 1 9669
9 44 1 7044
25 60 0 5094
84 15 1 3840
43 88 0 4847
78 45 0 5800
71 83 0 9529
100 56 0 9309
54 93 0 2641
6 3 1 4881
31 86 0 3597
35 97 1 7594
25 10 1 527
10 5 1 2469
71 32 1 9676
5 57 0 2785
1 77 1 5382
86 24 0 6312
4 37 1 6255
38 3 1 9841
100 57 1 3499
92 91 1 7210
13 24 0 6252
50 34 1 2949
60 48 0 1532
89 87 1 5773
20 79 0 3208
32 49 0 2182
73 51 1 6462
67 81 0 7253
17 23 1 8924
53 74 1 4451
1 47 0 5946
63 34 1 4931
12 13 1 4010
26 75 1 1498
56 19 0 5928
78 92 1 8817
44 31 0 7430
60 96 1 6291
3 16 1 5075
76 10 0 9887
20 71 1 3812
22 25 0 6288
41 97 1 5984
81 5 1 9660
79 75 1 3196
51 55 1 36
21 35 1 87
29 98 0 1272
31 38 1 1116
96 4 1 2313
28 32 1 3323
71 64 1 6586
81 71 1 280
27 36 1 1535
56 47 1 6226
100 3 0 2453
71 42 0 4488
75 7 1 156
73 8 1 1334
21 63 1 9353
59 18 0 8613
97 36 1 3028
56 20 0 8838
97 9 0 8058
76 17 1 1177
93 73 1 9781
38 14 1 5139
9 43 0 8646
83 44 1 3243
56 7 0 6918
48 26 1 1269
63 80 1 2176
32 17 1 9692
94 41 1 2625
65 26 0 6224
51 99 0 3552
15 6 1 7465
3 62 1 7537
78 21 0 316
39 28 0 4289
88 91 1 5781
44 63 1 4248
23 9 1 7209
50 99 1 7369
60 56 0 5323
68 70 1 4188
2 59 0 6154
57 75 0 289
92 21 0 1182
2 79 0 5326
14 75 1 4441
43 32 1 5904
66 32 1 6031
42 34 1 9264
23 25 0 9079
6 13 0 7146
55 41 1 286
56 75 0 728
77 51 0 8657
94 62 0 2806
16 55 0 9371
70 7 1 5483
39 59 0 3908
96 63 1 3942
54 75 0 9647
94 65 0 5550
3 70 1 1667
80 63 0 6627
90 49 0 5310
17 91 1 6324
94 98 1 850
85 20 1 837
64 1 1 9843
11 33 0 9307
90 64 1 3348
20 16 1 1019
11 36 1 4877
48 51 1 4719
77 67 0 7468
15 74 0 4245
5 69 1 7507
86 54 0 2121
10 41 0 9075
54 81 1 8614
98 2 0 586
28 53 0 8558
68 20 1 9920
9 26 0 3067
97 47 0 8501
52 61 1 51
55 96 0 1922
79 85 1 9349
43 13 0 3057
63 31 1 2057
79 36 1 5619
12 47 1 8484
19 55 1 8979
91 90 1 1264
45 8 1 7791
85 66 1 100
33 49 1 9025
83 34 0 5290
27 39 0 6004
94 71 0 247
83 62 1 3985
59 24 0 7323
47 40 0 9396
63 5 0 1905
41 15 1 2028
17 78 0 3836
4 45 1 5787
72 58 0 9195
67 23 1 2786
53 59 0 8845
69 10 1 8802
91 67 0 9542
68 80 0 9503
73 90 0 9673
61 7 1 4667
14 34 0 3337
31 18 1 7901
56 83 0 2381
26 80 1 7880
65 4 1 2577
45 92 0 7910
80 44 0 9860
62 78 1 3478
84 1 1 1638
91 89 1 3523
69 18 1 9532
44 38 0 8065
68 43 1 289
47 35 0 2726
62 14 1 1734
97 30 0 161
60 40 1 1122
88 66 0 5434
29 39 1 3166
15 95 0 3625
83 25 0 5835
63 83 0 9470
90 87 1 9124
82 84 0 7007
98 78 0 2285
3 78 0 4390
100 81 1 5535
100 60 1 1538
77 92 0 3863
55 42 0 5003
53 41 0 9466
74 57 0 5390
35 25 1 7894
89 74 0 118
45 48 0 1307
30 26 1 4308
48 27 1 5348
98 62 1 3653
11 79 1 6679
25 100 1 8161
85 5 0 3594
66 62 1 3432
25 21 1 7331
63 93 0 2325
46 95 1 1680
76 13 0 2593
51 5 0 3456
27 52 1 4953
88 35 1 2321
91 16 0 6062
34 65 0 4468
7 16 0 3629
43 3 1 4659
89 22 0 4779
73 95 1 831
98 74 0 3100
75 14 1 5964
20 18 0 4574
80 7 0 6431
49 43 1 528
56 24 1 7643
92 89 1 1581
27 72 0 463
64 97 0 124
61 74 0 7450
76 58 0 2809
45 69 0 5801
81 1 0 6188
35 57 0 9263
23 19 1 3560
94 1 1 9937
47 4 0 5293
56 2 1 5808
55 59 1 188
95 62 1 2705
17 99 0 6015
93 61 0 6699
81 25 1 2199
38 53 0 9881
78 6 0 3375
59 8 0 2975
70 65 1 2118
98 79 1 9400
41 80 1 6333
45 42 0 5762
39 32 1 9842
9 68 0 6204
55 19 1 6416
67 58 1 6974
90 25 1 1554
87 28 1 7845
85 29 0 4748
21 29 1 5538
4 20 1 7283
74 49 0 3534
26 47 1 461
50 85 0 2149
33 59 0 5100
12 69 1 3278
60 5 0 8301
56 65 1 8610
43 73 1 7059
38 66 1 2135
76 36 1 1224
18 93 0 8835
64 43 1 8183
26 61 1 6065
71 79 1 601
6 87 0 9367
30 37 0 2287
98 31 0 5421
53 66 0 2798
93 10 0 1935
59 31 0 4480
66 56 1 7652
71 77 0 6394
44 92 1 275
23 11 1 7961
94 60 0 2082
84 85 0 5064
57 37 0 9618
59 58 1 9349
4 35 0 1860
76 97 1 163
76 49 1 5313
100 33 0 7408
71 91 0 1493
36 39 1 308
8 38 1 1127
28 50 1 5312
7 50 1 270
79 74 0 1987
3 76 1 6838
52 17 0 1214
8 12 1 2531
77 11 1 6879
35 50 0 9703
99 56 1 6938
5 49 1 7675
25 82 0 3701
38 19 1 4191
11 55 0 3701
45 60 1 3557
100 62 0 1799
87 50 1 6136
22 28 1 9598
35 22 1 9946
45 4 1 211
22 15 1 9736
100 22 0 9148
76 35 0 5938
20 31 1 4892
55 18 0 2942
93 57 1 9936
56 5 1 3921
44 90 0 7326
5 45 1 9196
22 41 0 6964
85 33 0 660
72 5 0 5801
25 5 1 8169
9 1 1 3553
23 30 1 785
53 89 0 4628
76 19 0 2779
85 88 0 4119
89 77 1 3828
83 43 0 1318
61 93 1 2080
90 53 0 4610
52 6 0 9153
2 80 1 1016
51 91 0 5397
79 84 1 9049
38 6 1 7557
58 89 0 5105
39 49 1 5836
100 61 1 6039
66 85 1 5308
96 46 1 3015
66 65 1 7564
8 28 1 6259
10 63 1 9608
87 47 0 4928
71 76 1 5813
81 76 1 2325
81 11 0 3375
44 17 0 1061
34 60 1 7576
35 49 1 143
18 9 1 2540
55 62 0 6602
61 59 0 7176
21 67 0 364
1 13 0 505
12 39 1 298
83 20 1 2439
85 18 1 245
53 11 1 7839
97 46 0 8401
20 7 1 4393
57 100 0 8267
6 1 1 8989
21 15 0 2732
21 28 0 633
78 13 0 4453
29 80 0 1460
83 80 1 8451
5 71 0 4431
74 79 0 6785
6 15 1 1369
35 20 1 3664
69 90 1 9688
42 64 1 5307
72 96 0 3162
9 62 1 3119
49 29 0 286
36 4 1 3492
38 1 0 891
8 84 1 2509
98 99 0 3907
88 13 0 6174
23 70 0 9588
51 82 1 8809
87 82 0 5666
76 75 0 712
3 66 1 2337
52 46 1 2226
5 72 0 7656
77 53 0 5507
51 49 1 4087
25 52 0 4674
48 28 0 6115
31 13 0 5856
73 1 1 2686
73 21 0 6593
56 69 0 4836
29 14 0 479
24 84 1 8406
32 37 0 7709
59 65 1 4399
6 17 1 2675
21 18 0 3620
1 96 0 5566
3 47 1 1428
9 25 0 8136
48 59 1 381
27 73 0 9207
27 100 1 5032
58 47 0 6305
54 33 1 9548
2 17 0 9097
7 6 0 5507
52 7 0 2414
30 53 1 2878
10 57 0 3681
55 83 1 9440
1 65 0 4758
89 48 1 6082
54 59 0 3808
82 19 1 8844
10 76 1 3578
47 38 0 3139
3 26 1 8266
75 80 0 5975
85 87 1 1850
41 64 0 8249
35 86 1 301
53 64 1 8344
62 100 1 2390
1 21 1 2738
84 2 0 4086
9 35 0 6760
53 27 0 9601
95 36 0 6335
9 83 1 7777
65 27 1 173
85 41 1 8852
9 100 1 8000
23 62 1 4273
19 42 1 3871
53 29 0 5952
38 55 1 9984
48 91 1 209
68 62 0 1619
87 43 1 8595
3 1 1 1557
98 51 0 8338
86 14 0 946
41 75 0 1830
22 90 1 4965
41 3 0 445
60 51 0 7139
6 30 0 169
26 72 1 1186
63 29 0 5817
38 88 1 6012
100 77 0 8365
47 46 1 6696
78 37 1 5049
87 34 0 7436
69 65 1 5623
3 59 0 6418
51 39 1 3999
94 99 0 381
48 96 0 5761
56 93 0 452
37 30 1 4428
56 81 0 9587
34 73 1 4947
85 80 0 427
61 23 0 7181
16 52 0 406
21 92 1 6330
25 50 1 82
11 12 0 7601
28 72 0 5138
96 49 0 7382
17 41 0 453
50 97 1 8251
49 86 1 9297
55 48 1 4771
56 95 1 3816
79 71 0 1733
90 29 1 6609
50 23 0 9048
49 1 1 1104
32 79 0 380
49 19 0 1881
77 32 1 6160
34 24 1 4674
64 84 0 7524
90 48 0 3423
7 51 1 1240
25 34 0 3540
85 23 1 918
93 48 1 9908
89 34 1 9752
88 50 0 7633
80 35 0 9511
68 42 0 5382
4 74 1 4525
61 2 1 7212
5 58 1 7867
38 99 1 2789
39 4 0 2940
20 72 1 3446
68 98 1 5700
33 24 0 7830
44 23 0 797
36 32 1 9202
41 6 0 2872
68 78 0 9293
37 46 1 5980
16 98 1 9476
97 18 0 5046
72 42 1 9807
82 49 0 7027
74 35 0 9278
32 11 0 8389
1 54 0 6112
81 88 0 2278
62 47 1 9544
25 18 0 8438
5 43 0 5759
84 21 0 7315
71 89 1 5769
81 92 0 1320
83 9 0 3437
65 37 1 2722
84 49 1 9861
57 41 0 6134
58 79 1 9308
2 61 0 3219
8 37 0 5012
44 96 0 4499
2 23 1 9159
40 62 1 5316
44 54 1 9339
76 67 1 3208
2 39 1 8238
41 73 1 1336
17 49 1 9786
51 67 0 6293
44 43 1 9554
19 56 0 1957
24 98 1 2555
11 43 1 2258
59 11 0 1196
75 95 1 5727
45 9 0 8739
30 18 0 8601
68 77 1 6875
96 39 0 7775
96 29 0 4788
100 74 0 4654
91 52 0 1058
65 8 1 9240
66 5 0 4609
36 72 1 7025
82 59 0 3215
78 59 1 602
83 6 1 1005
31 49 1 6945
7 3 0 5776
51 90 1 4972
38 62 1 902
27 16 1 7025
89 4 0 4127
10 79 1 1661
82 23 1 5830
95 92 0 7758
18 66 0 1215
82 33 0 8189
59 19 1 3798
29 20 1 4181
71 92 0 4128
68 19 0 5405
80 18 1 1948
2 98 0 6713
63 24 1 7057
97 64 1 1139
98 40 1 2164
28 71 1 2363
16 53 0 5253
16 3 0 1421
90 17 0 8753
28 23 0 3459
56 13 0 5422
12 97 0 6155
38 94 1 9192
24 77 1 8556
2 93 0 1011
25 74 0 3914
9 36 1 4300
41 89 1 713
53 98 1 5572
93 19 1 5466
71 84 1 5459
70 61 1 1512
28 98 1 2267
66 95 0 9270
3 94 0 4097
11 69 1 2470
95 98 1 3674
92 96 1 6722
28 37 0 887
77 94 1 2827
9 12 0 2166
28 60 1 5333
5 48 0 2847
7 76 1 8125
33 62 0 9503
32 92 1 1057
64 53 0 5949
48 43 1 9168
91 48 1 5151
62 87 1 5978
94 42 1 7144
96 79 1 2223
13 45 0 2603
87 77 1 7100
62 43 0 9902
73 74 1 9465
41 47 0 2997
6 48 0 3620
28 88 0 7911
64 76 0 450
21 51 1 1014
41 20 0 8060
43 15 1 2315
57 7 1 7494
37 96 1 6562
12 72 1 1965
3 29 0 4158
45 50 0 1792
61 71 0 1792
7 35 0 8595
36 17 0 5611
6 51 1 4609
16 34 0 970
54 71 1 1991
20 63 0 2604
65 72 1 4732
7 78 0 5142
32 21 0 7620
73 33 1 7592
2 20 1 6362
14 43 1 3192
94 81 0 8747
17 35 0 5559
82 98 0 1026
92 55 1 4220
61 91 1 5375
52 86 1 9969
9 4 1 9004
22 24 0 7330
66 98 1 2983
29 49 0 8035
96 36 0 6719
9 21 1 5231
77 24 1 1133
7 20 0 2270
24 99 1 174
36 70 1 6892
37 60 0 8811
39 68 1 4863
79 17 1 6821
14 73 1 9276
6 60 0 8761
93 41 0 6173
44 5 0 3419
33 70 1 7920
64 88 1 4501
22 73 1 6769
90 70 1 3612
74 10 1 637
96 32 0 6168
53 34 1 1356
95 40 1 1485
45 79 1 6334
17 81 0 11
9 59 1 1589
6 91 0 2711
50 16 0 4768
98 34 0 7017
70 39 1 6072
62 76 0 9633
10 35 0 6431
37 71 0 5912
32 24 0 496
35 16 1 9980
15 24 1 2339
25 67 0 8762
72 73 0 299
57 70 0 4506
53 65 1 1756
95 21 0 9028
21 73 0 124
3 18 0 9844
52 64 1 2805
65 36 0 2488
46 4 0 1275
54 64 1 3620
50 14 1 8548
64 9 1 1384
75 72 1 8092
19 34 0 4213
46 55 1 8307
7 15 1 5600
95 54 0 785
90 52 1 741
60 31 1 8400
83 40 0 3344
89 98 1 4799
86 42 0 1734
25 86 1 486
44 30 0 6255
21 82 0 844
37 49 0 374
36 42 0 4257
92 15 1 4358
29 86 1 4276
59 9 1 4391
56 9 1 470
29 56 0 6315
60 38 1 4603
16 65 1 9457
6 99 0 471
25 37 1 1516
47 68 0 9997
81 97 0 9392
32 70 0 6088
63 82 0 3670
61 87 1 8830
34 32 1 9005
84 87 1 9717
39 44 0 3450
84 97 0 3848
22 56 1 7921
56 62 0 843
50 48 1 9292
50 26 1 6402
96 23 0 606
60 71 0 5227
10 46 1 3470
3 74 1 3253
71 66 0 495
51 93 1 3024
57 66 1 2988
73 22 1 940
72 67 1 9643
66 21 1 8831
62 53 1 761
49 57 0 6333
44 22 0 2810
16 73 1 230
73 65 1 774
4 68 0 659
49 69 1 7003
79 59 0 1192
27 12 1 3947
25 27 0 4509
97 80 1 8134
79 11 0 1683
31 39 1 900
93 21 0 525
28 48 0 759
25 31 1 3139
9 67 0 3559
91 32 0 3049
72 16 1 7432
65 24 0 3755
83 55 0 5333
14 69 1 2911
82 11 0 7300
12 3 0 9318
72 36 0 3758
55 5 1 5621
12 83 1 4098
72 66 1 4707
60 27 0 218
61 16 1 8263
46 58 0 4649
59 37 1 4638
88 92 1 7013
16 43 0 9486
3 25 1 4845
23 72 1 4601
4 5 1 7873
90 36 1 1214
10 85 0 3085
47 27 0 8980
97 100 1 7921
57 56 1 5664
88 89 1 4896
40 70 1 3763
68 13 1 2860
82 15 0 2209
6 37 0 3716
71 47 1 92
79 95 1 1077
54 36 0 7598
52 80 0 7106
22 88 0 3802
39 96 0 1265
45 54 0 3023
50 76 0 4572
55 29 1 4712
35 62 0 7629
68 97 1 5599
24 81 1 1572
15 1 0 7711
71 54 1 6088
45 18 1 4277
28 80 1 6940
58 67 1 8107
33 5 1 6810
87 6 1 8958
89 2 0 5042
1 60 0 6279
55 49 1 1868
99 32 0 5930
27 34 1 2635
74 70 0 2464
32 15 0 1765
58 7 0 8754
4 75 0 4596
2 49 1 8936
45 41 1 4561
59 16 1 6600
45 33 1 1613
50 22 0 2469
50 9 0 2397
41 70 1 5366
95 29 0 6551
12 75 0 7229
96 41 1 1674
80 45 1 6435
42 7 1 8644
2 44 0 8391
56 66 1 843
72 52 1 9068
20 56 0 3478
83 4 1 437
70 4 0 7122
62 56 1 7077
74 32 0 4098
41 78 1 7266
100 52 0 6283
19 24 1 5916
57 26 1 6663
14 16 1 1738
23 52 1 4164
22 86 0 3360
79 72 1 9842
36 64 1 497
63 49 1 7290
48 42 0 8221
92 63 0 1290
13 94 0 9522
1 20 0 5705
69 62 0 9148
58 23 0 1046
53 83 1 3354
67 76 0 6274
63 7 1 7667
87 30 0 4057
9 2 0 7783
100 39 0 550
25 33 0 2114
86 29 0 9891
35 30 1 3934
32 12 1 6578
8 43 1 4075
53 16 0 1819
44 62 0 3862
18 30 0 4381
33 78 0 9383
68 37 1 2370
27 49 0 1527
46 68 1 6016
76 29 1 9088
84 22 0 1441
34 72 0 2340
23 33 1 4453
52 5 0 8835
90 66 1 9445
54 25 1 1575
99 88 0 4891
24 20 0 5162
57 3 1 7090
17 100 1 7884
67 89 0 8541
53 97 0 9572
32 76 1 7189
100 97 1 6845
16 7 0 7464
19 37 1 8058
66 79 1 6145
10 87 1 7595
11 61 1 9147
93 53 1 7230
83 85 1 6431
46 29 1 3249
31 81 0 8597
13 55 0 3796
44 74 1 7623
67 56 1 9500
24 50 1 2729
96 54 1 6662
35 46 1 9492
66 100 0 3248
45 49 1 817
67 96 0 6864
5 99 0 1269
67 52 0 6279
3 80 1 5788
6 2 0 1844
82 40 0 2188
74 24 0 9459
22 48 1 330
70 46 1 8986
77 41 1 1143
55 81 1 8694
81 94 0 8767
68 89 0 636
76 65 0 4412
61 84 0 4164
16 57 0 2135
76 66 1 9578
7 79 0 2704
19 38 0 3903
51 50 0 3912
7 18 1 2070
77 69 0 6151
31 44 0 3446
4 100 0 3149
82 85 0 885
78 25 0 8019
81 43 0 2645
35 78 0 2862
94 48 1 6564
58 92 1 884
16 4 0 3892
71 29 1 2197
44 6 0 3167
83 51 0 9908
36 77 0 8759
53 63 0 1445
33 89 1 363
95 13 1 9285
62 81 0 9195
35 58 0 2113
37 54 0 2836
21 17 1 8949
34 9 1 4763
45 72 0 6571
32 72 0 1351
18 67 0 3260
64 4 0 9412
30 79 1 2808
19 61 0 5355
50 75 1 1113
86 81 1 8380
38 28 0 2870
54 41 1 1935
18 89 1 3140
32 97 0 9782
60 44 0 3840
17 52 0 9555
44 72 0 6126
32 16 0 4310
58 29 1 5694
50 37 0 9846
46 81 1 4003
98 93 1 4593
94 21 0 1722
39 76 0 8427
55 53 0 7568
44 29 0 942
100 53 0 4184
22 68 0 459
99 17 1 760
16 42 1 8389
99 49 1 9771
47 9 0 8699
60 47 0 2247
3 36 0 4871
93 52 1 3187
87 78 0 1669
23 13 0 1089
69 66 1 1515
74 58 1 3801
18 81 1 3604
89 78 1 3889
21 4 1 9694
77 43 0 2059
30 85 0 7053
15 69 1 8665
36 98 0 9151
56 71 0 1248
35 92 0 4529
80 96 1 2777
59 67 0 1981
15 85 0 5487
25 90 1 1937
25 85 1 1515
3 84 0 2542
55 84 1 8299
31 3 0 60
63 44 0 9383
22 53 1 5824
77 93 1 2671
25 40 1 5813
69 6 1 8450
87 57 1 4058
44 3 0 3981
98 77 0 7040
68 82 1 698
2 82 0 9651
36 38 0 8767
66 76 0 7357
91 73 1 8718
15 30 1 9524
30 60 0 8590
14 13 1 1702
57 44 1 1389
14 100 1 7838
75 79 1 8949
47 8 1 4652
37 69 1 328
86 99 0 7856
41 8 0 2120
33 76 0 3158
51 24 1 9586
64 69 1 3579
72 95 0 6595
86 38 0 2487
54 91 1 3218
43 45 0 8970
31 36 0 5883
96 30 1 3264
40 57 0 8011
76 84 1 802
98 91 0 4332
69 24 1 3066
79 49 0 630
58 4 1 3356
97 12 1 9694
100 67 0 8401
65 83 1 5950
66 81 0 3676
49 36 0 2220
21 59 0 4634
64 10 1 5251
57 28 1 2651
93 32 1 614
70 53 0 5160
16 74 0 8707
30 100 0 2231
62 9 1 6018
99 20 0 9146
24 52 0 9798
98 67 1 4455
51 74 1 2248
64 34 1 668
33 1 1 1805
98 56 1 7273
62 85 0 7185
89 45 0 4719
28 61 0 3751
57 48 0 3699
90 91 1 3900
40 93 0 2831
71 27 1 9297
5 9 1 3515
47 28 1 3298
85 97 0 2589
7 31 1 2746
80 12 1 625
84 76 0 2224
19 92 1 639
94 44 0 8960
85 1 0 5122
74 25 1 6372
56 90 0 9019
41 93 0 9694
5 38 0 4155
3 82 1 5417
77 26 0 763
95 44 1 9622
33 34 1 2819
23 96 1 1240
91 65 0 6514
71 97 1 3430
34 41 1 1859
14 85 1 291
25 6 0 1587
15 4 0 9455
37 62 1 6888
15 100 0 4887
31 76 1 4444
86 89 0 111
46 44 1 7198
33 54 0 6944
88 60 1 1608
7 41 1 9830
2 11 1 61
54 57 0 3695
74 5 0 2722
42 18 0 8467
72 77 1 641
89 55 1 455
25 71 1 5645
74 68 1 3940
35 85 1 8346
27 53 0 3576
63 15 0 2410
89 9 0 170
24 2 0 9317
98 5 0 5378
15 34 0 2427
74 85 0 6852
39 5 1 4095
94 17 1 4276
50 71 1 2630
60 6 0 2413
84 65 1 4823
4 90 0 2659
32 57 1 6002
74 36 0 8353
57 46 0 3627
31 91 1 2851
4 19 1 1492
50 79 0 8180
79 62 0 1213
74 98 1 2426
95 99 0 5188
54 17 1 3727
36 99 0 4648
28 35 1 6367
90 80 1 8414
14 2 0 7963
26 6 1 9890
63 3 1 5604
98 32 1 4164
94 46 0 1588
60 74 0 342
53 95 1 2133
31 65 0 7562
20 99 1 1574
51 17 0 1674
31 21 1 1309
12 67 0 41
19 12 1 1385
99 36 0 1358
50 10 1 3749
38 54 0 966
31 29 0 7314
23 69 1 4125
12 1 1 5505
22 82 1 4840
62 15 1 449
86 2 0 1341
71 68 1 4002
14 51 1 2102
89 16 1 6126
25 75 0 8594
14 21 0 1655
88 70 0 4932
99 52 0 4372
89 58 1 8025
90 45 0 8565
87 16 1 4900
80 20 0 7001
39 7 0 2010
73 89 0 316
80 49 1 9172
60 55 0 8239
48 86 1 7355
65 18 1 3736
100 49 0 6984
84 41 0 799
83 33 0 8669
97 45 0 4246
7 22 1 2706
32 7 1 201
83 75 0 6975
81 68 0 6759
3 81 1 7674
84 83 0 4601
79 93 1 1187
57 73 1 7657
12 49 0 4963
83 81 1 5098
13 44 1 9463
34 80 1 9882
79 26 0 6524
86 82 0 4180
80 46 1 7738
95 60 0 8538
59 73 1 5784
39 23 0 2280
68 11 1 2853
41 100 0 7329
8 97 0 5700
42 30 1 18
23 6 0 9458
60 63 1 6931
89 36 1 3184
62 82 0 7490
94 68 1 5859
33 23 1 8972
13 100 0 2741
90 41 0 9236
2 76 0 1698
30 46 1 6779
57 65 0 6041
23 18 1 4614
94 37 1 8849
96 37 1 621
35 40 1 7790
90 47 0 7324
6 96 0 2121
68 63 1 9505
38 96 0 9502
3 60 1 992
58 53 1 8537
91 12 1 5143
88 30 0 5188
8 36 0 3339
78 79 0 4999
61 97 1 2283
26 78 1 8838
47 93 0 996
44 75 0 2943
13 5 1 5378
58 74 1 156
81 60 1 6854
40 5 0 9776
91 22 1 3671
38 100 1 3272
67 87 0 1663
24 70 1 8164
97 50 1 4998
10 80 1 337
38 87 0 6994
47 96 1 112
85 61 1 964
14 31 1 8223
13 80 0 7448
27 96 0 529
49 41 0 5670
73 3 1 6290
18 96 0 7130
59 98 0 6491
61 88 0 1514
97 54 0 4380
31 89 1 2340
60 50 1 2907
43 92 0 4253
47 86 0 1004
66 15 0 2725
44 66 1 2889
97 63 0 3926
17 51 0 9682
1 80 1 9163
72 93 0 966
64 77 1 6177
87 85 0 5992
84 90 0 4005
59 48 0 6350
32 99 1 3716
99 13 1 5221
51 76 0 9684
90 22 0 6144
91 11 0 8987
80 41 0 277
50 15 1 4446
33 18 0 7535
20 3 0 9445
61 5 0 9172
77 54 0 7736
17 79 0 9223
8 53 0 6608
96 12 0 4737
44 20 1 4917
32 34 1 1273
88 42 0 9012
34 91 1 5686
95 80 1 5493
78 87 0 8621
76 53 0 1491
55 80 0 8046
90 19 1 8207
40 55 0 5006
61 27 1 649
45 20 1 9395
33 98 1 9591
6 73 1 525
86 7 1 1976
9 56 0 3680
13 2 1 3685
7 2 0 2975
27 55 1 697
14 65 0 8109
79 27 0 7773
98 53 0 8205
55 34 0 5041
90 6 1 5964
97 70 1 4892
12 50 0 873
78 95 1 5927
32 41 0 8990
100 25 1 6244
11 57 0 6327
58 22 1 3617
13 60 1 6443
89 29 1 8686
38 46 1 9577
93 39 1 407
88 6 0 4056
19 69 1 6097
53 55 1 3186
84 57 0 1896
33 68 0 9669
39 47 1 2574
57 92 0 8111
96 55 1 3784
36 35 0 9218
100 71 1 4933
38 72 0 1184
61 96 0 1666
38 7 0 307
62 75 1 467
5 25 0 2569
52 78 0 1475
10 51 1 2844
16 2 1 7755
60 77 0 5888
22 45 0 2363
31 12 1 4981
73 24 1 9695
52 56 0 4644
19 46 0 5546
71 17 0 3197
45 98 0 3764
60 98 1 1706
53 33 0 9644
17 47 0 1559
51 62 1 7914
1 67 0 563
49 77 1 3387
6 10 1 2767
34 67 0 5742
59 21 1 3434
27 51 0 347
19 40 0 415
5 11 1 7616
66 51 1 1299
85 40 0 529
7 4 0 2167
24 88 1 9950
34 44 0 2632
21 26 1 395
28 3 1 4344
82 64 0 2804
60 8 0 8280
30 22 1 5198
97 44 0 3366
48 15 0 2851
62 97 1 6279
10 88 1 7906
7 59 0 5503
31 82 0 2668
3 77 0 5445
62 64 1 8797
48 24 0 3030
95 48 1 8474
24 61 1 1151
36 53 1 8228
16 93 0 8077
98 69 1 3559
69 33 1 7164
90 77 0 5728
55 8 0 1072
86 70 0 2165
11 35 1 9885
15 68 0 6036
79 6 0 1680
82 58 0 6108
44 100 1 7931
62 92 0 3489
72 65 0 5741
2 63 0 9862
90 2 0 7653
75 99 1 5120
18 60 0 5580
27 65 1 2445
79 77 1 7554
91 20 0 4805
36 90 0 9158
81 26 0 1670
90 61 0 6308
66 96 0 13
9 23 0 8103
83 36 1 4423
6 42 0 8188
7 60 1 1999
95 5 0 7335
88 67 0 5892
65 92 1 6008
69 7 0 4400
5 61 0 2757
44 98 1 4033
98 83 0 7816
35 28 0 4281
26 79 1 9723
97 83 1 5102
54 83 1 3110
87 95 1 3640
83 90 1 8721
81 33 0 297
58 68 0 3755
91 61 1 3187
41 7 0 7995
34 95 0 788
76 12 0 29
9 88 0 4378
5 16 0 4178
61 31 0 6010
73 92 0 7872
57 83 1 3163
9 97 0 8123
59 52 0 3025
100 98 1 8852
75 66 1 5449
19 22 0 4287
1 55 1 6493
74 34 1 4605
87 31 0 4983
3 45 0 7602
23 83 0 4094
99 28 1 7352
82 60 1 5361
97 29 0 1971
10 14 0 2760
100 44 1 3600
92 72 0 7043
92 51 0 5799
63 1 0 196
23 49 0 979
18 82 0 3504
43 39 1 115
1 45 0 9312
70 47 0 1976
62 36 1 8384
58 97 1 1049
11 41 0 242
53 73 0 3005
99 65 1 4257
96 94 1 4210
23 87 0 9233
100 21 0 1299
26 58 1 1079
13 3 0 8876
47 18 1 2689
52 41 1 5504
95 51 1 8556
35 29 1 2117
66 84 1 4635
63 32 0 6909
17 82 1 454
33 48 1 7767
18 49 1 1985
38 95 0 9346
56 41 0 9068
17 1 1 5534
85 81 0 1220
1 35 1 506
86 8 1 5800
10 33 1 3924
5 40 1 3829
94 5 1 538
43 95 0 4876
36 93 1 4615
79 35 1 8306
79 99 1 8010
16 78 1 9913
100 10 0 542
30 73 1 5502
23 48 0 1428
58 94 0 8366
30 39 0 4655
28 1 1 7967
13 82 1 2537
8 19 0 1271
7 21 0 6199
49 87 1 8337
85 14 1 9159
13 17 1 2234
76 16 1 9943
79 22 0 486
12 42 0 5938
74 66 1 3173
47 64 0 1971
5 68 0 7540
89 84 0 1879
70 26 0 5179
11 70 1 5313
95 57 1 1964
20 1 1 7812
7 42 0 1206
10 93 0 8173
25 51 0 5850
12 36 0 3014
9 19 1 4662
69 87 1 8921
20 84 1 8069
100 68 0 361
95 71 1 3191
23 77 1 3093
86 57 0 6039
1 51 1 9271
100 12 0 1511
65 100 0 3727
52 16 1 145
27 70 1 9448
40 63 1 9340
53 84 1 8796
56 55 0 7760
58 28 0 1813
20 5 1 7906
13 83 1 802
51 46 1 2426
31 43 0 5993
37 72 0 7583
19 47 1 843
54 52 1 1828
32 55 1 4279
41 17 0 8107
54 73 0 8239
18 17 0 4732
85 72 1 5755
1 23 1 5433
27 30 0 3165
26 71 1 8779
72 19 1 843
71 13 0 8751
47 58 0 1754
53 54 1 888
78 82 0 8985
100 89 0 4388
50 11 0 6087
46 17 0 848
57 88 1 5300
41 81 1 4002
83 61 0 247
10 44 0 4275
43 4 0 8758
20 95 1 1620
26 83 0 6283
84 24 1 9924
92 41 1 2221
94 15 0 8
35 32 1 4199
23 57 0 9680
99 68 1 9863
14 48 1 874
30 25 1 8678
37 90 0 3206
61 6 0 3524
1 53 0 3702
28 51 0 2814
59 5 0 8519
10 47 0 109
58 100 1 8281
23 94 0 8304
65 42 1 8853
85 64 0 783
76 61 0 7410
45 14 0 5596
24 9 1 6909
63 85 1 5082
96 34 1 865
85 71 0 4665
28 84 1 5353
59 10 0 8422
96 25 0 7105
46 71 1 2129
74 23 0 5996
37 41 1 4143
17 12 0 6611
80 13 1 794
73 31 1 1960
37 68 0 5274
82 89 0 4529
48 62 0 9408
16 48 1 8496
85 83 0 8604
25 81 0 1279
65 32 1 8696
93 11 1 2149
39 78 1 9606
45 94 1 4747
45 27 0 2204
50 30 0 6257
17 15 0 333
11 90 1 1477
10 70 1 9185
99 31 0 9247
12 81 0 8749
84 48 0 1826
91 37 0 7235
13 46 0 7606
88 62 1 7520
25 28 1 4134
50 93 0 4618
44 80 1 7831
66 38 1 2622
5 75 1 5105
57 52 1 1452
43 14 1 993
75 35 1 3690
49 24 1 3987
13 37 0 8153
82 63 0 1113
33 90 1 5204
94 32 0 1026
22 32 0 3091
3 61 0 1230
85 28 1 3751
31 48 1 589
74 91 1 2370
50 3 0 9236
16 44 1 1462
55 22 1 7533
8 64 0 5741
7 95 1 7402
30 72 0 4628
37 12 0 1316
89 46 0 1944
84 60 1 4511
1 82 0 7149
94 47 0 7153
81 42 1 601
66 41 0 3970
19 27 1 5958
89 86 0 4108
46 76 0 8443
96 20 1 5071
50 78 1 7178
22 33 1 8154
15 33 1 901
63 59 0 2544
66 88 1 182
54 6 0 9450
7 45 1 6182
91 94 0 3526
15 3 1 5754
69 15 1 4693
17 46 0 5934
11 66 0 8987
88 48 1 8352
91 27 1 392
3 32 1 3143
64 35 0 4940
3 46 0 9267
53 6 0 82
20 54 1 5449
63 79 1 9022
73 61 1 48
82 51 1 5275
69 20 1 1590
88 68 0 4087
56 6 0 5675
55 76 0 418
38 2 1 7015
21 33 0 248
65 78 0 1561
16 13 0 8243
2 3 1 166
36 87 1 8738
27 69 0 1896
77 20 1 8453
49 93 0 4634
53 57 0 9284
31 73 1 3315
80 92 1 6390
1 95 1 5011
47 19 0 8382
28 68 0 6613
89 69 1 2873
26 25 1 3000
6 59 1 1157
72 55 0 4320
49 85 1 1123
77 87 0 8063
15 89 1 4037
13 67 0 680
35 15 0 3918
55 79 1 7908
28 94 1 1307
70 93 0 1187
96 89 0 4377
73 38 0 2807
7 17 1 4122
15 61 1 3735
88 38 0 646
38 35 1 7843
62 100 0 854
62 6 0 1365
10 58 0 9557
98 14 0 8502
19 16 0 4620
62 54 0 6814
60 92 1 4051
34 75 1 3899
19 48 0 7994
18 6 1 3973
26 45 0 8670
70 88 0 6622
77 81 0 1071
7 68 0 4726
97 24 1 5361
65 96 0 493
48 54 0 8526
63 55 1 3355
92 48 1 5612
2 50 1 3444
98 87 1 1693
41 10 1 1671
54 24 1 7056
78 24 0 849
88 77 1 5576
40 32 1 1317
68 52 0 9403
37 18 0 370
18 1 1 1262
62 80 1 9322
55 38 1 2257
73 93 1 2838
67 31 0 3269
82 70 1 2567
41 2 0 1883
30 52 1 1295
80 39 0 2132
53 2 0 5615
48 45 0 1970
1 58 1 6269
9 85 1 3278
7 46 1 1620
68 34 0 4098
20 58 0 8271
14 95 0 6357
19 76 1 4714
89 13 0 7520
37 82 0 7723
86 80 0 5382
80 17 0 6857
75 65 0 4379
99 78 0 853
62 39 1 4540
8 14 1 2120
8 7 1 2831
9 6 0 5468
34 86 1 9231
57 27 1 2501
36 75 0 4941
38 67 0 7301
22 36 0 4977
59 74 1 5934
62 96 1 5305
51 77 0 9551
50 56 0 6476
33 61 1 1428
59 30 0 4428
67 33 1 4737
94 54 0 4908
26 33 0 9452
46 62 0 9695
80 51 0 379
28 17 1 6009
43 49 0 3764
32 20 1 5852
39 88 1 2016
22 42 1 9837
99 100 1 2570
78 62 1 6815
87 13 0 6046
56 4 1 4824
43 35 1 4142
95 8 0 3723
66 92 1 1015
70 16 0 2581
34 71 0 7031
84 86 0 5713
90 34 1 1858
82 42 1 6184
65 48 1 9281
69 9 1 2769
73 32 1 7297
19 89 1 5227
80 99 1 8
88 47 1 4801
6 46 1 9554
91 76 1 8842
99 24 0 6693
42 41 0 672
53 24 0 1636
83 96 1 4736
100 63 1 4319
39 97 0 1954
25 94 1 4686
17 18 1 2446
100 46 0 272
92 98 0 179
51 15 1 835
34 5 1 5297
61 98 0 1457
97 73 1 7211
43 91 1 549
3 4 1 2300
23 64 0 887
6 26 1 9799
95 27 0 5192
62 50 0 5236
47 82 0 7204
1 70 1 5701
50 31 1 6109
65 6 1 2003
13 28 1 4328
89 61 1 4359
39 55 1 6281
48 52 0 4983
80 98 0 5143
65 75 0 1786
18 40 1 7353
60 12 1 7964
42 51 0 5221
54 74 1 293
76 71 1 2684
4 46 0 7525
54 46 1 7876
81 34 0 2161
45 64 1 6108
37 66 0 4952
93 24 1 4229
82 65 1 1497
9 34 0 4218
5 56 0 1351
44 53 1 8487
53 7 0 1968
43 55 0 106
57 70 1 670
46 22 1 517
71 60 0 4962
9 70 0 3366
61 81 1 7364
46 49 1 991
21 55 0 9388
58 59 1 5423
64 27 1 8314
96 67 0 3902
6 34 0 8080
50 7 1 5334
15 78 1 7443
4 83 1 459
92 73 0 6552
33 83 1 4740
17 84 1 9670
74 83 1 9261
59 89 1 9469
28 11 0 8391
89 60 1 2292
93 97 1 1815
41 28 0 4828
26 13 1 5304
90 37 1 2898
68 90 0 5833
1 63 1 434
45 29 1 929
68 4 1 833
41 43 0 428
3 49 0 5605
31 66 0 2121
89 68 0 9427
98 68 0 7997
49 53 1 9714
60 72 0 2486
100 7 1 7731
7 44 0 6506
97 51 0 1765
28 86 0 9795
16 33 1 9886
62 68 0 8786
40 53 1 8140
9 75 1 519
75 77 0 5527
60 94 0 9747
59 78 1 3922
5 39 0 8944
15 32 0 7392
41 86 1 4649
3 91 0 9940
63 2 0 9769
34 13 1 703
56 54 0 7901
33 88 1 5224
87 58 1 244
36 11 0 4233
74 27 0 8277
17 16 0 6908
43 11 0 3284
1 18 1 7954
65 77 1 6927
16 85 1 5616
57 18 0 1228
47 53 1 7070
58 63 1 3002
71 19 1 7936
9 64 0 7638
83 47 1 3119
29 6 1 5773
33 38 1 8191
78 72 1 4859
53 10 0 2238
90 1 0 149
72 3 1 776
63 60 1 8778
36 63 0 9439
8 17 1 585
28 40 0 209
27 10 0 8466
83 8 1 3100
98 88 0 596
32 73 0 3225
40 18 0 3068
20 11 0 6516
56 45 0 461
38 12 1 9986
87 98 1 4306
9 8 1 976
46 50 1 5590
16 84 1 4175
14 17 1 1820
86 3 0 2322
75 81 1 6835
24 92 0 5279
11 13 0 2360
95 55 1 9169
35 75 1 3559
46 89 1 8905
84 59 1 1593
32 46 0 1726
91 58 0 6675
53 28 1 1419
30 88 1 2079
5 15 1 876
13 71 0 6762
31 57 1 5207
34 4 1 9648
49 9 1 8951
74 30 1 9727
28 79 1 8424
70 38 1 7848
27 54 0 5180
25 3 0 8250
87 8 1 9944
73 50 1 7407
30 51 0 1538
50 94 1 984
87 97 1 6551
3 64 1 5443
28 22 0 9422
97 67 1 5098
52 8 0 9544
26 51 1 7968
34 11 1 2312
92 18 0 2354
18 71 1 282
2 54 1 4119
33 63 0 5485
44 45 1 3821
5 23 0 427
19 65 0 5529
19 29 0 6478
79 9 0 5756
61 9 1 6044
63 13 1 5082
18 94 1 3534
79 25 0 2299
61 57 0 7830
81 39 0 3474
23 85 0 9768
43 24 0 398
77 49 0 269
45 38 0 7012
23 56 1 3853
18 46 1 1502
41 30 1 4916
54 31 0 7796
49 82 1 3248
34 2 0 5913
53 9 0 3028
17 4 0 559
3 15 1 5271
22 84 0 2930
70 98 1 2687
70 8 1 7903
86 20 1 4854
19 84 1 7023
77 73 1 1314
74 15 1 3144
96 86 1 3613
37 21 1 3342
36 47 1 2131
27 88 1 9826
57 43 1 1960
2 25 0 3700
73 29 0 1500
47 3 0 2346
9 49 0 4155
85 73 1 8415
26 97 1 532
44 89 0 4991
40 88 0 3531
97 34 1 7711
40 36 0 9159
32 36 0 5329
81 48 0 600
74 19 1 9191
91 13 1 850
86 75 0 7908
93 87 0 2352
53 48 1 427
66 63 0 5675
31 93 0 859
66 53 1 9375
100 90 1 9697
25 79 1 1905
92 79 1 9613
71 41 0 2381
70 95 1 7366
94 95 0 4775
26 8 1 5145
51 100 1 676
2 30 0 9055
42 25 1 3264
57 94 0 9733
11 68 0 8996
62 93 0 2129
87 18 1 486
98 9 1 2881
81 41 1 9807
81 17 0 1040
99 93 1 7989
26 41 0 3900
76 69 0 804
89 20 1 5155
88 32 1 5334
69 4 0 1624
79 24 0 306
71 57 1 3585
76 22 1 6258
1 5 1 4312
10 96 0 4149
33 87 1 7819
92 78 1 636
47 84 1 8057
33 53 1 5919
30 11 0 1241
8 96 0 4311
37 7 0 2620
83 77 1 2974
34 3 0 3001
80 24 0 352
3 97 0 7718
94 50 0 947
55 27 1 4344
9 77 1 9297
88 96 0 9024
55 33 1 3212
27 81 1 8052
21 91 1 9226
20 59 0 4692
25 58 0 282
40 92 1 7699
4 27 0 8549
74 51 1 8338
9 92 0 3001
14 49 1 9410
33 21 1 8283
85 3 1 3830
31 45 1 7703
35 17 0 2601
95 18 1 9946
23 68 1 874
28 58 0 5672
43 10 1 9147
15 19 0 2374
15 27 0 2681
95 90 0 3261
40 99 1 9323
74 6 1 9864
35 31 0 3661
87 76 1 7771
97 84 0 1481
61 73 1 1273
26 89 1 9581
15 99 1 7641
51 22 0 2212
18 13 1 5573
86 72 0 2259
38 16 1 3599
23 65 0 6854
51 29 0 3786
13 12 1 842
77 7 0 55
46 3 1 6703
71 6 0 6094
5 70 1 7269
82 5 1 7947
25 32 0 2517
10 67 0 3102
58 3 0 7412
54 18 0 5145
7 12 1 418
94 61 0 4901
85 91 0 9232
27 22 0 90
44 81 0 9366
16 91 1 4825
30 4 1 8363
32 63 0 526
51 68 0 199
69 32 0 2157
74 96 1 4336
26 37 1 8455
23 91 1 2953
12 61 1 7167
39 41 1 8818
52 44 1 4646
68 95 1 2814
31 62 0 5360
29 90 1 2515
19 91 0 9944
80 28 0 6587
36 66 0 1759
54 1 1 6959
5 14 1 8916
34 47 0 1469
65 93 0 1803
31 98 1 1537
52 42 1 3704
99 4 1 5181
16 15 0 4271
37 35 1 3108
50 59 1 5992
46 40 1 6325
13 77 1 9026
67 16 1 3820
6 31 0 226
99 30 1 7177
50 55 0 3106
48 82 0 1991
17 87 0 906
57 98 0 3532
80 6 0 4447
63 45 1 1491
1 2 1 4655
37 98 1 9845
41 55 0 4168
82 77 0 6289
26 88 1 2046
99 98 0 5151
28 44 1 9201
24 68 1 5526
86 46 1 403
38 22 1 5997
37 32 1 2733
