100 3340
85 100 1 6822
16 96 0 2297
98 17 0 2149
15 18 0 2886
100 9 1 6120
95 66 1 3133
85 15 0 488
14 73 0 1777
51 73 1 6729
18 10 1 1359
18 88 0 8839
19 76 1 7006
35 34 1 9259
70 11 0 6360
86 59 0 5449
86 98 0 3327
5 59 0 9068
32 45 1 3400
66 57 1 1371
69 32 0 2762
52 88 1 4391
74 67 1 1868
14 63 1 6842
87 28 1 7645
65 73 0 9810
58 45 0 7332
52 34 0 3600
59 8 0 1292
82 24 0 5234
71 24 1 6442
1 78 1 2739
93 2 0 7012
16 91 1 4105
95 99 1 4134
16 39 0 2259
94 99 1 2271
50 59 0 5550
72 83 1 8749
58 41 1 3911
45 81 1 4548
68 25 0 5674
83 23 0 1
56 100 1 443
42 82 0 1478
61 97 1 891
72 2 1 2120
55 86 0 6796
37 49 0 495
7 75 0 6980
83 78 0 2139
13 18 1 6836
32 73 0 4530
81 24 1 3830
90 13 1 381
44 35 0 8555
75 15 0 5527
70 6 0 58
60 8 1 1055
23 36 1 4780
76 48 0 1275
86 57 1 2039
64 51 0 6115
85 81 0 7182
69 66 0 8026
77 55 0 6423
78 85 1 231
75 46 0 8316
27 23 0 7166
98 99 1 6470
97 49 1 3682
94 38 0 3522
11 89 0 3189
33 100 1 87
52 29 0 7181
94 98 1 9447
11 19 1 2336
6 20 1 8629
100 93 1 9131
58 31 0 6725
50 99 0 8717
42 63 0 6520
21 57 0 3536
77 98 1 4737
45 72 0 1976
90 29 1 2106
41 40 0 9717
6 38 0 8679
31 78 0 2355
63 14 1 1764
15 39 0 410
51 29 1 8267
93 47 0 7062
62 12 1 4372
35 58 1 8755
58 70 1 4071
66 81 1 3544
63 60 0 3660
58 61 0 7586
68 57 0 2247
9 31 0 9046
99 98 1 7280
100 57 0 4764
83 55 0 4852
77 48 0 6028
75 91 1 468
29 62 0 7242
46 69 1 4297
45 6 0 9980
96 35 1 23
60 47 0 5534
41 66 0 467
45 29 1 2200
82 22 1 9107
52 64 0 4468
31 11 0 4678
33 23 1 8811
47 42 1 2383
80 77 1 9472
100 66 0 2724
31 7 1 6108
22 2 0 8591
70 44 1 6130
41 51 1 8484
38 78 1 3406
5 28 0 7593
33 93 1 2781
41 46 0 5314
25 17 1 6228
7 49 1 7879
15 8 0 91
25 30 0 4392
49 42 0 3063
96 32 0 2820
68 48 0 2881
73 13 0 2358
97 19 1 6118
13 50 0 952
95 49 1 2992
37 47 1 7173
6 32 1 4205
50 17 1 8616
88 78 1 5573
59 13 1 4513
1 87 1 9648
88 5 0 4112
13 20 1 1432
23 58 0 3360
96 8 0 6793
8 100 1 7868
54 68 1 6799
100 88 0 1829
88 9 0 9819
65 57 0 2343
20 28 0 6952
1 79 1 6756
60 40 0 6484
74 93 0 7737
22 67 1 1164
72 61 0 5856
68 72 0 9914
45 83 0 2923
72 92 1 7727
39 78 1 61
31 8 1 8810
26 99 0 3527
16 1 1 9855
56 53 0 8208
11 1 1 1723
76 49 1 6682
97 25 0 2363
12 8 1 7907
59 69 0 2793
82 20 0 8407
94 15 0 7180
95 67 1 8645
37 1 0 182
96 94 1 8944
33 38 1 1809
100 71 0 5790
38 52 1 259
99 17 0 1000
8 55 0 7051
42 52 1 5327
91 60 0 6308
60 66 1 6994
43 81 0 8048
27 74 0 3116
61 60 0 5793
21 30 1 508
38 75 1 5027
56 45 0 6099
91 68 1 5152
100 85 0 2770
87 74 0 7980
66 25 1 5449
28 71 1 2430
35 5 1 903
63 78 1 2695
86 2 0 7387
70 33 1 5773
64 38 1 6305
96 9 1 1071
61 76 0 4594
20 37 0 3725
21 53 1 8294
26 17 0 516
79 66 1 7628
23 99 0 3340
43 22 0 2800
25 59 1 5455
46 57 1 5506
10 19 1 355
30 94 0 1660
7 54 1 2045
98 24 1 7701
78 2 1 9263
33 21 1 5246
65 22 0 1484
36 54 0 3874
19 73 1 374
78 76 1 9780
19 93 1 680
1 43 0 5473
30 95 1 1920
32 69 0 764
99 87 0 6675
98 90 1 9080
74 78 1 8168
54 99 0 9241
42 70 1 9963
1 28 0 2501
24 12 1 1074
32 98 0 3370
56 95 0 3258
22 86 1 3930
64 35 1 4649
7 31 0 5670
59 2 1 7370
39 92 0 4267
17 26 1 1444
80 20 0 8651
27 53 0 909
80 4 0 6220
15 28 1 1090
16 37 1 728
75 32 0 4528
6 31 1 8650
99 69 0 6169
27 58 0 8015
46 10 1 5373
74 53 0 2254
93 62 1 4783
46 72 1 7206
55 62 0 6971
63 66 0 3684
38 31 1 2787
56 28 0 5969
91 48 0 4561
99 43 1 378
32 93 0 6955
68 37 1 1175
59 93 1 8169
2 69 1 7780
18 84 0 7557
92 81 0 2861
56 76 0 2519
26 62 1 2456
86 25 1 4743
83 21 1 3685
47 27 1 73
90 53 1 2996
79 61 1 5743
56 86 1 2699
22 8 1 4150
2 22 0 9076
97 53 1 9324
22 81 0 2050
81 14 0 4642
4 10 1 1271
61 36 0 1285
81 96 0 1842
12 59 1 9613
48 19 0 3062
40 77 0 5483
21 82 1 9310
4 13 1 5049
21 63 1 3987
72 71 1 8030
43 61 1 2299
13 70 1 5474
6 12 1 1867
67 50 0 3321
45 3 0 464
62 43 0 8432
100 30 1 6068
56 40 1 6953
96 84 0 8147
60 41 1 8357
32 28 1 7353
65 93 1 4324
74 20 1 3593
12 4 1 3215
6 26 1 2215
9 92 1 4368
35 76 0 2777
4 31 0 1443
32 84 1 4304
35 15 0 9391
41 56 0 6779
41 87 0 2305
23 25 1 5193
85 73 0 1990
22 29 1 5647
48 35 0 5252
20 34 0 8243
98 61 1 4611
2 80 0 9264
55 54 0 1714
53 58 0 3295
26 92 1 7616
70 38 0 144
6 99 1 3693
4 79 0 3734
55 100 0 1451
78 91 1 7711
54 80 0 5831
42 55 0 5542
13 5 0 2709
72 35 0 6746
88 94 0 4408
33 57 1 7580
4 89 0 7545
29 49 0 9916
91 82 1 9976
25 81 0 7547
51 42 1 1632
33 42 1 4584
63 70 0 633
76 99 1 9170
58 59 1 5784
91 31 1 6028
2 42 0 1295
65 69 1 1520
99 100 1 9983
46 36 1 3411
60 99 1 708
42 6 0 2587
62 56 1 6803
87 56 0 6193
10 66 1 6724
79 7 1 1430
54 65 1 5890
32 20 0 7270
4 44 0 2231
87 92 0 6103
51 70 0 8251
69 62 0 8073
31 13 1 9936
29 68 0 8977
83 9 0 2819
54 20 1 7255
88 24 1 6946
84 7 1 6519
55 47 1 9132
42 88 0 1902
2 46 1 6908
27 100 1 3881
36 81 1 785
77 47 1 4175
10 99 1 2585
87 95 1 473
58 25 0 3003
15 26 1 7658
78 56 0 32
3 2 0 1065
27 72 0 5952
98 100 1 4729
5 37 1 3293
40 6 1 7021
15 90 0 3132
78 9 0 3087
67 6 1 9829
10 38 1 9104
26 95 1 9921
28 58 1 6240
73 50 1 6941
77 45 1 4207
98 44 0 1418
46 2 1 6696
29 24 1 7459
57 80 1 7822
7 30 0 1059
26 81 1 4000
11 55 1 8520
77 13 1 2191
1 90 0 1289
97 17 0 3461
31 99 0 8488
28 5 1 5851
1 38 0 8234
18 61 1 128
84 5 0 9589
17 33 0 1588
76 31 1 7448
58 13 0 2889
66 27 1 4705
34 27 1 4426
22 70 1 8744
73 65 1 8869
36 46 1 1018
74 63 0 3292
99 76 1 6907
61 14 1 4480
99 37 1 9638
59 10 0 3431
83 54 1 9055
93 30 1 5541
12 6 1 9148
38 9 1 2873
3 39 0 2453
3 45 0 8633
63 67 1 2437
48 38 0 559
79 27 0 9233
91 13 1 2982
92 64 1 5584
57 96 0 3401
16 99 0 3490
64 3 0 6679
70 91 1 7409
4 60 1 6416
59 26 0 5018
74 45 0 4396
61 94 0 1416
16 64 1 8903
58 22 0 4368
74 25 0 48
3 52 0 6456
84 100 0 6140
29 4 1 5271
91 21 0 3175
47 60 1 704
58 17 1 1274
72 33 0 7923
16 21 1 5882
81 42 1 5038
86 34 0 2938
61 78 0 5383
67 22 1 9564
3 18 0 5207
67 88 1 2589
19 33 1 117
73 55 0 40
54 2 1 1909
87 41 0 5313
99 11 1 874
63 86 1 6648
26 23 0 2651
6 76 1 9918
70 41 0 3032
29 52 0 3896
9 96 0 9395
25 71 0 8345
57 48 0 6984
71 96 1 2281
73 97 1 5007
95 30 0 6243
40 24 0 6958
49 43 0 1131
13 63 0 6568
55 95 1 8108
32 86 0 6364
92 7 1 4188
39 27 1 922
55 10 0 4581
24 88 1 3995
60 9 0 2734
35 75 0 1990
88 15 1 1382
13 54 1 4500
40 54 1 2952
78 13 1 9455
95 28 0 7044
71 29 0 3501
10 51 1 9502
25 6 0 6678
14 27 0 8301
98 1 0 1093
26 21 1 3276
23 30 1 2746
81 43 0 4555
63 52 1 8520
23 85 1 219
59 80 0 673
75 18 1 6696
35 1 0 31
3 13 0 185
91 49 0 9369
44 7 1 619
48 67 1 7106
78 37 0 4757
15 37 1 3182
32 72 0 6286
91 8 1 8538
15 22 0 6864
96 29 1 5587
17 74 0 4735
12 76 0 615
62 20 0 4597
48 31 1 1757
4 66 1 497
78 86 0 6542
39 37 0 2858
64 43 0 2789
39 54 0 8743
96 20 1 58
19 14 1 9873
56 34 0 3740
54 29 1 5116
62 55 0 5244
60 55 0 3057
70 67 1 7532
34 2 0 7170
61 46 0 525
23 16 0 4737
4 94 1 6556
37 22 1 2836
45 19 0 9858
72 73 0 8825
82 59 1 2084
60 49 1 6652
71 94 1 8782
52 7 1 9637
78 57 0 3508
35 74 1 4297
55 97 1 3539
7 19 1 5199
6 83 0 9746
10 87 1 4725
85 54 0 9710
24 15 1 1058
47 43 0 1433
22 45 0 1577
78 93 1 6527
10 40 0 7987
38 51 0 4522
21 81 0 3177
64 66 0 8048
96 14 1 1463
75 28 0 8619
27 92 1 9540
49 9 1 9555
78 99 1 3482
27 13 1 465
64 7 1 393
17 84 0 85
79 10 1 9850
47 65 0 8331
22 87 0 5661
8 81 0 9485
53 11 1 926
26 88 0 6486
10 62 0 9316
19 2 1 7802
66 52 0 4659
29 96 0 2185
38 53 1 1045
10 63 1 4904
51 96 0 5751
44 33 1 4784
3 41 0 1253
72 56 1 5253
77 43 1 2896
19 52 1 4903
90 73 0 9206
5 88 1 755
81 12 0 3937
78 58 0 6107
86 13 1 8138
5 81 0 8537
70 28 1 5904
67 68 1 8561
42 69 1 9564
5 56 1 6214
7 42 0 1615
84 63 0 6166
43 82 0 6694
19 28 0 7758
92 80 0 8352
29 90 0 6105
23 52 1 168
100 81 0 1303
49 75 1 9209
89 67 0 4799
46 32 1 1508
37 69 1 4958
30 13 0 578
95 62 1 8805
53 93 0 6261
82 42 1 7242
16 73 1 8805
96 58 0 9781
84 86 0 1944
51 93 1 7245
1 11 1 362
88 83 0 9730
31 29 0 5979
69 64 0 4412
47 18 1 1083
56 9 1 3532
45 89 0 8366
80 19 1 8486
4 56 0 5854
99 51 0 4438
70 45 1 2480
60 53 1 7121
53 3 1 4239
82 58 1 8045
11 61 0 1176
83 48 0 6914
14 41 1 1993
27 63 1 4849
57 100 1 1620
85 2 0 5159
21 74 0 2849
52 11 1 6409
18 47 1 4041
52 21 1 4527
95 74 0 3777
42 60 0 9435
2 87 0 5339
49 61 0 1177
92 37 0 9081
20 67 0 5580
97 54 0 2250
3 38 1 4044
22 16 0 4986
91 15 1 6572
89 60 0 2075
19 95 1 125
84 57 0 77
56 50 0 7427
21 65 0 1954
38 49 1 45
15 64 0 7307
46 9 0 3491
51 15 0 2596
86 46 0 9813
38 24 0 9701
88 55 0 1600
68 34 1 9560
98 48 1 711
17 44 1 6236
29 42 1 3650
11 63 0 5249
1 39 1 8253
18 91 0 8969
10 33 0 4060
19 21 1 5783
54 48 0 5448
31 9 0 9326
51 25 0 4300
79 41 1 2040
51 53 1 5370
56 24 0 8706
12 96 1 2231
35 18 0 4368
52 78 1 525
85 60 1 4072
74 32 1 7201
96 47 1 9344
13 82 0 7302
6 14 0 2056
45 8 0 2022
42 90 0 2261
5 84 1 5891
8 20 0 6671
82 84 1 836
12 29 1 5633
33 59 0 5071
63 33 1 2913
34 77 1 4498
17 47 1 1576
78 35 0 3407
42 38 1 4861
56 3 1 1212
74 27 1 9489
8 58 1 969
79 43 0 6159
5 54 1 2857
35 25 0 7956
80 38 1 8468
56 29 1 6367
90 67 1 671
25 18 0 3190
18 73 0 1591
21 84 0 9992
48 71 0 8994
33 72 0 9914
53 30 1 5649
67 24 1 8221
19 97 0 2453
18 35 0 8157
99 36 0 2407
37 52 0 4523
85 28 0 4169
85 31 0 6494
79 22 1 3575
64 82 1 7054
95 26 1 9223
2 86 0 7252
57 19 1 8275
87 89 1 5688
8 26 0 5981
27 15 0 8892
49 68 0 2502
72 26 0 1452
100 20 0 4998
90 71 1 3193
69 17 1 2197
3 40 1 6059
57 60 1 3838
97 72 1 2467
52 73 1 3510
68 29 1 7995
19 94 0 3885
1 6 0 2295
8 76 1 7869
68 27 1 9279
3 36 0 9229
47 21 1 6250
7 17 0 4552
56 48 0 8384
5 61 1 5416
77 94 1 3999
85 29 1 347
29 44 0 3898
55 81 1 145
97 46 1 6378
37 58 0 1444
26 25 0 8172
23 75 0 6839
30 100 1 8938
39 18 1 3449
71 63 1 1284
15 30 1 8031
9 57 0 7724
83 20 1 4259
97 56 0 7228
81 63 0 9353
94 95 1 9485
19 35 0 5560
33 30 1 8947
10 4 0 164
92 83 0 646
77 60 1 5987
46 82 0 8755
32 97 1 2502
85 65 0 8023
42 68 0 6652
2 33 0 9220
30 73 0 8722
42 97 1 3802
33 8 0 6784
38 92 0 3069
97 98 1 5082
33 10 0 9711
20 41 0 3021
37 93 0 4426
36 60 0 4940
87 29 1 7445
68 99 0 170
96 71 1 2712
90 18 1 1725
92 15 1 8902
100 97 1 3582
40 43 1 869
55 53 0 4252
57 11 1 8890
62 80 0 1188
63 87 0 9283
85 75 0 6094
94 32 0 1280
61 58 1 1232
15 81 1 2203
58 4 1 615
34 25 1 2000
61 23 1 5606
37 99 0 1427
6 52 0 8348
78 32 1 4312
46 33 1 7494
83 5 0 1698
4 39 0 5368
26 64 1 6235
69 59 1 2402
86 24 0 5839
57 87 1 9087
83 33 1 5697
25 92 1 9025
25 36 1 8196
28 89 0 9661
54 63 0 9105
43 85 1 9403
57 7 0 5179
31 3 1 9777
53 55 0 270
29 91 1 6660
98 88 1 4406
42 5 0 1759
53 15 1 9367
16 88 1 2289
70 3 0 5450
11 47 0 3963
24 41 0 4951
65 10 1 8275
17 6 1 4946
19 15 0 2658
62 36 0 2503
62 87 1 6097
84 16 0 2172
82 10 0 7961
31 57 0 3685
48 99 1 1436
86 47 1 9769
23 49 0 6512
85 24 1 8374
93 14 0 235
93 43 1 9072
51 72 1 6096
41 72 1 2556
23 29 0 527
60 97 0 1628
60 56 0 9875
11 51 0 7589
68 97 0 6977
14 23 0 7952
25 96 0 5209
98 5 1 2906
74 79 0 3375
23 51 0 9985
88 85 1 733
22 28 0 122
86 62 1 998
15 42 1 9789
96 40 0 6086
71 78 1 1358
52 15 0 4570
40 51 1 3538
83 61 1 2018
59 76 1 7206
49 100 0 2306
7 27 0 5449
1 59 1 3585
97 60 0 6727
68 23 0 8807
87 52 0 3436
16 51 1 8299
36 53 1 4584
100 39 0 4626
76 100 0 2059
66 42 1 3781
36 70 0 5131
25 43 1 8915
23 66 1 8746
48 41 0 6238
89 59 1 4793
2 82 0 3895
93 44 0 5661
82 13 1 7658
6 27 1 3660
21 40 0 6299
12 53 1 3000
5 32 0 4725
25 99 0 5105
46 25 0 9726
9 83 0 5661
31 82 0 2360
68 4 1 6188
13 85 1 8193
68 53 0 7273
13 16 0 930
97 2 1 6059
97 82 0 5461
1 68 1 4328
71 83 1 7581
61 99 1 3707
16 41 0 6452
62 37 1 5880
53 9 0 3705
23 4 1 8394
83 62 1 158
4 46 0 8102
66 24 1 3716
36 2 0 9297
30 55 0 4278
79 92 0 7848
46 64 1 2099
65 31 1 5165
56 93 1 1276
53 75 0 8607
95 76 0 5438
87 47 1 6433
46 95 0 4266
93 65 1 4696
59 83 1 1025
68 100 0 7798
7 37 1 1952
81 5 0 7287
94 87 1 7735
31 58 0 6397
69 63 0 1357
63 5 0 8363
62 91 0 5223
49 34 0 2453
69 1 1 5573
80 23 1 8475
7 70 0 9393
67 19 1 4951
64 42 1 1507
33 55 1 9505
38 76 1 4471
85 47 0 7780
19 10 0 1329
8 10 1 2099
92 24 0 7085
70 66 0 4073
41 55 0 7444
62 16 0 3147
57 58 1 3559
29 95 0 4594
99 70 0 3500
16 4 0 7776
98 21 1 8193
53 83 1 9682
90 51 1 7250
50 100 1 6274
32 23 1 4041
58 50 0 6241
19 74 1 7721
90 98 1 2444
13 26 0 8881
88 77 0 2310
78 23 0 5826
95 78 0 1155
19 64 0 2253
74 56 0 3460
33 31 0 9595
10 74 0 6173
13 17 1 2774
85 7 0 1133
89 85 0 6028
43 96 0 8476
68 82 0 8854
71 56 0 3164
30 74 0 937
77 23 1 744
53 85 0 2439
39 66 0 7446
99 42 1 6313
90 6 1 7993
100 58 1 7178
36 89 1 8948
13 19 0 5314
73 83 0 5567
21 26 0 918
40 91 1 3355
59 97 0 6874
25 80 0 4641
73 84 0 2499
60 1 0 153
34 63 0 2119
96 99 0 1141
48 3 1 7372
37 55 1 4956
42 29 0 6442
92 82 0 4741
41 91 1 5692
16 27 0 6590
91 83 0 5212
100 34 1 9817
83 22 0 8598
7 96 0 6856
35 50 1 7610
35 47 1 1304
47 54 1 7198
56 74 0 8236
31 37 1 4336
1 32 0 7719
43 36 1 710
51 54 1 4245
6 53 0 1226
77 66 1 2111
35 91 0 6255
29 3 0 6169
58 83 1 106
95 70 0 2118
80 12 0 293
53 35 0 3938
18 86 1 7889
5 35 0 1410
85 69 1 447
15 3 0 8481
73 95 0 4634
42 11 1 5098
28 11 0 7264
70 93 0 5622
59 46 0 1616
2 45 0 6738
48 16 1 9032
74 36 1 1459
97 5 0 4337
100 29 0 6895
72 68 0 4594
17 30 1 6463
6 98 0 5133
92 66 0 9142
71 61 0 7448
53 45 0 8986
34 83 0 4139
87 18 1 4342
15 9 0 7363
67 43 1 7021
66 47 0 8107
87 83 1 4927
73 88 0 8910
98 66 1 9683
67 75 1 5760
69 96 1 9773
7 25 1 30
90 65 0 9713
95 42 1 1054
66 99 1 6585
87 7 0 5575
13 28 1 7909
42 43 0 8631
97 80 0 1654
38 68 1 8999
11 97 0 1588
45 80 0 7741
97 95 1 2993
81 95 0 1243
25 8 1 4362
57 71 0 976
43 12 0 569
45 96 1 6092
38 16 1 5816
92 35 0 2673
64 1 0 5684
75 40 1 2281
37 26 1 7308
69 35 0 6439
23 31 0 4195
91 67 1 4174
8 42 1 6860
64 47 1 2737
41 5 0 1648
33 6 0 2214
89 10 0 9912
76 83 1 7113
85 64 1 4006
86 56 0 8504
39 93 1 7414
6 82 1 7408
64 73 0 3489
5 33 0 4707
97 85 0 6913
52 49 1 3932
90 70 0 2214
21 79 0 4622
35 77 0 2368
39 89 0 2812
95 10 1 3861
29 88 0 253
81 92 1 1512
84 78 1 399
61 47 0 8355
56 11 0 6129
34 74 1 4011
76 58 1 8054
18 82 0 4384
44 54 1 5558
27 55 0 8627
91 41 1 5575
4 53 1 1951
66 39 0 3338
98 47 0 9686
52 39 1 9762
23 63 0 6312
36 97 1 3113
38 70 1 825
27 84 1 4815
16 58 0 1663
99 92 0 3376
9 78 0 7797
54 40 1 7324
57 54 0 9795
50 74 0 6731
1 22 0 2586
21 19 1 4276
13 46 1 624
96 6 1 4021
73 11 1 8191
14 15 1 2165
29 45 1 6690
82 99 0 2821
8 61 0 8099
40 50 1 5811
23 70 1 9376
1 95 0 173
48 1 1 3148
23 77 1 2436
100 44 0 5580
22 55 0 7236
7 26 1 3813
36 55 0 8862
93 82 0 7871
37 20 0 2363
49 50 1 9125
73 42 0 1238
87 10 0 4506
74 23 1 8902
80 60 0 5527
31 100 0 683
95 92 1 8443
41 85 0 6822
75 82 0 6476
86 69 0 2356
9 95 0 9649
72 16 1 8229
17 91 1 7638
52 83 0 3111
64 69 0 9047
12 100 1 4014
68 16 1 8666
45 52 0 7740
53 46 1 5290
26 37 0 2925
25 21 1 9983
47 87 1 8908
22 43 0 952
69 26 1 7112
62 61 0 5966
7 5 0 4885
57 92 0 4630
31 56 1 2979
38 33 1 3156
32 64 0 9482
17 86 1 9396
60 73 0 1463
61 80 0 9790
71 17 0 9115
76 69 1 1771
76 43 1 8912
8 75 0 8638
99 39 1 7728
24 82 1 9907
33 91 0 1766
3 70 1 1518
36 65 1 1426
2 3 1 5989
62 75 1 9337
72 69 0 9498
43 78 0 5242
85 59 0 2969
31 27 0 4396
32 53 1 4385
51 84 0 5182
35 67 0 3234
46 99 1 1951
25 27 1 7004
1 47 0 4474
67 65 0 8016
40 13 1 9298
68 14 1 240
81 39 0 5603
71 13 0 810
38 57 1 3271
66 12 1 8251
43 90 1 9705
45 58 1 9450
5 1 1 4507
88 84 0 142
27 85 0 9189
79 20 1 5189
86 33 1 7441
16 62 1 8021
10 8 1 3423
21 4 0 9083
67 99 0 1338
33 46 0 8080
86 95 1 2839
51 11 0 8674
25 56 1 3934
26 70 1 1185
14 74 1 9693
49 4 0 4661
40 73 0 1901
65 42 1 4413
98 71 1 3379
75 50 0 9369
29 75 1 8698
98 25 1 1384
10 45 0 9446
52 30 1 993
13 55 0 8039
49 28 1 6280
90 84 0 6275
71 28 1 8058
79 27 1 405
43 30 0 5886
69 51 1 6031
17 79 1 5140
6 70 0 7452
61 56 0 4078
70 83 0 7085
19 49 0 2881
14 72 1 6341
78 72 0 7107
52 93 1 2080
15 51 0 27
8 43 0 3780
55 18 1 933
87 71 1 6743
29 17 1 6404
11 100 1 1636
25 20 0 2412
21 51 0 7729
65 88 1 7881
46 79 0 9975
72 40 1 4904
12 28 1 7902
42 71 1 7886
90 92 0 2620
7 48 0 494
5 83 1 727
49 64 1 8191
1 98 0 7017
49 25 1 2754
57 37 0 1448
28 27 0 5777
78 67 1 4116
68 45 1 7714
97 4 0 9512
7 10 0 3484
42 37 0 2193
9 47 1 8246
94 96 0 2661
17 69 1 3406
17 64 1 9479
5 72 0 9697
98 14 1 3781
83 80 0 5414
34 100 1 4830
97 27 0 6768
2 43 0 1358
42 94 1 8989
43 55 0 9591
1 13 0 150
28 46 1 8919
63 2 0 2804
53 32 0 8488
49 20 0 9599
63 50 1 1076
49 51 0 8555
75 55 0 1226
10 15 1 7534
100 74 1 2428
26 52 0 5296
77 75 0 4941
86 1 0 761
60 52 0 4673
14 46 1 7350
49 58 0 1599
12 60 0 2257
42 28 0 6642
49 23 1 5723
96 97 1 8374
19 5 1 7032
73 62 0 9094
28 59 1 7572
5 100 0 1885
18 71 1 784
55 68 1 9324
37 64 0 3103
34 36 0 6761
15 31 1 5879
25 5 1 1232
45 11 0 6990
99 58 1 3181
66 41 1 4870
5 89 0 4467
10 57 0 4078
19 77 1 9777
71 98 0 4965
51 66 0 9586
6 94 0 8989
95 50 0 496
62 11 0 676
44 100 0 5970
66 29 0 1795
77 39 1 5996
94 46 0 1660
93 60 0 9760
53 39 0 6266
98 95 0 5205
29 66 1 5702
25 57 0 4897
89 7 1 6977
55 11 0 308
96 37 0 268
28 44 1 3730
12 55 1 751
95 69 1 9812
2 7 1 1292
47 84 1 3332
92 100 0 9123
43 4 1 6455
20 87 0 7471
56 41 1 789
40 67 1 5233
6 84 1 5691
23 55 1 9923
20 60 1 8140
74 3 1 6817
86 82 0 848
76 44 0 5876
84 54 0 3589
85 67 1 9449
64 16 1 8304
100 80 0 7701
9 32 0 8782
14 45 1 2084
65 48 0 3373
45 70 1 286
38 71 1 2361
72 58 1 2367
37 17 0 1216
56 94 1 8774
13 92 1 8568
46 65 1 424
3 77 1 8507
13 72 0 1806
18 12 1 7611
21 34 0 6247
4 33 1 6630
6 4 1 7058
87 20 0 8240
81 79 1 219
23 56 1 8218
56 14 0 922
99 4 0 3648
38 80 0 5394
76 91 1 3440
65 50 0 8493
57 55 1 3030
75 43 1 808
84 82 1 3234
27 18 0 4222
83 69 1 420
83 15 0 4289
79 40 0 2794
37 74 1 6690
16 60 0 2539
80 74 1 8688
92 13 1 8462
64 57 1 6168
3 10 0 413
9 7 0 4224
44 15 0 9218
59 52 0 2093
34 97 0 59
16 84 0 8888
65 46 1 9034
55 38 0 6469
66 4 0 9931
68 43 0 1059
52 26 1 9002
7 87 0 1481
42 44 1 9737
70 86 1 2016
17 73 1 595
13 77 1 4619
90 54 1 1311
47 100 1 5416
3 16 1 902
63 72 0 5547
83 70 0 1313
16 30 1 6427
18 16 1 2114
4 42 1 397
85 16 1 5401
5 96 1 9764
96 100 0 9338
12 75 0 750
85 48 1 7385
67 81 1 5020
36 14 0 8164
22 83 1 9810
44 51 1 4972
70 87 0 789
77 81 0 4978
44 36 0 7713
94 67 1 2295
37 22 0 5682
12 89 1 4077
7 100 1 8573
35 12 0 8844
1 19 1 1458
86 66 0 4173
16 85 0 1428
94 91 1 4002
52 50 1 216
21 100 0 1635
5 93 0 6708
68 59 1 6439
17 61 0 324
22 40 1 974
55 1 0 7223
6 43 1 5944
33 32 1 6921
64 39 0 6016
8 88 0 3142
47 81 0 4979
91 52 0 7629
13 61 0 3950
39 7 1 5949
25 10 1 8828
65 81 0 3698
60 34 1 2245
47 8 0 6987
34 46 1 7716
56 8 1 9369
27 7 0 8033
80 88 0 3282
45 94 0 2107
22 96 0 638
62 68 0 8223
55 39 1 6637
90 10 1 7525
86 83 1 5417
3 50 0 5428
83 96 1 2997
36 7 1 1557
18 33 1 9246
52 84 1 5698
64 86 0 9984
85 35 0 6901
76 32 0 6333
20 82 0 5077
70 60 1 6123
70 18 0 2080
70 46 0 8767
66 33 0 4153
96 36 1 759
9 97 1 3726
29 32 1 12
43 24 0 7841
57 2 0 8123
62 4 0 6395
47 76 1 8875
67 46 0 7967
45 39 1 7825
70 49 0 3181
40 100 0 7337
57 26 1 761
37 5 1 882
4 68 1 8792
87 24 1 5059
3 88 0 1883
5 18 1 3228
33 63 1 3067
6 17 1 3395
43 41 0 6233
57 43 1 6927
24 51 1 9029
30 3 0 4212
67 72 1 7262
47 35 0 6976
79 11 1 8148
5 10 0 3661
16 70 1 8057
88 97 0 728
38 61 0 5350
10 80 0 6329
28 76 0 5735
95 2 1 5086
33 9 0 9125
98 56 1 3293
19 39 0 7319
68 17 0 3608
72 47 1 8105
65 2 0 8142
34 4 1 31
13 4 0 859
92 16 1 4442
76 56 0 2989
94 33 0 5140
33 74 1 7474
34 70 1 2127
96 72 1 2256
35 88 0 6424
98 31 0 2532
39 35 0 2270
25 45 1 456
80 61 1 3863
90 49 0 5549
80 56 1 8016
71 95 0 7735
8 91 0 329
18 60 0 9225
43 39 1 699
91 39 0 986
67 1 1 6594
20 23 1 8782
38 99 0 5941
96 5 1 7462
48 83 0 7331
65 27 0 6334
85 77 0 485
20 100 0 6065
92 74 0 6383
93 32 1 3741
99 26 0 7250
51 1 1 3194
65 56 0 886
28 82 0 9016
87 57 1 2823
49 41 1 1930
78 65 0 5024
14 4 0 8226
41 71 0 3558
70 96 1 2631
96 79 0 8632
56 43 1 2314
81 68 1 9120
11 87 1 252
41 98 0 1991
44 90 1 6418
91 51 1 3665
50 41 1 1808
7 80 1 4181
1 31 1 5071
62 95 0 9231
34 35 1 7831
100 64 0 7242
80 6 1 9744
11 93 0 695
94 57 1 571
27 37 1 7839
97 16 0 5623
5 75 0 2005
9 14 1 6780
65 80 0 773
15 57 0 2790
53 22 0 2098
14 77 1 2502
31 65 1 4680
35 28 0 6722
66 46 1 510
2 73 1 296
22 1 0 7269
5 95 0 341
76 47 0 3765
77 18 0 3711
50 75 1 8470
54 96 1 3760
9 28 0 871
31 80 1 9973
72 30 1 8319
9 33 0 5687
31 90 1 791
71 59 1 5230
35 66 0 7189
34 71 0 7352
22 51 0 1158
99 47 1 4100
86 15 1 896
93 67 1 7499
58 32 0 8363
20 59 1 1559
22 18 1 2738
88 47 0 3138
43 23 0 4590
88 4 1 9137
62 81 1 9220
14 38 1 3149
66 87 0 1119
8 1 1 9719
66 86 1 9108
6 3 0 9570
83 7 0 8724
49 29 1 993
73 22 1 5050
61 74 0 937
79 12 1 7739
86 77 1 5951
84 33 0 9800
83 87 1 1406
53 51 1 5234
89 50 1 7514
55 36 0 2706
69 74 1 7641
92 57 0 7657
87 48 0 738
60 91 0 6545
80 57 0 7077
39 13 0 9716
37 25 0 6010
20 5 1 7556
93 26 0 4978
3 71 0 6188
69 91 1 1029
76 73 1 5996
88 57 0 1797
81 56 1 8919
76 81 1 3696
37 24 1 1924
60 5 0 2688
18 95 0 9971
3 34 1 1825
90 81 0 2646
79 14 0 3491
65 83 0 9491
56 83 0 695
77 79 1 2372
8 4 1 7980
28 39 0 4578
34 45 0 5714
1 70 1 273
12 99 1 7576
24 59 1 2687
88 62 0 2851
26 76 1 9680
88 89 1 2679
53 91 1 3651
39 41 0 2366
26 55 0 1655
70 10 0 9596
32 81 1 4559
73 23 1 302
18 30 0 8543
54 15 0 5226
81 76 1 174
2 9 1 2384
28 14 1 9225
1 5 1 9332
11 6 1 9628
61 68 0 8474
48 26 1 4023
26 75 1 4890
24 57 1 6015
95 57 0 842
71 77 0 1660
28 67 0 3007
53 13 0 5942
41 82 0 5312
72 85 1 7560
42 3 0 2659
23 18 0 3216
63 62 0 9977
75 92 0 2630
71 32 1 7620
9 26 1 4554
81 100 0 928
62 34 1 3987
75 49 0 1635
49 47 0 2314
52 92 1 3258
38 28 0 5650
3 43 1 356
54 66 0 4231
11 5 0 4066
54 14 0 9204
62 60 0 5093
35 16 1 3162
37 79 0 1340
77 84 0 5780
71 31 0 3731
78 10 1 1325
28 42 1 5036
2 68 1 9796
15 67 1 4783
41 28 0 9558
38 32 1 7680
70 84 0 2284
1 16 1 2399
85 30 0 2583
33 83 0 7798
64 27 1 1210
32 63 1 3280
44 2 0 1799
48 47 0 4587
99 67 0 8684
57 98 1 8739
90 56 1 5476
81 83 1 8365
40 52 1 2232
24 8 1 6703
92 59 1 5522
93 41 0 8091
3 94 1 2116
34 39 1 8115
20 61 0 4475
67 11 1 7761
14 65 1 3034
6 73 1 2888
66 10 0 822
28 33 0 4677
52 77 0 8838
64 14 0 4710
39 68 0 20
71 76 1 992
36 28 0 8239
21 38 0 282
57 81 1 5264
77 65 1 5100
21 73 0 3115
27 42 0 4678
29 38 1 4881
81 88 1 8369
86 54 1 8887
81 90 0 7589
62 63 1 9178
22 59 0 2936
93 88 1 5507
92 79 0 5173
19 59 1 2490
38 6 1 8430
45 82 1 8668
91 29 0 1630
80 34 1 1516
7 84 1 7823
49 31 0 1867
69 12 1 5650
67 83 1 5512
29 84 1 718
8 82 1 8479
62 42 1 4528
7 97 0 1973
95 68 0 4690
36 59 1 3190
47 53 1 4551
66 90 0 8956
89 8 1 2170
10 75 1 6793
19 65 0 4710
54 85 1 5429
85 50 0 44
72 64 1 2745
59 64 0 4979
25 67 0 6047
67 15 1 6592
100 26 1 8028
24 99 1 308
15 2 0 7648
59 90 0 3508
7 56 0 8759
64 76 1 4981
55 87 0 8495
70 47 0 2828
78 70 1 9014
98 82 0 8531
76 82 1 5106
91 10 0 6917
42 39 0 205
52 2 1 4769
62 84 0 1331
60 85 1 6223
44 29 1 8527
14 85 0 9379
63 53 1 7239
71 2 0 7767
36 38 0 7491
61 90 1 8953
60 11 1 559
6 81 1 9370
73 14 1 3190
81 93 1 9400
94 24 1 6432
20 70 1 5043
29 59 0 1120
25 66 1 4981
35 11 0 4667
37 6 1 2297
75 64 1 7361
18 37 0 5584
7 16 0 9815
9 46 1 522
10 93 1 8760
96 19 1 3676
88 59 0 1276
64 63 0 4379
33 45 1 997
24 76 1 6346
76 13 1 4036
61 92 0 3524
63 11 1 7553
87 91 0 9061
68 64 0 5642
86 3 1 8552
69 6 0 9469
28 4 0 5432
31 50 0 4103
32 74 1 5858
8 11 0 1299
55 64 1 1867
29 26 1 3380
67 95 1 9579
12 43 0 8421
66 61 1 3805
47 39 1 6466
94 23 1 4608
87 30 1 1971
55 82 1 5518
92 26 1 6730
88 82 1 3026
69 81 0 1830
37 90 0 8246
48 2 0 9538
66 31 0 4002
63 64 1 1363
34 62 1 5649
70 97 1 4157
59 28 0 3956
19 70 0 646
12 49 0 5594
89 3 0 4532
37 77 1 5223
51 99 0 5694
36 68 1 3388
16 15 0 5246
58 100 0 3322
16 6 0 4449
94 1 1 7134
48 56 1 3186
89 80 1 344
48 80 1 163
40 61 1 2249
83 29 1 2574
58 19 1 8632
38 90 0 5244
15 61 0 6745
26 35 0 6515
94 64 1 6003
77 5 0 2516
50 27 1 7147
75 33 1 7880
79 51 0 3541
44 79 1 6101
73 63 1 1147
63 32 1 7505
32 65 0 53
7 68 0 9137
56 61 1 2727
2 39 1 6439
87 61 1 3169
9 29 0 3792
58 27 1 6193
84 83 0 5414
77 33 1 6471
33 56 0 8120
23 57 0 3448
97 91 0 8975
83 65 1 5785
80 36 1 4624
14 56 1 7148
66 2 1 1185
39 6 0 6130
15 19 1 6361
30 72 1 7720
55 77 1 9450
31 66 0 7735
31 55 0 2130
73 36 1 1250
86 16 1 5463
74 90 0 2068
11 32 1 708
94 78 1 277
7 93 0 2156
59 77 1 1641
76 67 1 8606
27 48 1 215
55 24 0 7082
72 9 1 9408
37 89 1 5539
17 54 0 7538
20 36 0 423
96 49 1 1500
91 23 0 3138
16 89 0 135
99 9 0 3228
40 72 1 8744
61 40 1 5286
97 32 0 2636
29 87 0 7564
9 59 0 16
7 74 0 2595
55 94 1 1706
16 47 0 5148
21 12 0 8503
60 29 1 4145
45 18 1 1666
98 8 0 5009
14 79 0 9004
1 72 1 7683
74 4 0 5836
96 66 0 41
66 74 1 4084
46 14 0 5203
4 32 0 7567
10 35 1 3692
21 68 0 6942
57 44 1 5783
84 74 1 6785
64 85 1 7760
17 11 1 5454
9 39 0 2404
58 94 1 9952
28 50 0 188
94 84 0 7718
33 2 1 3973
30 43 0 3691
48 97 0 7680
81 60 0 2589
68 36 1 3580
62 33 0 3946
42 24 1 6278
8 23 0 5877
84 6 1 3363
97 62 1 946
64 97 0 8217
61 95 1 3640
62 27 0 8209
44 66 1 737
60 84 0 1696
9 94 0 3589
69 98 1 1281
21 15 1 9488
38 56 0 8714
42 85 1 3106
56 39 1 8226
35 87 0 5066
75 65 0 9061
43 67 1 6767
78 25 0 5104
32 82 0 6929
72 60 1 7307
28 98 1 9560
43 73 0 2443
94 55 0 4829
9 53 1 244
43 62 0 2398
37 13 1 6555
9 73 0 4091
33 69 1 7929
24 5 1 2045
76 55 0 289
62 6 1 7918
14 95 0 7889
71 30 0 5251
61 1 1 4296
38 94 1 1436
49 19 1 3262
93 52 1 1397
22 38 0 8523
6 42 0 2873
69 83 1 6829
91 2 0 6679
50 45 0 4554
27 62 1 1629
58 14 1 8480
45 93 1 6094
76 2 1 439
37 54 0 8240
74 55 0 6029
70 71 0 1459
24 26 0 4479
21 60 1 9610
16 49 1 3205
99 44 1 459
77 52 0 6361
81 85 0 3815
93 37 0 1778
18 31 1 8060
44 72 0 9661
82 14 0 9234
31 98 0 6914
86 58 0 5720
82 97 0 846
64 92 0 6983
40 89 1 6915
11 50 1 5368
44 91 0 3788
25 41 0 1286
67 35 0 3296
34 5 1 1182
80 7 0 1221
49 72 1 8356
93 76 1 9430
89 5 0 7938
32 1 1 6576
85 74 1 801
99 91 0 8171
34 40 1 8260
2 81 1 320
36 50 0 5024
23 17 0 6694
12 91 1 930
75 63 0 9302
85 46 1 446
2 63 1 3665
33 96 0 3858
58 20 1 6133
66 53 0 6214
24 78 0 3915
53 82 0 2754
60 28 0 9887
17 28 0 8370
62 99 0 2185
59 74 0 7261
88 28 1 863
25 60 0 9451
43 84 0 440
68 79 0 1369
58 10 1 9451
21 45 0 4771
86 21 1 3191
8 56 1 1976
22 84 0 9029
83 98 1 5113
87 26 0 1909
62 30 1 1397
93 64 1 530
78 1 1 3860
39 85 1 2415
61 31 1 7283
93 79 1 2792
75 74 0 1069
24 45 1 8611
39 45 1 4523
62 67 1 2331
61 8 1 5266
58 84 0 1999
69 92 0 3836
77 90 0 6125
68 78 0 2969
45 65 1 8889
39 11 0 524
68 6 1 7535
12 19 0 3727
5 42 0 6175
1 71 1 4652
3 78 1 1880
79 83 0 3895
75 62 1 2425
50 9 1 7401
13 83 1 4158
39 9 0 3649
33 70 0 9682
77 63 1 8621
86 93 0 5090
94 90 0 3869
12 72 0 1504
58 26 1 3006
15 49 0 4464
92 84 0 8978
73 61 0 93
67 94 1 8158
77 11 1 778
82 43 0 9518
62 77 0 9611
65 41 0 2843
91 70 1 5135
19 55 1 252
5 38 1 6129
74 89 1 9377
65 63 1 9744
55 70 0 9013
22 77 0 8721
11 2 0 7263
48 63 1 1592
62 85 1 247
41 21 0 9459
46 80 1 689
10 72 1 631
31 75 1 6909
51 88 0 3538
65 67 1 4711
23 34 1 2714
89 26 1 4594
57 8 1 3604
49 83 1 5253
47 67 1 1544
25 46 0 3339
47 91 0 3204
30 12 0 2825
63 26 0 6209
66 30 1 2851
64 52 1 396
46 60 0 2124
72 39 1 9570
35 83 0 4647
76 21 0 6045
74 92 0 2595
84 68 0 4902
4 16 1 2820
82 45 1 2607
33 84 1 2420
94 10 0 3229
20 85 1 6739
37 18 0 74
15 56 0 8346
74 11 1 3322
7 45 0 8999
41 34 1 565
36 56 0 2708
7 35 1 3180
24 63 0 4509
81 70 0 712
30 83 0 5633
38 17 0 7198
73 7 0 8235
32 58 1 425
92 28 0 2005
77 69 0 9406
42 98 1 9637
27 90 0 8113
21 1 0 9628
32 6 0 6552
37 32 1 6009
8 77 1 1102
15 55 0 104
88 67 1 7677
10 61 1 9616
34 50 0 2423
34 78 0 3087
45 14 1 6488
7 86 1 4538
32 43 1 9218
55 57 1 8689
36 40 0 7342
2 40 0 3766
41 19 1 5866
31 10 0 8957
67 79 1 2849
16 98 0 9548
5 30 0 3029
45 76 0 8270
19 89 0 788
50 3 0 4574
65 25 1 5837
29 94 1 5620
46 58 1 3504
42 87 1 5324
82 98 1 2713
13 66 1 8073
11 62 0 2580
58 98 1 4525
96 93 1 9538
60 68 0 9362
76 8 1 4740
81 32 0 891
16 2 0 6973
55 32 1 6432
43 45 0 4411
80 24 0 5396
40 84 0 9906
29 71 1 1045
42 53 0 8886
6 95 0 9178
32 18 1 6490
35 39 1 7092
76 54 0 727
20 38 1 8176
45 86 1 253
40 33 0 6614
32 90 0 8253
45 36 0 684
43 17 0 9902
3 74 0 2478
69 57 0 9322
100 89 0 7665
72 10 0 1094
70 16 0 5035
96 39 1 951
72 100 0 1027
64 71 1 9976
47 1 0 2681
50 33 0 5413
63 97 0 5858
40 62 1 7912
38 12 0 6946
45 37 0 652
91 73 0 6969
49 21 0 3142
29 6 0 5533
91 42 0 3630
56 54 1 1959
89 27 0 848
18 38 1 1567
66 21 1 8461
53 47 1 4748
49 79 1 137
38 60 0 4965
6 16 1 1806
36 33 0 193
91 9 1 8105
92 99 1 9280
14 54 1 8454
20 77 1 5682
14 76 1 3088
69 45 0 1696
67 53 0 5040
6 13 0 5076
21 99 0 2390
100 82 0 10
29 76 1 9242
45 20 1 1604
96 95 1 7003
82 25 0 7353
98 60 1 2364
71 27 1 3854
94 3 0 2435
32 55 0 2375
30 34 0 9101
52 9 0 6341
98 59 1 3189
9 68 1 7816
24 7 0 352
76 89 1 1147
63 57 0 1366
17 29 0 5130
46 20 1 2574
80 42 0 2536
35 82 1 2745
25 61 0 7291
24 69 1 4161
44 24 1 2845
100 51 0 1927
32 21 1 7251
50 34 0 1181
19 83 1 5801
56 68 1 3035
70 64 1 6166
70 4 0 7777
71 62 0 1751
100 59 0 4288
47 2 1 1352
1 14 1 9533
74 6 0 5619
43 35 0 5552
26 89 0 9235
80 27 0 5826
52 70 1 8682
48 84 1 9324
74 29 1 1268
39 67 1 9273
12 45 1 4116
27 9 0 3268
13 96 0 7391
42 95 1 5703
57 97 0 9782
80 93 1 2616
61 13 0 4187
46 67 0 3821
12 79 0 1990
63 65 1 301
92 30 0 7730
59 82 0 6614
71 74 1 8242
17 7 1 8405
17 50 1 8587
61 69 0 433
40 29 1 9597
31 40 0 6377
5 47 0 7379
68 76 1 7547
10 81 1 5969
26 82 1 1537
31 32 0 96
20 16 1 3838
88 42 1 8829
57 63 1 6339
25 33 1 170
30 87 0 1564
99 28 1 1246
76 51 0 9439
81 22 0 7618
87 85 0 6329
34 31 1 3431
88 48 0 1979
63 77 0 9291
82 95 0 6221
18 46 1 8949
44 83 1 8761
42 48 1 8575
99 7 1 3498
83 56 1 6720
94 92 1 4613
50 22 1 8971
77 10 0 4005
43 83 0 1064
2 36 0 9753
72 74 1 1575
91 5 0 305
96 69 0 259
32 26 0 7637
41 50 0 5488
72 67 1 1908
53 40 0 944
74 43 0 9584
67 40 1 2387
8 5 0 3524
35 17 0 346
26 97 1 8352
49 84 1 9845
25 87 0 2757
85 19 0 7066
14 20 0 9534
21 27 1 7591
46 74 0 9381
47 66 1 5863
67 16 0 2098
8 46 0 7358
22 69 0 6949
97 9 1 1443
18 19 0 3070
50 91 1 6394
85 12 1 6832
16 17 0 8804
49 70 1 3420
26 63 1 3846
84 44 1 6254
60 37 1 619
94 7 1 5092
64 74 1 7361
7 29 0 3288
39 28 1 1625
22 52 0 6124
73 52 1 3924
59 62 1 4946
43 34 1 9733
93 18 0 8811
28 18 1 2540
55 30 1 8181
36 13 0 440
63 25 1 3454
81 98 1 1122
4 83 1 8721
55 28 0 2894
57 16 0 8997
9 52 1 8655
46 91 0 9479
12 92 0 992
52 62 0 4002
66 32 0 5878
4 58 0 9455
43 16 0 7985
69 11 0 7822
94 59 0 3558
12 25 0 3858
65 96 1 9878
35 100 0 5780
72 76 0 1198
50 57 1 3805
69 78 1 2832
95 72 1 3577
25 93 0 5372
100 45 1 857
45 47 1 1959
73 96 0 3859
57 27 1 4145
5 40 1 5588
88 10 0 2982
14 47 0 8338
82 38 0 4474
86 22 0 6775
11 81 0 3706
64 41 1 2889
76 10 1 5511
10 53 0 40
89 13 0 7866
27 51 0 9832
4 95 1 5062
8 83 1 8318
52 45 1 7433
40 27 1 5168
36 10 0 2168
100 17 1 8387
27 86 0 7788
19 66 0 73
84 70 0 6905
44 97 1 6061
57 62 0 143
90 42 1 4958
99 53 0 5903
36 31 1 6739
50 76 0 9845
5 27 0 2574
27 30 1 6985
44 45 1 9826
67 84 1 6250
94 83 0 8055
65 16 1 8791
95 8 0 158
89 29 0 1950
100 90 0 580
88 17 0 2553
40 92 1 9112
91 34 1 3749
84 97 1 2401
59 16 1 475
21 24 0 8818
87 63 1 9920
42 8 0 2240
36 98 0 1571
37 65 1 7273
38 45 1 9968
41 94 1 4143
21 47 1 8459
25 100 0 4765
64 91 1 1949
62 72 1 4133
64 23 0 7059
34 92 1 149
66 58 1 5773
81 87 0 6369
86 94 0 2641
82 16 0 86
11 22 1 2506
67 92 0 6235
20 64 1 1565
24 36 1 7290
13 9 1 9194
21 89 1 1860
80 28 1 4720
92 21 1 8411
33 87 0 612
58 92 1 8902
33 37 0 1555
32 62 1 6138
58 55 0 7551
56 37 0 6169
44 49 1 4232
76 45 0 5915
86 17 0 642
56 70 0 6846
79 72 1 3193
85 49 1 2156
89 82 1 1722
58 77 1 7001
53 69 0 967
56 15 1 2637
54 94 1 5093
73 37 0 7618
37 2 1 8652
35 41 1 7826
10 39 1 6077
76 90 1 3779
56 1 1 4134
28 25 1 8008
84 96 1 1159
72 89 0 9737
92 53 1 1551
25 90 0 3291
82 93 0 3150
70 17 1 4459
79 86 1 2096
95 13 0 9099
27 83 1 5077
3 9 0 6658
17 68 1 1796
72 42 0 7576
33 53 1 5615
76 52 0 1916
76 77 0 3502
62 57 0 6255
68 90 0 6030
73 38 1 9248
28 61 1 367
1 49 0 1302
2 37 1 6604
20 21 1 4186
76 7 0 6975
81 65 1 9722
19 90 0 1059
97 7 0 120
86 4 1 3113
35 97 1 9798
66 64 1 4813
96 60 1 9892
68 83 0 6558
87 38 1 8199
6 8 0 8930
87 66 0 3472
100 48 0 3516
98 83 1 6284
14 2 0 7838
58 5 0 6301
31 49 1 8407
73 60 1 5943
9 48 0 1670
69 68 1 1821
51 12 1 9495
66 19 0 6790
8 39 1 9666
92 20 0 1181
3 69 0 8248
1 56 0 2544
94 5 1 90
99 49 1 1632
95 3 0 9780
58 2 1 9163
17 1 1 5258
7 36 1 7907
73 54 0 2289
80 3 1 2676
45 33 0 8603
16 5 1 9279
75 34 0 5372
23 2 0 9615
43 80 1 6402
4 51 0 6620
49 62 0 9531
43 13 0 6376
94 31 1 3869
53 48 0 5127
35 2 0 4816
62 17 0 7967
80 91 0 974
53 26 0 4358
3 57 1 2361
33 76 1 3577
55 22 0 2263
77 70 0 8064
31 48 1 1808
62 21 0 555
40 23 0 1331
87 88 0 9075
25 62 0 3928
70 90 0 2548
87 23 1 1740
24 18 0 7267
52 98 0 7698
19 61 1 8795
93 31 0 6843
100 75 0 8266
41 92 0 251
75 8 0 8987
31 77 1 9182
41 42 0 6650
32 19 1 5755
22 31 1 8004
57 39 1 1021
17 35 1 3813
96 43 1 4814
87 67 0 3677
41 17 0 4935
17 39 0 5230
16 38 0 9223
33 15 1 5656
95 27 0 480
17 71 1 8813
99 88 1 4650
23 19 0 9466
47 36 0 1153
84 93 0 9724
86 50 0 2878
44 64 1 948
28 95 1 132
2 10 0 9768
32 54 1 951
82 32 1 8486
73 71 0 924
87 69 1 5797
7 14 1 6472
11 90 0 9301
76 40 1 5830
39 17 0 2724
57 64 0 9316
57 42 0 5956
84 41 0 2517
25 44 1 8403
95 65 1 4416
71 26 1 6961
64 17 0 8919
25 15 0 4235
100 28 0 4914
23 43 1 1639
42 78 0 3229
46 75 1 3531
2 78 0 9480
92 25 0 2983
94 97 0 7114
100 73 1 1901
33 16 1 5246
86 9 1 4459
3 65 0 6241
78 80 0 9325
27 35 1 3756
93 95 0 732
99 96 0 6477
73 59 0 298
49 65 1 8015
28 36 1 9852
41 73 0 2280
85 37 1 2781
4 17 0 2931
13 86 1 8554
14 68 1 9573
72 65 0 544
24 85 0 7915
44 32 0 7040
73 15 1 4929
39 63 0 1059
6 51 0 9568
25 63 1 6278
52 24 0 3745
76 35 1 3521
44 93 1 6339
21 58 1 748
23 82 1 2395
42 76 0 8693
28 51 1 2911
65 99 1 9285
5 21 1 8253
78 50 1 3415
84 72 1 3326
49 93 0 4249
13 41 1 748
23 47 1 605
94 26 0 821
54 61 0 2432
77 22 1 1171
43 68 0 8257
81 21 0 5988
73 33 1 9753
9 62 1 2178
47 3 1 5004
99 85 0 3821
20 19 0 8156
24 50 1 8598
97 44 0 6951
19 100 0 9788
6 62 0 6384
52 55 1 621
53 77 1 8737
66 100 0 9766
99 80 0 5282
33 11 0 5950
77 78 0 2511
3 87 1 4903
16 29 0 274
80 96 1 850
54 78 1 183
61 37 0 4323
44 23 0 3023
41 29 0 3363
90 97 1 9452
68 12 1 1533
90 12 0 9420
79 15 0 6177
56 23 0 5891
12 81 0 4452
2 52 0 8733
42 35 1 3665
12 14 1 9626
36 41 0 2070
68 70 0 9836
23 13 0 4284
73 31 0 5914
21 52 0 2310
61 34 1 3218
47 25 0 9713
54 44 0 5235
68 89 1 4088
26 39 0 5515
63 17 0 9466
57 29 0 8781
98 23 1 8230
35 14 1 4613
22 26 0 2554
37 73 0 658
85 4 1 5832
11 68 0 4605
26 73 0 2574
42 13 0 7949
86 12 0 1591
57 49 1 6292
83 97 1 9168
37 14 0 475
17 76 0 9681
66 80 1 2745
65 95 1 1508
71 11 0 5777
51 38 0 2504
74 54 0 5617
43 37 1 3005
77 89 1 9246
87 86 1 9970
22 93 1 4393
48 22 0 6508
65 79 0 4274
20 80 0 5972
16 11 0 4327
93 61 1 478
50 6 0 4338
70 39 0 3785
93 51 1 3479
48 73 0 5590
59 53 0 9616
19 57 0 3106
66 18 0 4841
42 61 1 7490
48 82 1 7237
28 41 1 4095
78 39 1 3234
100 50 1 3048
19 96 1 1465
17 5 0 3517
74 82 0 6501
51 33 1 3322
50 19 1 5487
50 88 0 5502
12 68 0 7386
56 33 1 6316
50 66 1 6308
92 18 1 384
64 48 1 8703
54 53 0 4938
66 68 0 5530
32 92 1 7200
69 20 1 1567
78 61 1 1806
1 83 1 9675
8 94 1 8448
89 16 0 5370
44 74 0 4000
73 30 0 915
90 79 1 203
58 90 0 5709
48 85 1 8612
78 43 0 9158
78 18 1 4104
44 19 1 1704
39 22 1 3643
7 6 0 5343
76 93 0 8541
34 54 0 8856
62 52 1 2529
51 8 0 3270
39 65 1 7165
30 81 0 5334
61 42 1 9809
75 26 0 3286
16 46 1 2135
83 4 1 140
50 86 1 2854
19 18 1 4676
29 25 0 862
46 38 1 3052
32 8 1 3666
10 28 0 6462
74 73 1 6835
15 82 1 6296
13 34 0 8224
79 90 0 501
34 42 1 4442
77 93 1 1929
34 12 1 4339
54 97 0 811
90 50 1 564
52 80 0 7014
51 20 0 9310
7 92 0 2186
58 78 0 4038
65 90 1 1569
79 47 0 4170
25 55 0 8336
30 51 1 3727
40 3 1 7515
60 75 1 4366
51 9 0 3489
74 66 1 1892
13 33 1 6518
95 21 0 752
88 92 1 2634
57 90 0 387
21 62 0 3805
88 75 0 9770
95 4 0 8434
46 11 0 8578
67 61 0 1635
74 33 0 6057
96 62 1 172
49 16 1 737
56 69 1 3376
46 12 1 3425
65 17 1 5913
99 3 0 4641
10 58 0 4245
69 29 0 4584
77 68 1 4098
46 44 1 6874
62 60 1 7089
51 46 0 6463
28 80 1 2394
22 7 0 8546
21 10 0 8035
49 73 0 1886
53 6 0 6195
72 1 0 4220
28 30 0 4450
10 7 0 2044
1 36 0 311
96 87 0 4152
73 69 1 9172
96 50 1 6201
83 75 1 3142
84 67 1 410
82 52 0 5050
21 70 0 2488
62 71 0 1920
91 75 0 6959
77 53 0 1947
10 14 1 1235
27 59 1 5731
32 60 1 2871
75 77 1 8385
3 28 1 2612
10 50 0 8173
19 32 1 6034
28 57 1 7062
23 10 1 4313
91 28 0 2800
19 46 1 9663
85 40 1 5916
26 66 0 112
53 67 0 1133
30 68 0 8573
81 80 1 3020
39 91 0 6629
96 90 0 2912
62 26 1 3183
35 31 0 1787
7 20 0 4444
8 27 0 3823
89 18 0 132
61 98 1 4353
51 77 1 6308
29 74 0 8840
23 15 1 5056
11 46 0 4109
69 75 0 953
41 54 1 6116
63 92 1 1934
91 40 0 3601
7 72 1 4095
33 44 0 4896
22 53 1 8123
71 65 1 3404
9 67 1 7425
22 49 0 8153
84 79 1 7522
12 54 0 6859
11 28 0 5694
81 46 1 5814
4 3 0 2891
87 33 1 2644
1 91 0 8041
46 35 0 5363
77 74 1 4330
66 78 0 1004
98 54 1 6517
100 15 0 6269
36 18 0 4330
59 94 1 4086
15 95 0 1938
55 46 0 5535
44 58 0 7073
43 64 0 1911
37 19 0 6316
61 44 1 4271
34 91 0 5132
9 82 1 8178
55 91 0 7812
54 6 1 6323
24 34 0 5282
65 75 1 1878
84 71 0 6155
26 34 1 5688
1 77 0 3196
100 37 0 8063
46 5 1 9285
22 57 1 5832
25 4 0 8175
57 6 0 9017
75 66 1 6771
78 51 1 9917
42 34 1 3719
21 2 1 5601
99 35 1 7594
36 82 0 3948
90 96 1 7241
80 51 0 6125
53 34 1 8617
28 48 1 2232
44 18 0 7877
96 16 1 528
50 16 0 1667
12 85 0 5437
82 17 0 2862
99 13 0 5064
78 55 1 4236
29 65 0 9399
61 24 0 595
65 33 0 9284
74 38 1 5899
90 76 0 2983
8 98 1 3552
4 59 1 187
13 90 0 7333
37 10 1 8339
4 2 0 3723
57 99 1 1703
100 35 1 1416
18 45 0 984
34 29 0 3923
94 45 1 8277
79 91 1 1783
99 89 0 6483
23 32 0 7488
30 61 1 7638
36 75 1 2761
84 58 0 2745
81 11 0 6814
81 69 0 2572
95 54 1 6208
26 54 0 4213
9 72 1 3213
82 72 1 1215
16 66 1 5842
66 56 0 3945
35 21 1 9618
20 18 1 1174
28 73 1 3262
69 10 0 5478
97 94 0 4731
82 54 0 9238
12 57 1 6022
28 63 0 8560
20 84 0 607
37 80 1 4557
22 5 1 7968
47 79 1 190
36 58 1 4326
17 66 1 8854
97 83 1 2177
6 15 0 874
100 14 1 3749
47 59 0 9884
46 1 0 8729
88 44 1 1243
45 23 0 794
86 84 0 2386
27 44 1 7647
89 9 0 7674
4 7 0 8203
80 13 0 4240
34 19 1 6694
2 19 0 3712
95 18 0 5243
55 60 0 3242
61 28 1 9891
54 39 1 6171
98 28 1 8169
46 49 1 2880
74 47 1 5113
80 49 0 2194
49 54 0 6583
68 8 1 6386
11 67 0 4644
11 14 0 2636
54 33 0 8751
31 1 1 5279
77 26 1 4740
37 85 0 2793
80 75 1 8321
82 44 0 7945
63 94 1 5669
92 94 1 9460
22 60 1 8817
88 74 0 827
62 83 0 8390
86 91 1 925
46 73 0 6047
6 60 1 4249
34 18 1 3642
11 30 0 937
86 18 1 6682
77 83 0 8229
75 38 1 3560
6 97 0 3031
4 24 1 1247
19 8 1 8408
28 6 0 6321
53 65 0 3059
98 42 1 3893
68 56 0 8678
23 78 0 5970
84 60 0 5039
25 29 1 5611
64 50 0 5203
11 34 0 6217
84 66 1 2082
60 2 0 8473
80 89 1 5260
54 18 1 8499
45 73 0 2402
21 56 0 2584
61 32 0 8841
87 6 0 1837
85 34 1 9837
87 72 1 7043
33 71 1 8574
51 18 1 6849
52 57 1 7733
58 80 0 3233
12 44 1 7157
27 36 1 8415
21 18 0 3317
89 4 1 6889
43 89 0 27
60 79 1 6037
81 72 1 4786
26 36 1 3378
44 68 1 2329
67 48 0 1463
83 51 0 9975
59 96 1 7549
55 92 1 2927
5 45 1 5920
36 24 0 9993
33 94 0 7067
43 42 0 3294
73 35 1 1994
35 90 0 4043
26 29 1 6690
27 46 0 9742
74 50 1 734
21 31 0 9202
44 57 0 609
4 23 1 1072
13 39 0 480
43 27 1 6799
33 4 1 9462
81 58 1 8681
5 46 0 476
15 93 1 9598
5 43 1 8145
64 19 1 717
49 52 0 8338
73 16 0 3301
96 70 1 37
72 80 1 2049
41 52 0 7528
54 24 1 2502
89 95 1 2286
39 90 1 552
98 2 1 2708
7 64 0 9164
89 55 0 802
4 84 1 8666
100 54 0 8665
24 54 1 2438
19 92 1 4462
91 77 1 2970
59 72 0 1041
14 96 1 1247
86 39 1 8589
80 76 1 8973
10 37 0 9144
87 76 0 2759
83 34 0 1614
81 84 0 32
32 100 1 5860
51 31 1 2775
55 13 0 7126
91 54 1 9367
34 73 0 1149
67 42 0 6889
50 42 0 6623
72 25 0 6740
15 77 1 2705
84 56 0 2197
69 16 0 8730
76 80 1 4444
85 25 1 4018
11 24 0 3504
58 29 0 8755
90 19 1 6993
24 86 1 2782
15 99 0 8821
36 20 1 3772
65 1 0 865
15 27 0 6101
44 65 1 6282
46 21 0 4379
47 98 0 4376
24 96 0 8796
63 18 1 8167
34 3 0 4718
2 47 1 1175
63 10 0 2732
2 30 1 6121
59 56 0 5886
44 41 0 6170
26 50 1 8806
23 92 0 2644
69 19 0 6160
100 22 1 4746
22 99 1 2597
80 10 0 1088
10 13 1 6300
70 36 0 1110
69 85 1 7701
98 34 1 1877
85 17 1 1781
35 61 0 901
24 97 1 845
30 52 0 5974
62 86 0 6974
37 98 1 7479
18 21 1 9443
58 85 0 8695
38 18 0 2770
75 56 1 6204
90 37 0 3644
81 10 0 1815
44 10 1 4232
60 35 1 209
98 87 0 4834
69 27 1 7070
84 2 0 9358
67 14 0 3612
68 42 0 7916
46 15 1 3618
97 81 0 5679
63 73 0 4037
99 41 1 5712
70 42 1 3901
13 37 1 9449
89 31 0 1701
30 75 0 8263
52 60 0 8277
76 63 0 2122
22 58 1 3006
40 55 1 8795
4 88 1 6913
11 8 0 358
2 100 0 3100
37 9 0 8317
81 17 1 3999
60 83 1 8417
98 91 0 343
71 3 1 7062
93 70 1 2704
64 60 1 7096
34 47 1 7843
32 27 1 2894
22 54 1 385
82 79 0 7531
48 44 0 243
22 98 1 2895
15 20 0 5559
88 45 0 5683
71 52 0 1928
18 39 0 682
99 54 1 2295
45 84 1 8852
91 97 1 2097
9 3 0 2901
20 93 1 688
50 72 0 1830
10 31 0 7424
35 94 0 7411
10 2 1 5627
6 87 0 817
85 99 1 7663
83 2 1 5944
20 63 0 6346
77 37 1 7494
6 11 1 9930
88 49 0 8254
39 52 1 1485
69 9 0 9805
11 57 1 4609
27 17 1 8808
36 66 1 9849
70 82 0 1181
69 80 0 3234
31 22 0 4570
27 41 1 9903
21 92 0 4500
7 83 0 7407
88 93 1 5271
70 56 1 8996
55 79 1 2174
21 17 1 9453
56 7 0 9871
54 46 1 4006
99 90 0 2549
30 62 1 3926
17 40 1 3071
9 91 1 9208
29 86 0 6092
6 78 1 5254
82 21 0 956
28 65 0 3833
12 70 0 6848
79 16 1 9905
58 96 0 5183
65 43 1 9658
96 78 1 1548
96 30 0 4349
85 11 0 210
7 76 0 2964
41 13 0 5064
3 5 0 9372
67 78 0 2500
67 41 0 726
80 44 0 5213
66 3 0 4479
22 33 0 8498
71 44 0 7385
56 91 1 5613
33 75 1 3356
77 87 1 3253
62 7 1 4060
97 50 1 3883
9 89 1 6957
17 80 0 2908
55 25 1 3235
46 47 0 1653
73 74 0 9705
49 45 0 5904
16 24 1 8915
53 90 0 5806
46 100 0 3139
63 68 0 6164
89 99 1 2703
27 80 0 6016
34 7 1 4875
88 34 0 4202
64 85 0 1019
46 87 1 6240
2 31 1 8014
39 82 0 1966
86 6 0 286
69 18 0 7356
52 17 0 8970
96 67 1 5286
78 8 0 5412
99 10 0 7881
24 28 0 1653
91 69 0 8189
75 54 0 3673
58 62 0 40
85 26 0 7875
29 58 0 1636
31 79 0 4800
22 21 0 6851
54 16 1 4914
16 63 1 8766
40 30 1 5813
6 10 1 1869
2 72 0 9288
70 100 1 5541
30 58 1 6090
33 89 1 4911
51 14 0 3644
29 89 1 8678
35 89 1 7434
52 18 1 5668
78 49 0 145
55 34 0 2768
75 17 1 5613
45 12 1 2752
66 72 1 206
15 98 0 3345
95 37 1 2068
92 68 0 6820
22 4 0 9532
31 14 0 830
45 56 1 8555
18 42 0 9874
44 30 0 3587
84 25 0 7646
55 9 0 5735
44 46 0 401
75 1 1 3142
7 46 1 2251
66 15 0 59
29 54 0 6077
41 53 1 8227
39 30 0 7575
81 36 0 1078
78 90 1 4704
5 7 1 1674
25 1 1 3652
99 30 1 6894
17 72 0 2987
11 58 1 1310
63 39 1 1827
94 14 0 4808
43 3 1 8833
16 100 1 65
93 42 0 123
54 92 1 6798
79 31 1 6803
10 82 1 8250
4 9 1 7232
81 89 0 4769
100 91 1 4862
28 26 1 3003
58 48 0 1895
61 88 1 4768
87 68 1 4118
48 10 1 2057
87 81 0 5138
53 92 0 3674
14 10 0 8433
90 31 0 8543
45 35 1 5341
62 46 1 8738
96 34 1 960
29 15 0 8327
25 34 1 374
30 92 0 4025
