42 43
1/7/2016 1 0 1 1 0 1 1 1 0 1 1 0 1 0 1 0 0 1 0 1 1 1 1 1 0 0 0 0 1 1 1 1 0 0 0 0 1 1 1 0 0 1
18/4/2017 1 1 1 1 1 1 1 1 1 1 0 1 1 1 1 1 1 1 1 1 1 1 1 1 1 1 1 1 1 1 1 1 1 1 1 1 1 1 1 1 1 1
9/5/2018 1 1 1 1 1 1 1 1 1 1 1 1 0 1 1 1 1 1 1 1 1 1 1 1 1 1 1 1 1 1 1 1 1 1 1 0 1 1 1 1 1 1
5/5/2019 1 0 1 0 1 1 1 1 1 1 1 1 1 1 1 1 1 1 1 1 1 1 1 1 1 1 1 1 1 1 1 1 1 1 1 1 1 1 1 1 1 1
8/6/2020 1 0 0 1 0 1 1 1 1 1 1 0 1 0 1 1 1 1 0 1 1 1 0 1 0 1 1 1 1 0 1 1 1 1 1 1 0 1 1 1 0 1
12/10/2021 1 1 1 1 1 1 1 1 1 1 1 1 1 1 1 1 1 1 1 1 1 1 1 1 1 1 1 1 1 1 1 1 1 1 1 1 1 1 0 1 1 1
3/11/2022 1 1 1 1 1 1 1 1 1 1 1 1 1 1 1 1 1 1 1 1 1 1 0 1 1 1 1 1 1 1 1 1 1 0 1 1 0 1 1 1 1 1
9/12/2023 1 1 1 1 1 1 1 1 1 1 1 1 1 1 1 1 1 1 1 1 1 1 1 1 1 1 1 1 1 1 1 1 1 1 1 1 1 1 1 1 1 1
6/11/2024 1 0 0 1 1 0 1 1 1 0 1 0 0 0 1 0 1 1 1 1 0 0 0 1 0 0 0 0 0 1 1 1 0 0 0 1 0 0 0 1 1 0
3/4/2025 0 0 0 1 0 1 1 1 1 1 0 0 1 0 0 0 1 1 0 0 0 0 0 1 0 1 1 0 1 0 0 1 0 1 0 1 0 1 1 1 0 1
5/8/2026 1 0 0 1 1 1 1 1 0 1 1 1 0 1 1 1 0 0 1 1 1 0 1 0 1 1 1 0 1 0 0 1 0 1 1 1 0 1 0 1 1 0
3/9/2027 1 0 1 0 0 1 1 0 1 1 1 1 1 1 1 1 1 1 1 1 1 0 1 1 1 1 1 1 1 0 0 1 1 1 1 1 0 1 1 1 1 1
13/2/2028 1 1 1 1 1 1 0 1 0 0 1 1 0 0 0 1 1 1 1 1 1 1 0 1 1 0 1 0 0 0 1 0 1 0 1 1 1 1 1 0 1 1
19/10/2029 0 0 1 0 1 1 1 0 0 1 0 0 0 1 1 0 0 1 0 1 1 1 0 0 1 1 1 1 0 0 1 0 1 1 0 1 1 0 0 1 1 1
18/6/2030 1 1 1 0 1 1 1 1 0 0 1 1 0 1 0 1 0 0 0 0 1 1 1 1 1 1 0 1 0 0 1 1 0 1 0 0 1 0 1 1 1 1
24/12/2031 1 1 1 1 1 1 1 1 1 1 1 1 1 1 1 1 1 1 1 1 1 1 1 1 1 0 1 1 1 1 1 1 1 1 1 1 1 1 1 1 1 1
1/10/2032 1 1 0 1 1 0 1 1 1 1 0 1 0 1 1 1 1 1 1 0 1 1 1 1 1 1 0 1 1 1 1 1 0 1 1 1 1 1 1 1 1 1
4/6/2033 1 1 1 1 1 1 1 1 1 1 1 1 1 1 1 1 1 1 1 1 1 1 1 1 1 1 1 1 1 1 1 1 1 1 1 1 1 1 1 1 1 1
18/7/2034 1 1 1 1 0 1 1 1 1 1 1 1 1 1 1 1 1 1 1 1 1 1 1 1 1 1 1 1 1 1 1 1 1 1 1 1 1 1 1 1 1 1
21/4/2035 1 1 1 1 1 0 1 0 1 0 1 1 1 0 1 1 0 1 0 0 1 1 1 1 1 0 1 0 0 1 0 1 1 0 0 0 1 0 0 1 0 1
7/7/2036 0 0 0 1 1 1 0 0 0 1 1 0 1 0 1 0 0 1 1 1 1 1 1 0 1 1 0 1 0 1 1 1 1 0 0 0 0 0 0 1 1 1
8/8/2037 1 1 1 1 1 1 1 1 1 1 1 1 0 1 1 1 1 1 1 1 1 1 1 1 1 1 0 1 1 1 1 1 1 1 1 1 1 1 1 1 1 1
7/6/2038 1 1 1 1 1 1 1 1 1 0 1 1 1 1 1 1 1 1 1 1 1 1 1 1 0 1 1 1 1 1 1 1 1 1 1 1 1 1 1 1 1 1
3/9/2039 0 1 0 1 0 0 0 0 0 1 0 0 1 1 0 0 0 1 1 0 1 1 0 0 0 0 1 1 0 0 0 0 0 0 0 1 1 1 0 0 0 1
1/9/2040 1 1 1 1 1 1 1 1 1 1 1 1 1 1 1 1 1 1 1 1 1 1 0 1 1 1 1 1 0 1 1 1 1 1 1 1 1 1 1 1 1 1
9/6/2041 1 0 0 1 1 0 0 1 1 1 0 1 1 0 0 1 1 1 1 1 0 1 0 0 1 0 0 1 0 1 1 0 1 0 0 0 1 0 1 1 1 0
7/10/2042 0 1 1 1 0 1 0 1 1 1 1 1 0 1 1 1 0 1 0 0 1 1 0 1 1 1 0 0 0 0 1 1 1 1 1 0 0 0 0 1 1 1
22/10/2043 1 1 1 1 1 1 1 1 1 1 1 1 1 1 1 1 1 1 1 1 1 1 1 1 1 1 1 1 1 1 1 1 1 1 1 1 1 1 1 1 0 1
5/12/2044 1 1 1 1 1 0 1 1 1 1 1 1 1 1 1 1 1 1 1 1 1 1 1 1 1 1 1 1 1 1 1 1 1 1 1 1 1 1 1 1 1 1
14/2/2045 1 1 1 1 1 1 1 1 1 0 1 1 1 1 1 1 1 1 1 1 1 1 1 1 1 1 1 1 1 1 1 0 1 1 1 1 1 1 1 1 1 1
3/1/2046 1 1 1 1 1 1 1 0 1 0 0 1 1 0 1 1 1 1 1 1 1 0 1 0 1 0 1 1 0 1 1 1 1 0 0 1 1 0 1 1 1 1
16/9/2047 1 1 1 1 1 1 1 0 1 1 1 1 1 1 1 1 1 1 1 1 1 1 1 1 1 1 1 1 1 1 1 1 1 1 1 1 1 1 1 1 1 1
6/12/2048 1 0 0 0 0 1 1 1 1 0 0 0 1 1 1 0 0 0 1 0 0 1 0 1 1 1 0 1 0 0 1 1 0 0 1 1 0 1 0 1 1 0
13/3/2049 1 1 1 1 1 1 1 1 1 1 1 0 1 1 1 1 1 1 1 1 1 1 1 1 1 1 1 1 0 1 1 1 1 1 1 1 1 1 1 1 1 1
6/4/2050 1 0 1 1 1 1 1 1 1 1 1 1 1 1 1 1 1 1 0 0 1 1 1 1 1 1 0 1 1 0 1 1 1 1 1 1 1 1 1 1 0 1
5/2/2051 1 1 1 1 1 1 1 1 1 1 1 1 1 1 1 1 1 1 1 1 1 1 1 1 1 1 1 1 1 1 1 1 1 1 1 1 1 0 1 1 1 1
18/11/2052 1 0 1 0 1 1 0 0 1 1 1 1 0 0 1 0 1 0 1 1 1 0 0 1 1 0 1 1 0 0 0 1 1 1 1 1 1 0 0 0 1 0
25/6/2053 0 0 0 1 0 0 1 0 0 0 1 0 1 0 1 0 0 1 0 0 1 1 0 0 1 0 0 0 0 0 0 0 0 0 1 0 0 1 0 0 0 0
7/7/2054 1 0 0 1 1 0 0 1 0 0 0 1 0 0 0 1 1 1 0 0 0 0 0 0 1 0 0 1 0 1 0 1 1 1 0 1 1 0 0 0 0 0
15/12/2055 1 1 1 1 1 1 1 1 1 1 1 1 1 1 1 1 1 1 1 1 1 1 1 1 1 1 1 1 1 1 1 1 1 1 1 1 1 0 1 1 1 1
10/10/2056 1 0 1 1 1 1 1 1 1 1 1 1 1 1 1 1 1 1 1 1 1 1 1 1 1 1 1 1 1 1 1 1 1 1 1 1 1 1 1 1 1 1
14/7/2057 1 1 1 1 0 1 1 1 1 1 1 1 1 1 1 1 1 1 1 1 1 1 1 1 1 1 1 1 1 1 1 1 1 0 1 1 1 1 1 1 1 1
12/6/2058 1 1 1 1 1 1 1 1 1 1 1 1 1 1 1 1 1 1 1 1 1 1 0 1 1 1 1 1 1 0 1 1 1 1 1 1 1 1 1 1 1 1
