50 49
21/4/2016 1 1 1 1 1 1 1 1 1 1 1 1 1 1 1 1 1 1 1 1 1 1 1 1 1 1 1 1 1 1 1 1 1 1 0 1 1 1 1 1 1 1 1 1 1 1 1 1 1 1
9/3/2017 0 0 0 1 1 1 0 1 1 1 1 0 0 0 0 0 0 0 0 0 1 0 0 1 0 0 1 0 0 1 1 1 1 1 0 0 0 1 1 1 0 0 1 0 1 1 1 0 1 1
4/4/2018 1 1 1 1 1 1 1 1 1 1 1 1 1 1 1 1 1 1 1 1 1 1 1 1 1 1 1 1 1 1 1 1 1 1 0 1 1 1 1 0 1 1 1 1 1 1 1 1 1 1
15/12/2019 1 1 1 1 1 1 1 1 1 1 1 1 1 1 1 1 1 1 1 0 1 0 1 1 1 1 1 1 1 1 1 1 1 1 1 1 1 1 1 1 1 1 1 1 1 1 1 1 1 1
14/12/2020 0 1 0 1 0 0 1 0 0 1 0 1 1 0 1 1 0 1 1 0 1 1 1 1 0 1 0 0 1 1 1 0 1 1 0 0 1 1 0 1 1 1 0 1 0 0 0 0 1 0
8/10/2021 1 1 1 1 1 1 1 1 1 1 1 1 1 1 1 1 1 1 1 1 1 0 1 1 1 1 1 1 1 1 1 0 1 1 1 1 1 1 1 1 1 1 1 1 1 1 1 1 1 1
7/11/2022 1 1 0 0 1 1 1 1 1 1 1 1 0 1 0 0 1 1 1 1 1 0 0 1 0 0 1 0 1 1 0 1 1 1 1 1 1 1 1 1 0 1 1 1 1 1 1 1 1 1
6/3/2023 0 0 0 0 0 1 1 0 1 1 0 1 1 0 0 0 0 1 1 0 1 0 1 0 1 0 1 0 1 1 0 1 1 1 1 1 1 0 0 1 1 0 1 1 1 1 1 1 1 0
6/8/2024 1 0 0 1 1 0 1 1 0 1 0 0 1 0 1 1 0 0 0 1 0 1 0 1 1 0 1 0 0 0 1 0 0 1 1 0 1 1 1 1 1 1 0 1 0 1 0 0 0 0
1/6/2025 1 1 1 1 1 1 1 1 1 1 1 1 1 1 1 1 1 1 1 1 1 1 1 1 1 1 1 1 1 1 1 1 1 1 1 1 0 1 1 1 1 1 1 1 1 1 1 1 1 1
8/10/2026 1 1 1 1 1 1 1 1 1 1 1 1 1 1 0 1 1 1 1 1 1 1 1 1 1 0 1 1 1 1 1 1 1 1 1 1 1 1 1 1 1 1 1 1 1 1 1 1 1 1
13/9/2027 1 1 1 1 1 1 0 1 1 1 1 1 1 1 1 1 1 1 1 1 1 1 1 1 1 1 1 1 1 1 1 1 1 1 1 1 1 1 1 1 1 1 1 1 1 1 1 1 1 1
3/1/2028 1 1 1 1 1 1 1 1 1 1 1 1 1 0 1 1 1 1 1 1 1 1 1 1 1 1 1 1 1 1 1 1 1 1 1 1 1 1 1 1 1 1 1 0 1 1 1 1 1 1
3/9/2029 1 1 1 1 1 1 1 1 1 1 1 1 1 1 1 1 0 1 1 1 1 1 1 1 1 1 1 1 1 1 1 1 1 1 1 1 1 1 1 1 1 1 1 0 1 1 1 1 1 1
7/11/2030 1 1 1 0 1 1 1 1 1 1 1 1 1 1 1 1 1 1 0 1 1 1 1 1 1 1 1 1 1 1 1 1 1 1 1 1 1 1 1 1 1 1 1 1 1 1 1 1 1 1
14/5/2031 0 1 1 1 1 1 1 1 1 1 1 1 0 1 1 1 1 1 1 1 1 1 1 1 1 1 1 1 1 1 1 1 1 1 1 1 1 1 1 1 1 1 1 1 1 1 1 1 1 1
14/7/2032 1 0 0 0 1 0 1 1 1 0 1 1 1 0 1 1 1 1 1 1 1 1 1 1 1 1 0 1 1 1 1 1 1 1 1 1 1 1 1 1 1 1 1 1 0 0 1 1 1 1
10/4/2033 1 1 1 0 1 1 1 1 1 0 1 1 0 0 0 0 0 1 0 1 1 0 1 0 1 1 0 1 0 1 0 0 1 0 1 0 0 1 1 0 0 1 0 1 1 1 1 1 1 0
1/9/2034 1 1 1 1 1 1 1 1 1 0 0 1 1 0 1 1 1 1 1 1 1 1 1 0 0 1 1 1 1 1 1 0 1 1 1 1 1 0 1 1 0 1 1 1 1 1 1 0 1 1
12/4/2035 1 1 1 1 1 1 1 1 1 1 1 1 1 0 1 0 1 1 1 1 1 1 1 1 1 1 1 1 1 1 1 1 1 1 1 1 1 1 1 1 1 1 1 1 1 1 1 1 1 1
21/11/2036 0 1 1 1 0 0 1 1 1 1 1 1 1 1 1 0 1 1 1 1 0 0 1 1 1 1 0 1 0 0 1 1 1 1 1 1 1 1 1 1 1 1 1 1 1 1 1 1 1 1
11/12/2037 1 1 1 1 1 1 1 1 1 1 1 1 1 1 1 1 1 1 1 1 1 1 1 1 1 1 1 1 1 1 1 1 1 1 1 1 1 1 1 1 1 1 0 1 1 1 1 1 1 1
10/9/2038 1 1 0 1 1 1 1 1 0 1 1 1 1 0 1 0 1 1 1 0 1 1 1 1 1 1 1 1 1 1 1 1 1 1 1 0 1 0 0 1 0 1 0 1 0 1 1 1 1 1
11/10/2039 1 1 1 1 1 1 1 1 1 1 1 1 1 1 1 1 1 1 1 0 1 1 1 1 1 1 1 1 1 1 1 1 1 1 1 1 1 1 1 1 1 1 1 1 1 1 1 1 1 1
1/2/2040 1 1 1 1 1 1 1 0 1 1 1 1 1 1 1 1 1 1 1 1 1 0 1 1 1 1 1 1 1 1 1 1 1 1 1 1 1 1 1 1 1 1 1 1 1 1 1 1 1 1
8/10/2041 1 1 1 0 1 1 1 1 1 1 1 1 1 1 1 1 1 1 1 1 1 1 1 1 1 1 1 1 1 1 1 1 1 1 1 1 1 1 1 1 1 1 1 1 1 1 1 1 0 1
23/9/2042 1 0 0 1 1 0 1 1 1 1 1 1 1 1 1 1 1 1 1 1 1 0 0 0 1 1 0 1 0 0 1 1 1 0 0 1 1 1 1 1 0 1 1 1 1 1 0 1 1 0
13/4/2043 1 1 0 0 1 0 1 1 1 1 1 0 1 1 1 1 1 1 1 1 1 1 1 1 0 1 1 1 1 0 1 1 0 1 1 1 1 1 1 0 1 1 0 1 1 1 0 1 1 1
3/6/2044 0 1 1 0 1 0 1 1 1 1 1 0 0 0 1 0 1 1 0 0 1 0 1 1 0 0 1 0 1 0 1 0 1 0 0 0 0 1 0 0 0 0 1 0 1 0 1 0 0 0
25/9/2045 0 1 1 1 0 1 1 0 0 0 1 0 0 1 1 1 1 1 1 0 0 0 1 1 1 1 1 0 0 0 0 1 1 0 0 1 1 1 0 1 0 0 0 0 1 1 1 0 0 0
1/9/2046 1 1 1 1 1 1 1 1 1 0 1 1 1 1 1 1 1 1 1 1 1 1 1 1 1 1 1 1 1 1 1 1 1 1 1 0 1 1 1 1 1 1 1 1 1 1 1 1 1 1
15/9/2047 1 1 1 1 1 1 1 1 1 1 1 1 1 1 1 1 1 1 1 1 1 1 1 1 1 1 0 1 1 1 1 1 1 1 1 1 1 1 1 1 1 1 1 1 1 1 1 1 1 1
15/11/2048 0 1 1 0 1 0 1 0 1 0 0 1 1 1 1 1 1 0 0 1 0 0 0 1 1 0 0 1 1 0 1 1 0 0 1 0 1 0 1 1 1 0 0 0 1 1 0 0 1 1
7/9/2049 1 1 1 1 1 1 1 1 1 1 1 1 1 1 1 1 1 1 1 1 1 1 1 1 1 1 1 1 1 1 1 1 1 1 1 1 1 1 1 1 0 1 1 1 1 0 1 1 1 1
2/10/2050 1 1 1 1 1 1 1 1 1 1 1 1 1 1 1 1 1 1 1 1 1 0 1 1 1 1 1 1 0 1 1 1 1 1 1 1 1 1 1 1 1 1 1 1 1 1 1 1 1 1
5/7/2051 1 1 0 0 0 1 0 1 1 1 1 0 1 1 0 1 0 0 0 1 0 1 1 1 1 1 1 0 0 1 0 0 1 0 1 0 1 1 1 1 0 0 0 0 0 0 0 1 0 1
19/9/2052 1 1 1 1 1 1 1 1 1 0 1 1 1 1 1 1 1 1 1 1 1 1 1 1 1 1 1 1 1 1 1 1 1 1 1 1 1 1 1 1 1 1 1 1 1 1 1 1 1 1
3/4/2053 1 1 1 1 1 1 1 1 1 1 1 1 1 1 1 1 1 1 1 1 1 1 0 1 1 1 1 1 1 1 1 1 0 1 1 1 1 1 1 1 1 1 1 1 1 1 1 1 1 1
10/11/2054 1 1 1 0 1 1 1 1 1 1 1 0 1 1 1 1 1 1 1 1 1 1 1 1 1 1 1 1 1 1 1 1 1 1 1 1 1 1 1 1 1 1 1 1 1 1 1 1 1 1
20/10/2055 1 1 1 1 1 1 1 1 1 1 1 1 1 1 1 1 1 0 1 1 1 1 1 1 1 1 1 1 1 1 1 1 1 1 1 1 1 1 1 1 1 1 1 1 1 1 1 1 1 1
25/8/2056 1 0 1 1 0 1 1 0 0 0 1 1 0 1 0 1 1 0 0 1 1 0 0 1 1 1 1 1 0 0 0 1 0 1 0 0 0 1 1 0 1 0 1 0 0 1 0 0 0 0
20/4/2057 1 1 1 1 1 0 1 1 1 1 1 1 1 1 1 1 1 1 1 1 1 1 1 1 1 1 1 1 1 1 0 1 1 1 1 1 1 1 1 1 1 1 1 1 1 1 1 1 1 1
2/12/2058 1 1 1 1 1 1 1 1 1 1 1 1 1 1 1 1 1 1 1 1 1 1 1 1 1 1 1 1 1 1 1 1 1 0 1 1 1 1 1 1 1 1 1 1 1 1 1 1 1 1
25/1/2059 1 0 1 1 0 1 0 0 1 0 1 0 0 0 1 1 1 1 0 1 0 1 1 0 1 0 0 0 0 1 1 1 1 0 1 1 0 0 0 0 0 0 0 0 1 0 1 1 0 0
24/2/2060 1 1 1 1 1 1 1 1 1 1 1 1 1 1 1 1 1 1 1 1 1 1 0 1 1 1 1 0 1 1 1 1 1 1 1 1 1 1 1 1 1 1 1 1 1 1 1 1 1 1
15/9/2061 1 1 0 1 1 1 1 1 1 1 1 1 1 1 1 0 1 1 1 1 1 1 1 1 1 1 1 1 1 1 1 1 1 1 1 1 1 1 1 1 1 1 1 1 1 1 1 1 1 1
16/6/2062 1 1 1 1 1 1 1 1 1 1 1 1 1 1 1 1 1 1 1 1 1 1 1 1 1 1 1 1 1 1 1 1 1 1 1 1 1 1 1 1 1 0 1 1 1 1 0 1 1 1
15/10/2063 1 1 1 1 1 1 1 0 1 1 1 1 1 1 0 0 0 0 0 1 1 0 1 1 1 0 1 0 1 1 1 0 1 0 0 1 1 0 0 0 1 0 0 1 0 1 0 0 1 0
4/1/2064 1 1 1 1 1 1 1 1 1 1 1 1 1 1 1 1 1 1 1 1 1 1 1 1 0 1 1 1 1 1 1 1 1 1 1 1 1 1 1 0 1 1 1 1 1 1 1 1 1 1
