44 46
22/6/2016 1 1 1 1 1 1 1 1 1 1 1 1 1 1 1 1 1 1 1 1 1 1 1 1 1 1 1 1 1 1 1 1 1 1 1 1 1 1 1 1 1 0 1 1
5/5/2017 1 1 1 0 1 1 1 1 1 1 1 0 0 0 0 1 1 1 0 1 1 1 0 1 1 0 0 1 0 1 0 1 0 1 1 0 1 1 0 0 1 0 0 0
1/8/2018 0 1 1 1 0 1 1 1 0 1 1 1 0 1 1 1 1 1 1 1 1 1 1 0 1 1 0 1 1 1 0 1 1 1 1 1 0 1 1 1 0 1 1 1
24/6/2019 1 0 1 1 1 1 1 1 1 0 1 0 0 1 1 1 1 0 1 0 0 0 1 1 0 1 1 1 0 1 1 0 1 1 1 1 1 1 1 1 0 1 1 0
8/1/2020 1 1 1 1 1 1 1 1 1 1 1 0 1 1 1 1 1 1 1 1 1 1 1 1 1 1 1 1 1 1 1 1 1 1 1 1 1 1 1 1 1 1 1 1
19/2/2021 0 1 0 0 1 1 1 1 0 0 0 1 1 1 0 1 1 1 1 1 0 1 1 1 1 1 0 0 0 0 1 1 0 0 1 0 0 0 0 0 1 0 0 0
15/4/2022 1 1 1 1 1 1 1 1 1 1 1 1 1 1 1 1 1 1 1 1 1 1 1 1 1 1 1 1 1 1 1 1 1 1 1 1 1 1 1 1 1 1 1 1
12/8/2023 1 1 1 1 1 1 0 1 1 1 1 1 1 1 1 1 1 1 1 1 1 1 1 1 1 1 1 1 1 1 1 1 1 1 1 1 1 1 1 1 1 1 1 1
12/7/2024 1 1 1 1 1 1 1 1 1 1 1 1 1 1 1 1 1 1 1 0 1 1 1 1 1 1 1 1 1 1 1 1 1 1 1 1 1 1 1 1 1 1 1 1
25/1/2025 0 1 0 0 0 0 0 1 0 0 0 0 0 1 0 1 0 0 0 1 1 1 1 0 1 0 0 0 0 1 1 0 1 1 1 0 0 1 1 1 1 1 1 0
14/7/2026 1 0 1 1 1 1 1 1 1 1 1 1 1 1 1 1 1 1 1 1 1 1 1 1 1 1 1 1 1 1 1 1 1 1 1 1 1 1 1 1 1 1 1 1
25/7/2027 1 1 1 1 1 1 1 0 0 1 1 1 1 1 1 1 1 1 1 1 1 1 1 1 1 1 1 1 1 1 1 1 1 1 1 1 1 1 1 1 1 1 1 1
23/1/2028 1 1 1 1 1 1 1 0 0 0 1 1 1 1 1 1 1 1 1 1 1 1 1 0 1 1 1 1 1 1 1 1 1 1 1 1 1 0 1 1 1 1 1 1
10/12/2029 1 1 1 0 1 1 1 1 1 1 1 1 1 1 1 1 1 1 1 1 1 1 1 1 1 1 1 1 1 1 1 1 1 1 1 1 1 1 1 1 1 1 1 1
22/7/2030 1 1 1 1 1 1 1 1 1 1 1 1 1 1 1 1 1 1 1 1 1 1 1 1 1 1 1 1 1 1 1 1 1 1 1 1 1 1 1 1 1 1 0 1
19/12/2031 1 1 1 1 1 1 1 0 1 1 1 1 1 1 1 1 0 1 1 1 1 1 1 1 1 1 1 1 1 1 1 1 1 1 0 1 0 1 0 1 0 1 0 0
23/10/2032 1 1 1 1 1 1 1 1 1 1 1 1 1 1 1 1 1 1 1 1 1 0 1 1 1 1 1 1 1 1 1 1 1 1 1 1 1 1 1 0 1 1 1 1
8/4/2033 1 1 1 1 1 1 1 1 1 1 1 1 1 1 1 1 1 1 1 1 1 1 1 1 1 1 1 1 1 1 1 1 1 1 1 1 0 1 1 1 0 1 1 1
7/10/2034 1 1 1 1 1 1 1 1 1 1 1 1 1 1 1 1 1 1 1 1 1 1 1 1 1 1 0 1 1 1 1 1 1 1 1 1 1 1 1 1 1 1 1 1
22/10/2035 0 1 1 0 1 1 1 0 1 0 1 0 1 0 1 0 0 0 0 1 1 0 0 0 0 0 0 1 1 1 0 0 1 1 1 0 0 0 0 0 0 1 0 1
2/3/2036 1 1 1 1 1 1 1 1 1 1 1 1 1 1 1 1 1 1 1 1 1 1 1 1 1 1 1 1 1 1 1 1 1 1 1 1 1 1 1 1 0 1 1 1
16/6/2037 0 1 1 1 1 1 1 1 1 1 1 1 1 1 1 1 1 1 1 1 0 1 1 1 1 1 1 1 1 1 1 1 1 1 1 1 1 1 1 1 1 1 1 1
20/7/2038 1 1 1 1 1 1 1 0 1 1 1 1 1 1 0 1 1 1 1 1 1 1 1 1 1 1 1 1 0 1 1 1 1 0 0 1 1 1 1 1 0 1 1 1
13/11/2039 1 0 1 0 1 1 1 0 1 1 1 1 1 1 1 1 1 1 1 1 1 1 1 1 1 1 1 1 1 1 1 0 1 1 1 1 1 1 1 1 0 1 1 1
23/2/2040 0 1 0 1 1 0 1 1 0 0 0 0 1 1 0 0 1 1 1 0 1 0 0 1 1 1 1 1 1 0 1 0 1 0 1 1 1 0 1 1 1 0 0 0
14/12/2041 1 0 0 1 1 1 1 0 1 1 1 1 1 1 1 1 1 0 1 1 1 1 1 1 1 0 1 1 1 1 1 1 0 1 0 1 1 0 0 1 1 0 1 1
9/6/2042 1 1 1 1 1 1 1 1 1 1 1 1 1 1 1 1 1 1 1 1 1 1 1 1 1 1 1 1 1 1 1 1 1 1 1 1 1 1 1 1 1 1 1 0
12/11/2043 1 1 1 1 1 1 1 1 1 1 1 1 1 1 1 1 1 1 1 1 1 1 1 1 1 1 1 1 1 1 1 1 1 0 1 1 1 1 1 1 1 0 1 1
13/9/2044 1 1 1 1 1 1 1 1 1 1 1 1 1 1 1 1 1 1 1 1 1 1 1 1 1 1 1 1 1 1 1 1 1 1 1 1 0 1 1 1 1 1 1 1
5/11/2045 1 1 1 1 0 1 1 1 1 1 1 1 0 0 1 1 0 1 1 1 0 1 1 0 1 1 1 1 1 1 1 0 0 1 0 0 1 0 0 1 0 1 1 1
21/5/2046 0 0 0 0 1 1 0 1 1 0 1 0 0 1 1 1 0 0 1 1 1 1 0 0 1 1 1 1 0 1 0 0 1 1 0 0 0 0 0 0 1 0 1 0
4/10/2047 1 1 1 1 1 1 1 1 1 1 1 1 1 1 1 1 1 1 1 1 1 1 0 1 1 1 1 1 1 1 1 1 1 1 1 1 1 1 1 1 1 1 0 1
21/10/2048 0 0 1 0 0 0 1 1 1 1 0 0 0 0 0 1 0 1 1 0 0 1 0 0 1 0 0 0 0 1 0 0 0 0 1 0 1 1 1 0 1 1 0 1
17/4/2049 1 0 1 1 1 1 1 1 1 0 0 1 0 1 1 1 0 1 0 1 1 1 1 1 1 1 1 1 1 1 1 1 1 1 1 1 1 1 1 1 1 0 1 1
18/2/2050 0 1 1 0 0 0 0 0 0 1 0 1 1 0 0 1 1 1 0 0 0 0 0 0 0 1 0 0 0 0 0 0 1 1 1 1 0 0 1 1 1 0 1 1
20/8/2051 0 0 1 1 0 1 1 1 1 1 1 1 1 0 0 1 1 1 1 1 0 1 1 1 1 0 1 1 1 0 1 1 1 1 0 0 0 1 0 1 0 1 0 1
4/3/2052 1 1 1 1 1 1 1 1 1 1 1 1 1 1 1 1 1 1 1 1 1 1 1 1 1 1 1 1 1 1 1 1 1 1 0 1 1 1 1 1 1 1 1 1
15/6/2053 1 1 0 0 1 1 1 1 1 0 1 0 0 0 1 1 1 1 1 1 1 1 0 1 1 0 1 1 1 1 1 1 1 1 1 1 0 1 0 1 1 1 1 1
17/6/2054 1 1 1 1 1 1 1 1 1 1 1 1 1 1 1 1 1 1 1 1 1 1 1 1 1 1 1 1 1 1 1 1 0 1 1 1 0 1 1 1 1 1 1 1
9/6/2055 1 1 1 1 1 1 1 1 1 1 1 1 0 0 1 1 1 1 1 1 1 1 1 1 1 1 1 1 1 1 1 1 1 1 1 1 1 1 1 1 1 1 1 1
14/7/2056 1 1 1 1 0 0 0 0 1 0 1 1 1 1 0 1 0 1 0 0 0 0 1 0 0 0 1 0 1 1 0 0 1 0 1 0 0 1 0 0 0 0 1 1
5/10/2057 1 1 1 1 1 1 1 1 1 1 1 1 1 1 1 1 1 1 1 1 1 1 1 1 1 1 1 1 1 1 1 1 1 1 1 1 1 1 1 0 1 1 1 1
11/3/2058 0 0 1 0 0 0 0 1 1 1 1 0 0 1 0 0 1 0 0 0 0 1 0 0 0 1 1 1 0 0 0 1 1 0 1 0 1 0 0 1 1 0 0 1
6/9/2059 1 1 1 1 1 1 1 1 1 1 1 0 1 1 1 1 1 1 1 1 1 1 1 1 1 1 1 1 1 1 1 1 1 1 1 0 1 1 1 1 1 1 1 1
16/9/2060 0 0 0 1 1 1 1 1 1 1 0 0 0 1 0 0 0 0 0 1 1 0 1 1 0 0 1 0 0 1 1 0 1 0 0 0 1 1 1 1 0 1 1 0
8/5/2061 1 1 0 0 1 1 1 1 1 1 1 1 0 0 1 0 1 0 0 1 1 1 1 1 1 0 1 0 0 1 1 1 1 1 0 1 0 1 1 1 1 0 1 1
