47 45
8/3/2016 1 1 1 1 1 1 1 1 1 1 1 1 1 1 1 1 0 1 0 0 1 0 1 1 0 1 1 1 0 0 1 1 1 1 1 1 1 1 1 0 1 1 0 1 1 1 1
25/5/2017 1 1 1 1 0 1 1 1 1 1 1 1 1 1 1 1 1 1 1 1 1 1 1 1 1 1 1 1 1 1 1 1 1 1 1 1 1 1 1 1 1 1 1 1 1 1 1
15/6/2018 1 1 1 1 1 1 1 1 1 1 1 1 1 1 1 1 1 1 1 1 1 1 1 1 1 1 1 1 1 1 1 1 1 1 1 1 1 1 1 0 0 1 1 1 1 1 1
3/7/2019 1 1 1 0 0 0 0 1 1 0 0 1 0 1 1 0 0 1 0 0 1 0 1 1 1 0 0 1 0 0 1 1 1 0 0 1 0 1 0 1 0 0 1 1 0 1 1
6/7/2020 1 1 1 1 1 1 1 1 1 1 1 1 1 1 1 1 1 1 0 1 1 1 1 1 1 1 1 1 1 1 1 1 1 1 1 1 1 1 1 1 1 1 1 1 1 1 1
6/4/2021 1 1 1 1 0 1 1 1 1 1 1 1 1 1 1 1 1 1 1 1 1 1 1 1 1 1 1 1 1 1 1 1 1 1 1 0 1 1 1 1 1 1 1 1 1 1 1
8/5/2022 1 1 1 1 1 1 1 1 1 1 0 1 1 1 1 1 1 1 1 1 0 1 1 1 1 1 1 1 1 1 1 1 1 1 1 1 1 1 1 1 1 1 1 1 1 1 1
8/9/2023 1 0 1 1 1 1 1 1 1 1 1 1 1 1 1 1 1 1 1 1 1 1 1 1 1 1 1 1 1 1 1 1 1 1 1 1 1 1 1 1 0 1 1 1 1 1 1
12/7/2024 0 0 0 0 0 0 0 0 1 0 0 0 1 1 1 0 0 1 0 1 1 1 0 0 1 1 1 1 1 0 0 1 0 0 1 1 0 0 1 0 0 0 0 0 0 1 0
18/3/2025 1 1 1 1 1 1 1 1 1 1 1 1 1 1 1 1 1 1 1 1 1 1 1 1 1 1 1 1 1 1 1 1 1 1 1 1 1 1 1 1 1 1 1 1 1 1 1
20/3/2026 1 1 1 1 1 1 1 1 1 1 1 0 1 1 1 1 1 1 1 1 1 1 1 1 1 1 1 1 1 1 1 1 0 1 1 1 1 1 1 1 1 1 1 1 1 1 1
25/4/2027 1 1 1 1 1 1 1 1 1 1 1 1 1 1 1 1 1 1 1 1 1 1 1 1 1 1 1 1 1 1 1 1 1 0 1 1 1 1 1 1 1 1 1 1 1 0 1
3/12/2028 0 0 1 0 0 1 0 1 1 1 1 0 0 0 0 1 1 0 0 1 0 1 0 1 1 0 1 1 0 0 1 0 1 1 0 0 0 1 1 1 1 0 0 0 0 1 0
3/6/2029 0 0 1 1 1 1 0 1 1 1 1 1 1 1 0 1 1 0 1 1 1 1 1 1 1 1 1 1 1 1 1 1 1 0 1 1 1 1 1 1 1 1 1 1 1 1 1
18/9/2030 1 1 1 1 1 1 1 1 1 1 1 1 1 1 1 1 1 1 0 1 1 1 1 1 1 1 1 1 1 1 1 1 1 1 1 1 1 1 1 1 1 1 1 1 1 1 1
12/5/2031 1 1 0 0 1 1 1 0 0 0 0 0 1 1 1 1 0 1 0 1 0 1 0 0 0 1 0 0 0 0 0 1 0 0 0 1 0 0 1 0 0 1 0 0 0 0 0
14/9/2032 1 1 0 1 1 1 1 1 1 1 1 1 1 1 1 1 1 1 1 1 1 1 1 1 1 1 1 1 1 1 1 1 1 1 1 1 1 1 1 1 1 1 1 1 1 1 1
20/1/2033 1 1 1 1 1 1 1 1 1 1 1 1 1 1 1 1 1 1 1 1 1 1 1 1 1 1 1 1 1 1 1 1 1 1 1 1 1 1 1 1 1 1 1 1 1 1 1
24/10/2034 1 0 0 1 1 1 0 1 0 1 0 0 0 1 0 0 1 0 1 0 1 1 0 0 0 1 1 0 0 0 1 0 0 0 1 1 1 1 0 1 0 1 1 1 1 0 0
24/7/2035 1 1 1 1 1 1 1 1 1 1 1 1 1 1 1 1 1 1 1 0 1 1 1 1 1 1 1 0 1 1 1 1 1 1 1 1 1 1 1 1 1 1 1 1 1 1 1
18/1/2036 1 1 1 1 0 1 0 1 1 1 1 1 1 0 1 1 1 0 1 0 0 1 1 0 1 1 0 1 1 1 1 0 0 1 0 1 0 1 0 1 1 0 1 1 0 0 1
1/1/2037 1 1 1 1 1 1 1 1 1 1 1 1 1 1 1 1 1 1 1 1 1 1 1 1 1 1 1 1 1 1 1 1 1 1 1 1 1 1 1 1 1 1 1 1 1 1 1
21/10/2038 1 1 1 1 1 1 1 1 1 1 1 1 1 1 1 1 1 1 1 1 1 1 1 1 1 1 1 0 1 1 1 1 1 1 1 1 1 1 1 1 1 1 1 1 1 1 1
1/8/2039 0 0 1 0 1 1 0 1 1 0 0 1 1 1 1 0 1 1 1 1 1 0 0 1 0 1 1 1 0 0 0 1 1 1 0 1 0 1 0 1 1 1 0 1 1 1 0
9/8/2040 0 1 1 1 1 1 0 0 0 0 0 1 0 1 0 0 0 0 0 0 1 0 1 0 1 1 0 0 0 0 0 1 0 0 0 0 1 1 1 0 0 0 0 0 1 1 1
20/10/2041 1 1 1 1 1 1 1 1 1 1 1 1 1 1 1 1 1 1 1 1 1 1 0 1 1 1 1 1 1 1 1 1 1 1 1 1 1 1 1 1 1 1 1 0 1 1 1
9/9/2042 1 1 1 0 1 1 1 1 1 1 1 1 1 1 1 1 1 1 1 1 1 1 1 1 1 1 1 1 1 1 1 1 1 1 1 1 1 1 1 1 1 1 1 1 1 1 1
6/1/2043 1 1 1 1 1 1 1 1 1 1 1 1 1 1 1 1 1 1 1 1 1 0 1 1 1 1 1 1 1 1 1 1 1 0 1 1 1 1 1 1 1 1 1 1 1 1 1
10/5/2044 0 1 1 1 0 0 1 0 1 0 1 0 0 1 0 0 1 0 1 0 1 1 0 1 1 0 0 1 0 1 0 1 0 1 0 0 1 0 1 1 0 0 1 0 0 1 1
25/6/2045 1 1 1 1 1 1 1 1 1 1 1 1 1 1 1 1 1 1 1 1 1 1 1 1 1 0 1 1 1 1 1 1 0 1 1 1 1 1 1 1 1 1 1 1 1 1 1
21/3/2046 1 1 1 1 1 1 1 1 1 1 1 1 1 1 1 1 1 1 1 1 1 1 1 1 1 0 1 1 1 1 1 1 1 0 1 1 1 1 1 1 1 1 1 1 1 1 1
5/8/2047 1 1 1 1 1 1 1 1 1 0 1 1 1 1 1 1 1 1 1 1 1 1 1 1 1 1 1 1 1 1 1 1 1 1 1 1 1 1 1 1 1 1 1 1 1 1 1
23/10/2048 1 1 0 0 1 1 1 1 0 0 1 1 0 1 0 0 1 0 0 0 1 0 0 0 1 0 1 1 1 0 1 0 1 1 1 0 0 0 1 0 0 1 0 1 1 0 0
14/4/2049 0 0 1 1 0 0 1 0 0 1 0 1 1 1 1 1 1 1 0 1 1 1 0 1 1 1 0 1 1 1 0 0 1 0 1 0 0 1 0 0 0 1 1 1 0 1 1
25/6/2050 1 1 0 0 0 1 0 1 1 0 1 1 1 0 0 1 0 1 1 1 1 0 1 1 1 1 1 0 1 0 0 1 0 0 1 0 0 0 1 0 1 1 0 0 0 0 0
3/11/2051 0 1 1 1 0 1 1 1 1 1 1 1 1 1 1 1 1 1 1 1 1 1 1 1 1 1 1 1 1 1 1 1 1 1 1 1 1 1 1 1 1 1 1 1 1 1 1
20/8/2052 0 1 1 1 1 0 0 0 0 0 0 0 1 0 0 0 1 0 1 0 0 0 0 0 1 1 0 1 0 1 1 0 1 1 0 0 0 0 1 0 0 0 1 1 0 0 1
19/10/2053 0 1 0 1 0 0 1 0 0 1 1 1 0 0 0 1 0 1 0 0 1 1 1 0 0 0 1 1 1 0 1 1 0 1 1 1 0 0 1 0 1 1 0 1 0 0 1
15/8/2054 0 1 0 0 1 0 1 1 0 1 1 1 0 0 1 1 0 1 1 0 1 0 1 1 1 1 1 1 1 1 1 0 0 0 0 1 1 1 0 1 1 1 0 0 0 0 1
2/5/2055 0 0 0 1 0 1 0 0 0 0 0 1 1 1 1 1 0 1 0 0 1 0 1 0 0 0 1 1 0 0 0 0 0 0 1 1 1 1 1 0 0 0 1 1 0 1 1
14/8/2056 1 1 1 1 1 1 1 1 1 1 1 1 0 1 1 1 1 1 1 1 1 1 1 1 1 1 1 1 1 1 1 0 1 1 1 1 1 1 1 1 1 1 1 1 1 1 1
4/4/2057 1 0 1 0 1 1 1 0 1 0 1 1 0 0 1 1 0 1 0 0 0 0 1 1 1 0 1 1 0 0 0 0 0 0 1 1 1 1 1 1 0 0 0 0 1 0 0
18/11/2058 0 0 0 0 0 1 1 1 0 1 1 1 0 0 0 1 1 0 0 0 0 0 1 1 1 0 0 1 0 1 1 0 1 0 1 1 1 1 1 0 1 1 1 0 1 0 1
12/7/2059 1 1 1 1 1 0 0 1 1 1 1 0 1 1 1 0 0 1 0 0 0 1 1 0 0 1 1 0 1 0 0 1 0 1 0 1 1 0 0 0 1 1 1 0 1 0 0
21/1/2060 1 1 1 1 1 1 1 1 1 1 1 1 1 1 1 1 1 1 1 1 1 1 1 1 1 1 1 1 1 1 0 1 1 1 1 1 1 1 1 1 1 1 1 1 1 1 1
