46 49
8/10/2016 1 1 1 1 1 1 1 1 1 1 1 1 1 1 1 1 1 1 1 1 1 1 1 1 1 1 1 1 1 1 1 0 1 0 1 1 1 1 1 1 1 1 0 1 1 1
10/2/2017 1 0 1 1 1 1 1 1 1 1 1 1 1 1 1 1 0 1 1 1 1 1 1 1 1 1 1 1 1 1 1 1 1 1 1 1 1 1 1 1 1 1 1 1 1 1
6/3/2018 1 0 1 1 1 1 1 1 1 0 0 1 1 1 1 0 1 0 1 1 1 1 1 1 1 1 1 1 1 1 1 0 1 0 1 1 0 1 1 1 1 0 1 1 0 0
11/2/2019 0 1 0 0 1 0 0 0 0 0 0 1 1 0 0 1 0 0 1 1 0 0 0 0 1 1 0 1 0 0 1 1 1 0 0 1 0 0 1 0 0 0 0 1 0 0
7/11/2020 1 1 1 1 1 1 1 1 1 1 1 1 1 1 1 1 1 1 1 1 1 1 1 1 1 1 1 1 1 1 1 1 1 1 1 1 1 1 1 1 1 1 1 1 1 0
12/8/2021 1 0 1 0 1 0 1 1 0 1 0 0 1 0 1 1 1 1 1 1 0 1 1 1 1 1 0 0 1 0 1 0 1 1 1 0 1 0 1 1 1 1 1 1 0 1
7/8/2022 1 1 1 1 1 0 1 1 1 1 1 1 1 1 1 1 1 1 0 1 1 1 1 1 1 1 1 1 1 1 1 1 1 1 1 1 1 1 1 1 1 1 1 1 1 1
13/8/2023 1 1 1 1 1 1 1 1 1 1 1 1 1 1 1 1 1 1 1 1 1 1 0 1 1 1 1 1 1 1 1 1 1 1 1 1 1 1 1 1 1 1 1 1 1 1
7/6/2024 1 1 1 1 1 1 1 1 1 1 1 1 1 1 1 1 1 1 1 1 1 0 1 1 1 1 1 1 1 1 1 1 1 1 1 1 1 1 1 1 1 1 1 1 1 1
25/9/2025 1 1 1 1 1 1 1 1 1 1 1 1 1 1 1 1 1 1 1 1 1 1 1 1 1 1 1 1 1 1 1 0 1 1 1 1 1 1 1 1 0 1 1 1 1 1
11/10/2026 0 1 1 1 1 1 1 1 1 1 1 1 1 1 1 1 1 1 1 1 1 1 1 1 1 1 1 1 1 1 1 1 1 1 1 1 1 1 1 1 1 1 1 1 1 1
17/10/2027 1 1 0 1 1 0 1 0 0 0 1 1 1 0 0 1 0 0 0 0 0 0 0 0 1 1 1 0 1 1 0 0 1 1 0 0 1 0 0 0 1 0 0 1 0 1
22/6/2028 1 1 1 1 1 1 1 1 1 0 1 1 1 1 1 1 1 1 1 1 1 1 1 1 1 1 1 1 1 1 1 1 1 1 0 1 1 1 1 1 1 1 1 1 1 1
5/10/2029 1 1 1 1 1 1 0 1 1 1 1 0 1 1 1 1 1 1 1 1 1 1 1 1 1 1 1 1 1 1 1 1 1 1 1 1 1 1 1 1 1 1 1 1 1 1
2/4/2030 1 1 1 1 1 1 0 1 1 0 1 1 1 1 1 1 1 1 0 1 1 1 1 1 1 1 1 1 1 1 1 1 1 1 1 1 1 1 1 1 1 1 1 1 1 1
20/12/2031 1 1 1 1 1 1 1 1 1 1 1 1 1 1 1 1 1 1 1 1 1 1 1 1 1 1 1 1 1 1 1 1 1 1 1 1 1 1 1 1 1 1 1 1 1 1
25/7/2032 1 1 1 1 1 1 1 1 1 1 1 1 1 1 1 1 1 1 1 1 1 1 1 1 1 1 1 1 0 1 1 1 1 1 1 1 1 1 1 1 1 1 1 1 1 1
18/12/2033 1 1 1 1 1 1 1 1 1 1 1 1 1 1 1 1 1 1 1 1 1 1 0 1 1 1 1 1 0 1 1 1 1 1 1 1 1 1 1 1 1 1 1 1 1 1
15/9/2034 1 1 1 1 1 1 1 1 1 1 1 1 1 1 1 1 1 1 0 1 0 1 1 0 1 1 1 1 1 1 1 1 0 1 1 1 1 1 1 1 1 1 1 1 1 1
11/12/2035 0 1 1 1 0 1 1 1 1 1 1 1 1 1 1 1 1 1 1 1 1 1 1 1 1 1 1 1 1 1 1 1 1 1 1 1 1 1 1 1 1 1 1 1 1 1
10/12/2036 1 1 0 1 1 0 0 1 1 1 0 1 0 1 1 1 1 1 1 1 0 1 1 1 0 1 1 0 0 1 1 1 1 1 0 0 1 1 1 0 0 1 1 0 0 1
15/2/2037 1 0 0 1 0 0 0 0 1 1 1 0 0 0 1 0 0 1 1 0 0 0 0 1 1 0 1 0 0 1 0 0 0 0 1 0 1 0 1 1 1 0 0 1 0 0
1/12/2038 1 1 1 1 1 1 1 1 1 1 1 1 1 1 1 1 1 1 1 1 1 1 1 1 1 1 1 1 1 1 1 1 1 1 1 1 1 1 1 1 1 0 1 1 1 1
20/6/2039 1 1 1 1 1 1 1 1 1 1 1 1 1 1 1 1 1 1 1 1 1 1 1 1 0 1 1 1 1 1 1 1 1 1 1 1 1 1 1 1 1 1 1 1 1 1
5/7/2040 0 0 1 1 1 0 0 0 0 0 1 0 1 1 1 1 0 1 1 1 1 1 1 1 1 1 1 0 1 0 1 0 0 1 1 0 0 0 1 1 0 0 1 1 1 0
15/2/2041 1 0 1 0 0 0 1 0 1 0 0 0 0 0 1 0 0 0 0 0 0 1 0 0 1 0 0 0 1 0 1 0 0 0 0 0 0 1 0 1 0 0 1 0 1 0
7/12/2042 1 1 1 1 1 1 1 1 1 1 1 1 1 1 1 1 1 1 1 1 1 1 1 1 1 1 1 0 1 1 1 1 1 1 1 1 1 1 0 1 1 1 1 1 1 1
20/12/2043 1 1 0 1 1 1 1 1 1 1 1 1 1 1 1 1 1 1 1 1 1 1 1 1 1 1 1 1 1 1 1 1 1 1 1 1 1 1 1 1 1 1 1 1 1 0
16/7/2044 1 1 1 1 1 1 1 1 1 0 1 0 1 1 1 1 1 1 1 1 1 1 1 1 1 1 1 1 1 1 1 1 0 1 1 1 1 1 1 1 1 1 1 1 1 1
12/12/2045 0 0 0 1 1 1 1 0 0 1 0 0 1 1 0 0 1 0 1 1 0 0 1 1 0 1 0 1 1 0 1 1 1 1 1 1 0 0 1 1 1 0 1 1 1 1
18/10/2046 0 1 1 1 1 1 1 1 1 1 1 1 1 1 1 1 1 1 1 1 1 1 1 1 1 1 1 1 1 1 1 1 1 1 1 1 1 1 1 1 1 1 1 1 1 1
5/3/2047 1 1 1 0 1 1 0 0 0 1 0 0 0 1 1 0 1 1 1 0 1 0 1 0 0 0 1 1 0 0 0 1 0 0 1 1 1 0 1 0 1 1 1 1 1 0
14/4/2048 0 1 0 0 1 0 1 1 1 0 1 0 0 1 0 1 0 1 1 1 1 0 1 1 1 0 0 1 1 0 1 0 0 1 0 0 1 0 0 1 0 1 1 0 0 1
24/9/2049 0 0 0 1 0 0 1 1 1 0 1 0 0 1 1 1 1 0 1 1 1 1 0 0 1 1 0 0 0 0 0 0 0 0 1 0 0 1 1 1 0 1 1 0 0 0
2/11/2050 1 1 1 1 1 1 1 1 1 1 1 1 1 1 1 1 1 1 1 1 1 1 1 1 1 1 1 1 1 1 1 1 1 1 1 1 0 1 1 1 1 1 1 1 1 1
25/4/2051 1 1 1 1 0 0 1 1 1 0 1 1 1 0 1 0 0 1 0 1 0 0 0 0 0 0 1 0 0 1 1 1 0 1 0 0 0 1 0 1 1 1 1 1 0 1
9/11/2052 1 1 1 1 0 0 1 1 0 0 1 0 0 0 1 0 0 1 0 1 1 1 0 1 0 0 0 1 1 1 0 1 1 0 1 1 0 1 0 1 1 1 1 1 1 0
4/1/2053 1 1 1 1 1 1 1 1 1 1 1 1 1 0 1 1 1 1 1 1 1 1 1 1 1 1 1 1 1 1 1 1 1 1 1 1 1 1 1 1 1 1 1 1 1 1
18/1/2054 1 1 1 1 1 1 1 1 1 1 1 1 1 1 1 1 1 1 1 1 1 1 1 1 1 1 0 1 1 1 1 1 1 1 1 1 1 1 1 1 1 1 1 1 1 1
20/11/2055 1 1 1 1 1 1 1 1 1 1 1 1 1 1 1 1 1 1 0 1 1 1 1 1 1 1 1 1 1 1 1 1 1 0 1 1 1 1 1 1 1 1 1 1 1 1
19/4/2056 1 1 1 1 1 1 1 1 1 1 1 1 1 1 1 1 1 1 1 1 1 1 1 0 1 1 1 0 1 1 1 1 1 1 1 1 1 1 1 1 1 1 1 1 1 1
15/7/2057 1 0 0 1 0 0 0 0 1 0 0 0 0 1 0 0 1 1 1 1 0 0 0 0 0 0 0 0 0 0 1 0 0 1 1 1 0 0 1 0 1 0 1 1 0 0
19/3/2058 1 1 1 1 1 1 1 1 1 1 1 1 1 1 1 0 1 1 1 1 1 1 1 1 1 1 1 1 1 1 1 1 1 1 0 1 1 1 1 1 1 1 1 1 1 1
4/4/2059 1 1 1 1 1 1 1 1 1 1 1 1 1 1 1 1 1 1 1 1 1 1 1 1 1 1 1 1 0 1 1 1 1 1 1 1 1 1 1 1 1 1 1 1 1 1
8/8/2060 0 1 1 0 0 1 0 1 0 0 0 0 1 0 0 1 1 0 0 0 0 0 1 0 0 0 1 0 1 0 0 1 0 1 0 1 0 1 1 1 0 0 0 1 1 0
6/11/2061 1 1 1 1 0 1 1 1 1 1 1 1 1 1 1 1 1 1 1 1 1 1 1 1 1 1 1 0 1 1 1 1 1 1 1 1 1 1 1 1 1 1 1 1 1 1
1/6/2062 1 1 1 1 1 1 1 1 1 1 1 1 1 1 1 1 1 1 1 1 1 1 1 1 1 1 1 1 1 1 1 1 1 1 0 1 1 1 1 1 1 1 1 1 1 1
21/5/2063 1 1 1 1 1 1 1 1 1 1 1 1 1 1 1 1 1 1 1 1 0 1 1 1 1 1 1 1 1 1 1 1 1 1 1 1 1 1 1 1 1 0 1 1 1 1
11/6/2064 1 0 1 1 1 0 0 1 1 1 1 0 0 0 0 0 1 0 1 1 0 0 0 0 1 1 1 1 1 1 1 1 1 0 0 1 1 0 1 0 1 1 1 1 1 0
