41 49
1/1/2016 0 1 1 0 1 0 1 1 0 0 0 1 0 1 0 0 0 0 0 0 0 1 0 0 0 1 0 1 1 0 0 0 0 0 0 0 0 0 1 1 1
17/11/2017 1 1 1 1 1 1 1 1 1 1 1 1 1 1 1 1 1 0 1 1 1 1 1 1 1 1 1 1 1 1 1 1 1 1 1 1 1 1 1 1 1
22/4/2018 0 0 1 1 1 1 0 0 0 0 1 0 0 1 0 1 1 1 0 0 0 0 1 1 0 1 0 0 0 0 0 1 0 1 0 1 0 1 1 0 0
17/11/2019 1 1 1 1 1 1 1 1 1 1 1 1 1 1 1 1 1 1 1 1 1 1 1 1 1 1 1 1 1 1 1 0 1 1 1 1 1 1 1 1 1
20/2/2020 1 1 1 1 1 0 1 1 1 1 1 1 1 1 1 1 1 1 1 1 1 1 1 1 1 1 1 1 1 1 1 1 1 1 1 1 1 1 1 1 1
5/9/2021 0 0 1 0 0 0 0 1 0 0 0 0 1 0 0 1 1 1 1 1 1 0 0 0 0 1 1 1 0 1 0 0 1 0 1 1 1 0 0 0 0
18/1/2022 1 0 1 1 1 1 1 1 1 1 1 1 0 1 1 1 1 1 1 0 1 0 1 1 1 0 1 1 1 1 1 1 1 1 1 1 1 1 1 1 1
1/1/2023 1 1 1 1 1 1 1 1 1 1 1 1 1 1 1 1 1 1 1 0 1 1 1 1 1 1 1 1 1 1 1 1 1 1 1 1 1 1 1 1 1
25/6/2024 0 0 1 1 0 1 1 0 0 0 0 0 1 1 1 0 0 1 0 1 0 1 1 0 1 0 0 1 1 0 1 0 0 1 0 1 1 0 0 0 0
20/12/2025 1 1 1 0 1 1 0 1 1 0 1 1 1 1 1 1 1 1 1 1 1 1 1 1 1 1 1 1 0 1 0 0 0 1 1 1 1 1 1 1 1
23/3/2026 1 1 1 1 0 1 1 1 0 1 1 1 1 1 0 1 1 1 1 1 1 1 1 0 1 0 1 1 1 0 0 1 1 1 1 1 1 1 1 0 0
15/10/2027 0 1 1 0 0 0 0 1 1 0 1 1 0 0 1 0 0 1 0 0 0 0 0 1 0 1 1 1 0 1 0 0 0 1 1 0 1 0 0 0 0
16/10/2028 1 1 1 1 1 1 1 1 1 1 1 1 1 1 1 1 1 1 1 0 1 1 1 1 1 1 1 1 1 1 1 1 1 1 1 1 1 1 1 1 1
6/5/2029 1 0 1 1 0 1 1 1 1 1 1 1 1 1 1 1 1 1 1 1 1 1 1 1 1 1 1 1 1 1 1 1 1 1 1 1 1 1 1 1 1
21/8/2030 1 1 1 1 1 1 1 1 1 1 1 1 1 1 1 1 1 1 1 1 1 1 1 1 1 1 1 1 1 1 0 1 1 1 1 1 1 1 1 1 1
15/5/2031 1 1 1 1 1 1 1 0 1 1 1 1 1 1 1 1 1 1 1 1 1 1 1 1 1 0 1 1 1 1 1 1 1 1 1 1 1 1 1 1 1
12/5/2032 1 1 0 1 0 1 1 0 1 0 0 1 1 1 1 0 1 0 0 0 0 0 0 1 1 1 0 1 0 1 1 0 0 0 1 1 1 1 1 0 1
18/7/2033 1 1 1 0 1 0 1 0 1 0 1 0 1 1 0 1 1 0 1 1 1 0 0 1 1 1 0 1 1 0 0 1 1 0 1 0 1 1 0 1 1
14/3/2034 1 1 1 1 1 1 1 1 1 1 1 1 1 1 1 1 1 1 1 0 1 1 1 1 1 1 1 1 1 1 1 1 1 1 1 1 1 1 1 1 1
18/4/2035 1 1 1 1 1 1 1 1 1 1 0 1 1 1 1 1 1 1 1 1 1 1 1 1 1 1 1 1 0 1 1 1 1 1 1 1 1 1 1 1 1
9/8/2036 1 1 0 0 0 1 1 0 0 0 0 1 1 0 0 0 0 1 0 1 0 0 0 0 1 0 0 0 0 1 0 0 0 0 1 0 0 1 1 1 1
5/5/2037 1 0 1 1 1 1 1 0 0 0 1 1 1 1 1 0 1 0 1 1 1 1 0 1 0 0 0 0 1 1 1 1 1 0 0 0 1 0 1 0 1
16/7/2038 1 1 0 1 1 0 1 1 0 0 0 0 0 1 0 1 0 1 1 1 0 0 1 0 1 0 1 1 1 1 0 0 0 0 1 1 1 0 0 0 0
3/4/2039 1 1 1 0 0 1 0 1 1 0 1 0 0 0 1 0 1 0 1 1 0 0 0 1 0 1 1 1 0 1 1 0 0 1 1 0 0 0 1 0 1
25/11/2040 1 1 0 1 0 1 1 0 1 1 0 0 0 1 0 0 1 1 0 0 0 0 1 1 0 0 0 0 0 1 0 0 0 1 0 0 0 0 0 0 1
25/10/2041 0 0 1 0 0 1 1 0 0 0 1 0 1 1 0 0 0 0 0 0 1 0 0 0 1 1 1 1 1 0 0 1 1 0 0 0 1 1 1 0 1
24/12/2042 1 0 1 1 1 1 1 1 1 1 1 1 1 1 1 1 1 1 1 1 1 1 1 1 1 1 1 1 1 1 1 1 0 1 1 1 1 1 1 1 1
5/1/2043 1 1 1 1 1 1 1 1 1 1 1 1 1 1 1 1 1 1 1 1 1 1 1 1 1 1 1 0 1 1 1 1 1 1 1 1 1 1 1 1 1
10/4/2044 1 1 1 1 1 0 1 0 0 1 0 1 1 1 1 1 1 1 0 0 0 0 1 1 1 1 0 1 0 0 0 1 0 1 1 1 1 0 1 1 1
3/1/2045 1 1 1 1 1 1 1 1 1 1 1 1 1 1 1 1 1 1 1 1 1 1 1 1 1 1 1 1 1 1 1 1 1 1 1 1 1 1 1 1 1
18/5/2046 0 0 1 0 0 0 0 0 0 0 1 0 0 0 0 0 1 0 0 1 1 1 1 0 1 1 0 0 1 1 0 0 0 0 0 1 0 0 1 1 0
6/11/2047 1 1 1 1 1 1 1 1 1 1 0 1 1 1 1 1 1 1 1 1 1 1 1 1 1 1 1 1 1 1 1 1 1 1 1 1 1 1 1 1 1
2/12/2048 1 1 1 1 1 0 1 1 1 1 1 1 1 1 1 1 1 1 1 1 1 1 1 1 0 1 1 1 1 1 1 1 1 1 1 1 1 1 1 1 1
18/4/2049 1 1 1 1 1 1 1 1 1 1 1 1 1 1 1 1 1 1 1 1 1 1 1 1 1 1 1 1 1 1 1 1 1 1 1 0 1 1 1 1 1
7/6/2050 1 1 1 1 0 1 1 0 1 0 1 1 1 0 1 0 1 1 0 0 1 1 1 1 0 0 1 1 1 1 1 1 0 1 1 0 1 1 1 1 1
24/2/2051 1 1 1 1 1 1 1 1 1 1 1 1 1 1 1 1 1 1 1 1 1 1 1 1 1 0 1 1 1 1 1 1 1 1 1 1 1 1 1 1 1
13/7/2052 1 1 1 1 1 1 1 1 1 1 1 1 1 1 1 0 1 1 1 1 1 1 1 1 1 1 1 1 1 1 1 1 1 1 1 1 0 1 1 1 1
20/8/2053 1 1 1 1 1 1 0 1 1 1 1 1 1 1 1 1 1 1 1 1 1 1 1 1 1 1 1 1 1 0 1 1 1 1 1 1 1 1 1 1 1
11/7/2054 0 0 1 1 0 1 1 0 1 0 1 0 0 0 1 1 0 0 0 0 0 0 0 1 1 1 1 0 1 1 1 1 0 1 0 1 0 1 1 0 0
20/5/2055 1 1 1 1 1 1 1 1 1 1 1 1 1 1 1 1 1 1 1 0 1 1 1 1 1 1 1 1 1 1 1 1 1 0 1 1 1 1 1 1 1
21/6/2056 1 1 0 0 0 1 0 1 1 0 0 1 1 0 1 0 0 0 0 0 0 1 0 0 0 0 0 1 1 0 1 0 0 1 0 1 0 0 1 0 0
12/6/2057 1 1 1 1 1 1 1 1 1 1 1 1 1 1 1 1 1 1 1 1 1 1 1 1 1 1 1 1 1 1 1 1 1 1 1 1 0 1 1 1 0
8/1/2058 1 1 1 1 1 1 1 1 1 1 1 1 1 1 1 1 1 1 1 1 1 1 1 1 1 1 1 0 1 1 1 1 0 1 1 1 1 1 1 1 1
12/5/2059 0 0 1 0 1 0 1 1 0 0 0 0 0 0 1 1 1 0 1 0 1 0 0 0 0 0 1 1 0 0 0 0 0 0 1 1 0 1 0 0 1
5/3/2060 1 1 1 1 1 1 1 1 1 1 1 1 1 1 1 1 1 1 1 1 1 1 1 1 1 1 1 1 1 1 1 1 1 1 1 1 1 1 1 1 1
2/7/2061 1 1 1 1 1 1 0 1 1 1 1 1 1 1 1 1 1 1 1 1 1 1 1 1 1 0 1 1 1 1 1 1 1 1 1 1 1 1 1 1 1
10/3/2062 1 1 1 1 1 1 1 1 1 1 0 1 1 1 1 1 1 1 1 1 1 0 0 1 1 1 1 1 1 1 1 1 1 1 0 1 1 1 1 1 1
6/3/2063 1 0 1 1 0 0 0 0 1 1 1 0 0 1 1 0 1 1 1 1 0 1 1 0 1 1 0 1 1 1 0 1 1 0 1 0 1 0 1 1 0
6/6/2064 1 1 1 1 1 1 1 1 1 1 1 0 1 1 1 1 1 1 1 1 1 1 1 1 1 1 1 1 1 1 1 1 1 1 0 1 1 1 1 1 1
