50 47
25/5/2016 1 1 1 1 1 1 1 1 1 0 1 1 1 1 1 1 1 1 1 0 1 1 1 1 1 1 1 1 1 1 1 1 1 1 1 1 1 1 1 1 1 1 1 1 1 1 1 1 1 1
13/11/2017 1 1 1 1 1 1 1 1 1 1 1 1 1 1 1 1 1 1 1 1 1 1 1 1 1 0 1 1 1 0 1 1 1 1 1 1 1 1 1 1 1 1 1 1 1 1 1 1 1 1
1/11/2018 0 0 0 0 0 1 0 0 0 1 1 0 0 0 0 0 1 1 1 1 0 1 0 0 1 1 1 1 1 1 1 1 1 1 1 1 0 0 0 0 0 1 1 1 1 1 0 0 1 0
20/7/2019 1 1 0 1 1 1 1 1 1 0 1 1 0 1 1 0 1 1 1 0 0 1 0 1 0 1 1 1 1 1 1 1 1 1 1 1 1 1 1 1 1 1 1 1 1 1 1 1 1 1
24/5/2020 0 0 0 1 1 0 0 1 0 1 1 1 0 0 0 0 0 0 1 0 1 1 0 0 1 0 1 0 0 0 1 0 0 1 1 0 0 1 0 1 0 1 1 0 0 0 0 0 1 1
17/4/2021 1 1 1 1 1 1 1 1 1 1 1 1 1 1 1 1 1 1 1 1 1 1 1 1 1 1 1 1 1 1 0 1 1 1 1 1 1 1 1 1 1 1 1 1 1 1 1 1 1 1
2/8/2022 1 1 1 1 1 1 1 1 1 1 1 1 0 1 1 1 1 1 1 1 1 1 1 1 1 1 1 1 1 1 1 1 1 1 1 1 1 1 1 1 1 1 1 1 1 1 1 1 1 1
3/1/2023 0 1 0 0 1 0 0 0 1 0 1 1 0 1 1 1 1 1 0 1 1 0 1 1 0 1 1 0 1 1 0 0 0 1 0 0 0 1 1 1 0 0 1 0 1 1 0 0 1 1
4/2/2024 0 1 1 1 0 1 1 0 1 0 0 1 0 1 0 0 0 1 0 0 0 1 0 0 1 1 0 1 0 1 0 1 1 0 0 1 1 0 1 1 0 0 1 1 1 0 0 1 1 0
4/3/2025 0 1 0 0 0 1 0 0 0 1 0 0 1 1 1 0 1 1 1 1 0 0 0 0 0 0 0 0 0 1 1 1 0 1 0 1 0 1 0 0 1 1 0 1 1 1 0 1 0 1
17/9/2026 0 0 1 1 0 0 1 0 1 1 1 0 1 0 0 0 0 0 0 0 1 0 0 0 0 0 1 1 0 1 0 0 0 0 0 0 0 1 0 1 1 0 0 1 0 0 0 1 1 1
1/1/2027 1 1 1 1 1 1 1 1 1 1 1 1 1 1 1 1 1 1 1 1 1 1 1 1 1 1 1 1 1 1 1 1 1 1 1 1 1 1 1 0 1 1 1 1 1 1 1 1 1 1
1/2/2028 1 1 1 0 1 1 1 1 1 1 1 1 1 0 1 1 1 1 1 1 1 1 1 1 1 1 1 1 1 1 1 1 1 1 1 1 1 1 1 1 1 1 1 1 1 1 1 1 1 1
8/1/2029 1 1 1 1 1 1 1 1 1 0 1 1 1 1 1 1 1 0 1 1 1 1 1 1 1 1 1 1 1 1 1 1 1 1 1 1 1 1 1 1 1 1 1 1 1 1 1 1 1 1
11/11/2030 1 1 1 1 1 1 1 1 1 1 1 1 0 1 1 1 1 0 0 1 1 1 0 1 0 1 1 1 1 1 1 1 1 0 1 1 1 1 1 0 0 0 1 0 1 1 1 1 1 1
13/9/2031 1 1 1 1 1 1 1 1 1 1 1 1 1 1 1 1 1 1 1 1 1 1 1 1 0 1 1 1 1 1 1 1 1 1 1 1 1 1 1 1 1 1 1 1 1 1 1 1 1 1
2/12/2032 0 1 1 0 0 0 1 1 1 1 0 0 0 1 0 0 0 0 0 0 0 0 1 0 0 1 1 1 1 0 0 0 1 0 0 0 0 1 0 1 1 1 0 1 0 0 0 1 0 0
16/12/2033 1 1 1 1 1 1 1 1 1 1 1 1 1 1 1 1 1 1 1 1 1 1 0 1 1 1 1 1 1 1 1 1 1 1 1 1 1 1 0 1 1 1 1 1 1 1 1 1 1 1
9/5/2034 0 1 0 1 1 1 1 1 1 1 1 0 0 0 1 1 1 1 1 1 1 1 1 1 0 1 1 0 1 1 0 1 0 0 0 1 1 1 1 0 0 1 1 1 1 1 0 1 0 0
1/4/2035 1 1 1 1 1 1 1 1 1 1 1 1 1 1 1 1 1 1 1 1 1 1 1 1 1 1 1 1 1 1 1 1 1 1 1 1 1 1 1 1 1 1 1 1 1 1 1 1 0 1
14/11/2036 0 1 1 1 0 1 1 1 1 0 1 0 0 0 1 0 0 0 1 0 0 0 1 1 0 1 0 1 1 0 1 0 1 0 1 1 1 1 1 1 0 0 0 0 1 1 1 1 0 1
16/10/2037 1 1 1 1 1 1 1 1 1 1 1 0 1 1 1 1 1 1 1 1 1 1 1 1 1 1 1 1 1 1 1 1 1 1 1 1 1 1 1 1 1 1 1 1 1 0 1 1 1 1
17/6/2038 1 1 1 1 1 1 1 1 1 1 1 0 1 1 1 1 1 1 1 1 1 1 1 1 1 1 1 1 1 1 1 1 1 1 1 1 1 1 1 1 1 1 1 1 1 1 1 1 1 1
21/1/2039 1 1 1 1 1 1 1 1 1 1 1 1 1 1 1 1 1 1 1 1 1 1 1 1 1 1 0 1 1 1 1 1 1 1 1 0 1 1 1 1 1 1 1 1 1 1 1 1 1 1
24/2/2040 1 1 1 1 1 0 1 1 0 0 1 1 1 1 0 0 1 1 1 1 1 0 1 0 1 1 1 1 0 0 1 1 1 1 1 0 1 1 1 1 1 1 0 1 1 0 1 1 1 1
19/2/2041 1 1 1 1 1 1 1 1 1 1 1 1 1 1 1 1 1 1 1 1 1 1 1 1 1 1 1 1 1 1 1 1 0 1 1 0 1 1 1 1 1 1 1 1 1 1 1 1 1 1
25/10/2042 0 0 1 1 0 0 1 1 0 1 1 0 1 1 1 0 0 0 0 1 1 1 1 1 0 0 1 0 0 0 0 0 1 0 1 1 1 0 0 0 1 0 0 1 1 1 1 0 1 0
23/9/2043 1 1 1 1 0 1 1 1 1 1 1 1 1 1 1 1 1 1 1 1 1 1 1 1 1 1 1 1 1 1 1 1 1 1 1 1 1 1 1 1 1 1 1 1 1 1 1 0 1 1
15/3/2044 1 1 1 1 1 1 0 1 1 1 1 1 1 1 1 1 1 1 1 1 1 1 1 1 1 1 1 1 1 1 1 1 1 1 1 1 1 1 1 1 1 1 1 1 1 1 1 1 1 1
19/10/2045 1 1 1 1 1 1 1 0 1 1 1 1 1 1 1 1 0 1 1 1 1 1 1 1 1 1 1 1 1 1 1 1 1 1 1 1 1 1 1 1 1 1 1 1 1 1 1 1 1 1
8/8/2046 1 1 1 1 1 1 1 1 1 1 1 1 1 1 0 1 1 1 1 1 1 1 1 1 1 1 1 1 1 1 1 1 1 1 1 1 1 1 1 1 1 1 1 1 1 1 1 1 1 1
14/7/2047 1 1 1 1 1 1 1 1 1 1 1 1 1 1 1 1 1 1 1 1 1 1 1 1 1 1 1 1 1 1 1 1 1 1 0 1 1 1 1 1 1 1 1 1 1 1 0 1 1 1
10/4/2048 1 1 1 1 1 1 1 1 1 0 1 0 1 1 1 1 1 1 1 0 1 1 1 1 0 1 1 1 0 1 1 1 1 1 1 1 1 1 1 1 1 1 1 1 1 1 1 1 1 1
15/12/2049 1 1 1 1 1 1 1 1 1 1 1 1 1 1 1 1 1 1 1 1 1 0 1 1 1 1 1 1 1 1 0 1 1 1 1 1 1 1 1 1 1 1 1 1 1 1 1 1 1 1
16/8/2050 1 1 1 1 1 1 1 1 1 1 1 1 1 1 1 1 1 1 1 1 1 1 1 1 1 1 1 1 0 1 1 1 1 1 1 1 1 1 1 1 1 1 1 1 1 1 1 1 1 1
4/9/2051 1 1 1 1 1 1 1 1 1 1 1 1 1 1 1 1 1 1 1 1 1 1 1 1 1 1 1 1 1 1 1 1 1 1 1 1 1 1 1 1 1 1 1 1 1 1 1 1 1 1
13/7/2052 0 1 0 1 0 0 0 1 0 1 0 0 1 0 0 0 0 1 1 1 1 0 1 1 0 0 1 0 1 0 0 1 0 0 1 1 0 0 0 1 0 0 1 0 0 0 0 0 0 0
20/9/2053 0 0 0 1 1 1 0 1 1 1 1 1 0 1 1 1 0 1 1 1 1 1 1 1 1 1 1 1 0 1 0 1 0 1 1 1 1 1 1 1 1 0 1 1 1 0 1 1 1 1
13/12/2054 1 0 1 0 1 1 0 0 0 1 1 0 0 0 1 1 0 0 1 1 1 1 1 0 1 1 1 1 0 0 0 1 0 1 1 1 1 0 1 1 1 1 1 1 1 1 1 1 1 0
25/3/2055 1 1 1 1 1 1 1 1 1 1 1 1 1 1 1 1 1 1 1 1 1 1 1 1 1 1 1 1 1 1 1 1 1 1 1 1 1 1 1 1 1 1 1 1 1 1 1 1 1 1
19/3/2056 1 1 1 0 0 0 0 1 0 0 1 0 0 1 0 0 0 0 1 1 1 1 1 0 0 0 0 1 1 0 0 0 1 1 1 1 1 0 0 0 0 1 0 1 0 1 0 1 0 0
3/6/2057 1 1 1 1 1 1 1 1 1 1 1 1 1 1 1 1 1 1 1 1 1 1 1 1 1 1 1 1 1 1 1 1 1 1 1 1 1 1 1 1 1 1 1 0 1 0 1 1 1 1
15/1/2058 1 1 1 1 1 1 1 1 1 1 1 1 1 1 1 1 1 1 1 1 1 1 1 1 1 1 1 1 1 1 1 1 1 1 1 1 1 1 1 1 1 1 0 1 1 1 1 1 1 1
21/2/2059 1 1 1 1 1 1 1 1 1 1 1 1 1 1 1 1 1 1 1 1 0 1 1 1 1 1 1 1 1 1 1 1 1 1 1 1 1 1 1 1 1 1 1 1 1 1 1 1 1 1
6/11/2060 0 1 0 0 1 0 1 0 1 0 0 1 0 1 1 0 1 0 0 1 1 0 0 0 1 0 0 1 1 0 0 0 1 0 0 0 0 0 1 0 1 0 0 0 1 0 0 1 0 0
8/7/2061 0 1 1 0 1 1 1 0 1 0 1 0 1 1 0 0 0 1 0 0 1 1 0 0 1 0 0 0 1 0 1 0 0 0 0 0 1 1 0 1 0 0 0 1 1 1 1 1 1 1
23/8/2062 1 1 1 1 1 1 1 1 1 1 1 1 1 1 1 1 1 1 1 1 1 1 1 1 1 1 1 1 1 1 1 1 1 1 0 1 1 1 1 1 1 1 1 1 1 1 1 1 0 1
