47 42
4/7/2016 1 1 1 1 1 1 1 1 1 1 1 1 0 1 1 1 1 1 1 1 1 1 1 1 1 1 1 1 1 1 1 1 1 1 1 1 1 1 1 1 1 1 1 1 1 1 1
21/12/2017 0 0 1 1 0 0 0 1 0 0 0 0 1 1 0 0 0 0 1 1 1 0 1 0 1 0 1 0 1 0 0 1 1 1 0 0 0 1 0 0 1 0 0 1 1 0 0
1/2/2018 1 1 1 1 1 1 1 1 1 1 1 1 1 1 1 1 1 1 1 1 1 1 1 1 1 1 1 1 1 1 1 1 1 1 1 1 1 1 1 0 1 1 0 1 1 1 1
9/11/2019 1 1 1 1 1 1 1 1 1 1 1 1 1 1 1 1 1 1 1 1 1 1 1 1 1 1 1 1 1 1 1 1 1 1 1 1 1 1 1 1 1 1 1 1 1 1 1
10/4/2020 0 1 1 0 0 1 1 1 0 1 0 1 1 1 0 1 0 1 0 0 1 1 1 1 1 1 0 1 0 1 1 0 1 1 1 0 1 1 1 0 1 1 1 1 1 0 1
25/10/2021 1 1 1 1 1 1 0 1 1 1 1 1 1 1 1 1 1 1 1 1 1 1 1 1 1 1 1 1 1 1 1 1 1 1 1 1 1 1 1 1 1 1 1 1 1 1 1
2/2/2022 1 1 1 0 0 0 0 1 1 0 1 0 0 0 1 1 1 1 0 1 0 0 0 1 1 1 0 1 0 1 1 0 1 0 0 1 0 1 0 1 0 1 0 0 1 1 1
3/7/2023 1 1 1 1 1 1 1 1 1 1 1 1 0 1 1 1 1 1 1 1 1 1 1 1 1 1 1 1 1 1 1 1 1 1 1 1 1 1 1 1 0 1 1 1 1 1 1
4/8/2024 1 1 1 1 1 1 1 1 1 1 1 1 1 1 1 1 1 1 1 1 1 1 1 1 1 1 1 1 1 1 1 1 1 1 1 1 1 1 1 1 1 1 1 1 1 1 1
9/11/2025 1 1 1 1 1 1 1 1 1 1 1 1 1 1 1 1 1 1 1 1 1 1 1 1 1 1 1 1 1 1 1 1 1 1 1 1 1 1 0 1 1 1 1 1 1 1 1
21/2/2026 1 1 1 1 1 1 1 1 1 1 1 1 1 1 1 1 1 1 1 1 1 1 1 1 1 1 1 1 1 1 1 1 1 1 1 1 1 1 1 1 1 1 1 1 1 1 1
2/7/2027 1 1 0 1 1 1 1 1 1 1 1 1 1 1 1 1 1 1 1 1 1 1 1 1 1 1 1 1 1 1 1 1 1 1 1 1 1 1 1 1 1 1 1 1 1 1 1
4/1/2028 1 0 1 1 1 1 1 1 1 1 1 1 1 1 1 1 1 1 1 1 1 1 1 1 1 1 1 1 1 1 1 1 1 1 1 1 1 1 1 1 1 1 1 1 1 1 1
12/2/2029 1 1 1 0 1 1 1 1 0 0 0 0 1 0 1 0 0 1 1 0 1 0 0 0 1 0 0 0 0 1 1 1 1 1 1 0 1 1 0 0 0 1 1 1 0 0 0
25/8/2030 1 1 1 0 0 1 1 1 1 0 1 0 0 0 1 1 0 0 1 0 1 0 1 1 1 1 1 0 0 0 1 0 0 0 1 0 1 0 1 1 1 0 1 1 0 0 0
21/1/2031 1 1 1 1 1 1 0 1 1 1 1 1 1 1 1 1 1 1 1 1 1 1 1 1 1 1 1 1 1 1 1 1 1 1 1 1 1 1 1 1 1 1 1 1 1 1 1
23/2/2032 1 1 1 1 1 1 1 1 1 1 1 1 1 1 1 1 1 1 1 1 1 1 1 1 1 0 1 1 0 1 1 1 1 1 1 1 1 1 1 1 1 1 1 1 1 1 1
2/5/2033 1 0 0 1 0 0 1 0 1 1 0 1 0 0 0 0 1 1 0 0 0 0 0 0 1 0 0 0 0 1 1 1 0 0 1 1 1 0 0 0 1 0 0 1 0 1 0
8/12/2034 1 1 1 1 1 1 1 1 1 1 1 1 1 1 1 1 1 1 1 1 1 1 1 0 1 1 1 1 1 1 1 1 1 1 0 1 1 0 1 1 1 1 1 1 1 1 1
1/9/2035 1 1 1 1 1 1 1 1 1 1 1 1 1 1 0 1 1 1 1 1 1 1 1 1 1 1 1 1 1 1 1 1 1 1 1 1 1 0 1 1 1 1 1 1 1 1 1
25/11/2036 0 1 1 0 1 0 1 1 0 1 1 1 0 0 0 1 0 1 0 0 1 0 0 1 0 0 0 0 0 1 1 1 0 0 1 1 0 0 1 0 1 0 0 1 1 0 0
9/4/2037 0 0 1 1 0 1 1 1 0 0 1 0 1 0 0 0 0 1 1 1 1 1 1 1 1 1 1 0 0 1 1 1 0 1 1 1 0 1 0 1 1 0 0 1 0 1 0
6/1/2038 1 1 1 1 1 1 1 1 1 1 1 1 1 1 1 1 1 1 1 1 1 1 1 1 1 1 1 1 1 1 0 1 1 1 0 1 1 1 1 1 1 1 1 1 1 1 1
16/4/2039 1 1 1 1 1 1 1 1 1 1 1 1 1 1 1 1 1 1 1 1 1 1 1 1 1 1 1 1 0 1 1 1 1 1 1 1 1 1 1 1 1 1 1 1 1 1 1
21/12/2040 0 1 0 1 1 0 1 1 0 1 0 1 0 1 1 1 0 0 1 0 1 1 1 1 0 0 1 0 1 1 0 1 1 1 0 0 0 0 1 0 1 0 0 0 1 1 1
2/5/2041 1 0 1 0 1 1 0 0 1 1 1 1 1 1 1 1 1 1 1 1 1 1 1 1 1 1 1 1 1 1 1 1 1 1 1 1 1 1 1 1 1 1 1 1 1 1 1
22/6/2042 1 1 0 0 0 1 1 1 1 1 1 0 0 1 1 1 0 1 1 0 1 0 1 1 1 1 1 1 1 1 1 1 0 1 1 1 1 1 1 1 1 0 0 1 0 0 0
23/12/2043 1 1 0 1 1 1 1 1 1 1 1 1 1 1 1 1 1 1 1 1 1 1 1 1 1 0 1 1 1 1 1 1 1 1 1 1 1 1 1 1 1 1 1 1 1 1 1
17/1/2044 1 1 0 1 1 1 1 1 1 0 0 0 0 1 0 0 0 0 0 1 1 0 0 0 1 0 0 1 0 0 1 1 0 1 0 0 0 0 0 1 0 0 0 0 0 0 1
20/8/2045 1 0 0 0 1 1 1 0 1 1 0 0 1 1 1 1 0 1 0 0 1 1 1 0 1 1 0 0 0 0 0 1 0 1 0 0 0 1 0 0 0 0 0 1 0 0 0
20/7/2046 0 1 1 0 0 0 0 1 0 0 1 0 0 1 0 1 0 0 0 1 0 1 0 1 1 0 0 1 0 0 1 0 1 0 0 0 1 0 0 0 0 1 1 0 0 1 0
22/3/2047 1 1 1 1 1 1 1 1 1 0 1 1 1 1 1 1 0 1 1 1 1 1 1 1 1 1 1 1 1 1 1 1 1 1 1 1 1 1 1 1 1 1 1 1 1 1 1
7/12/2048 1 1 1 1 1 1 1 1 0 1 1 1 1 1 1 1 1 1 1 1 1 1 1 1 1 1 1 1 1 1 1 1 1 1 1 1 1 1 1 1 1 1 1 1 1 1 1
20/10/2049 1 1 1 1 1 1 0 1 1 1 1 1 1 1 1 1 0 0 1 1 1 1 0 1 0 1 0 1 1 1 1 1 1 1 0 1 0 1 1 0 1 1 0 1 1 1 1
9/6/2050 1 1 1 1 0 1 1 0 1 1 1 1 1 1 1 1 1 1 1 1 1 1 1 1 1 0 1 1 1 1 1 1 1 1 1 1 0 1 1 1 1 1 1 1 1 1 1
9/9/2051 1 1 1 1 1 1 1 1 1 0 1 0 1 1 1 1 1 1 1 1 1 1 1 1 1 1 1 1 1 1 1 1 1 1 0 1 0 1 1 1 0 1 1 1 1 1 1
25/3/2052 1 1 1 1 1 1 1 1 1 1 1 1 1 1 1 1 1 1 1 1 1 1 1 1 1 1 1 1 1 1 1 1 1 1 1 1 1 1 0 1 1 1 1 1 1 1 1
12/11/2053 1 1 1 1 1 1 1 1 1 1 1 1 1 1 1 1 1 1 1 1 1 1 1 1 1 1 1 1 1 1 1 0 1 1 1 1 1 1 1 1 0 1 1 1 1 1 1
4/6/2054 1 0 0 1 1 0 1 1 1 1 0 1 1 1 0 1 0 0 0 1 0 0 1 0 1 0 1 1 1 1 0 1 0 0 0 0 0 0 1 1 1 0 1 0 0 1 0
15/11/2055 1 1 1 1 1 1 1 1 1 1 1 1 1 1 1 1 1 1 1 1 1 1 1 1 1 1 1 1 1 1 1 1 1 1 1 1 1 1 1 1 1 1 1 1 0 1 1
3/3/2056 1 1 1 1 1 1 1 1 0 1 1 1 1 1 1 1 1 1 1 1 1 1 1 1 1 1 1 1 1 1 1 1 1 1 0 1 1 1 1 1 1 1 1 1 1 1 1
16/9/2057 1 0 0 1 1 1 0 0 0 1 1 1 0 0 1 0 0 1 0 1 0 0 0 1 1 0 1 0 1 1 0 1 0 1 0 0 0 1 0 1 0 0 1 0 0 1 1
