45 44
16/12/2016 1 1 1 1 1 1 1 1 1 1 1 1 1 1 1 1 1 0 1 1 1 1 1 1 1 1 1 1 1 1 1 1 1 1 1 1 1 0 1 1 1 1 1 1 1
16/7/2017 1 1 0 1 0 1 0 1 1 1 1 1 0 0 0 0 0 0 0 0 1 1 1 0 1 0 1 0 0 1 1 0 1 0 0 1 1 1 0 0 0 1 0 1 0
16/8/2018 1 1 1 1 1 1 1 1 1 1 1 1 1 1 1 1 1 1 1 1 1 1 1 1 1 1 1 1 1 0 1 1 1 1 1 1 1 1 1 1 1 1 1 1 1
22/5/2019 1 1 1 1 1 1 1 1 1 1 1 1 0 0 1 1 1 1 1 1 1 1 1 1 1 1 1 1 1 1 1 1 1 1 1 1 1 1 1 1 1 1 1 1 1
10/7/2020 1 1 1 1 1 1 1 1 1 1 1 1 1 1 1 1 1 1 1 1 1 1 1 1 1 1 1 1 1 1 1 1 1 1 1 1 1 0 1 1 1 0 1 1 1
13/4/2021 1 1 1 1 1 1 1 1 1 1 1 1 1 1 1 1 1 1 1 1 1 1 0 1 1 1 1 1 1 1 1 1 1 1 1 1 1 1 1 1 1 1 1 1 1
15/5/2022 0 0 1 1 1 1 0 0 1 0 1 0 0 0 0 1 1 1 0 1 0 0 0 0 0 0 0 0 0 0 0 0 0 0 0 0 0 0 0 1 0 1 0 1 1
17/11/2023 1 0 1 1 1 1 1 1 1 1 1 0 1 1 1 1 1 1 1 1 1 1 1 1 1 1 1 1 1 1 1 1 1 1 1 1 1 1 1 1 1 1 1 1 1
3/7/2024 1 1 1 1 1 1 1 1 1 1 1 1 1 0 1 1 1 1 1 1 1 1 1 1 1 1 1 1 1 1 1 1 0 1 1 1 1 1 1 1 1 1 1 1 1
7/1/2025 1 1 1 1 1 1 1 1 1 1 1 1 1 1 1 1 1 1 1 1 1 0 1 1 1 1 1 1 1 0 1 1 1 1 1 1 1 1 1 1 1 1 1 1 1
14/4/2026 1 1 1 1 1 1 1 1 1 1 1 1 1 1 1 1 1 1 1 1 1 1 1 1 1 1 1 1 1 1 0 1 1 1 1 1 1 1 1 1 1 1 1 1 1
9/2/2027 1 1 1 1 1 1 1 1 1 1 1 1 1 1 1 1 1 1 1 1 1 1 1 1 1 1 1 1 1 1 1 1 1 1 1 1 1 1 1 0 1 1 1 1 1
14/4/2028 1 1 0 1 1 1 1 1 1 1 1 1 1 1 1 1 1 1 1 1 1 1 1 0 1 1 1 1 1 1 1 1 1 1 1 1 1 1 1 1 1 1 1 1 1
11/4/2029 0 1 1 0 1 0 0 0 0 0 0 1 1 0 1 1 1 1 1 0 0 1 1 1 1 1 0 1 0 0 1 0 0 1 0 1 1 1 0 0 0 1 1 0 0
7/4/2030 0 1 0 1 1 0 0 0 0 1 1 0 1 0 1 0 1 0 1 0 0 1 1 1 1 1 0 0 0 1 1 1 1 1 0 1 1 0 1 1 0 0 0 0 0
8/12/2031 1 0 1 0 0 1 0 1 1 1 0 0 0 1 0 1 0 0 0 1 0 1 0 0 1 0 1 1 0 1 1 0 0 0 1 1 0 1 1 1 1 1 0 1 0
16/7/2032 1 1 1 1 1 1 1 1 1 1 1 1 1 1 0 1 1 1 1 1 1 1 1 1 1 1 1 1 1 1 1 1 1 1 1 1 1 1 1 1 1 1 1 1 1
13/6/2033 1 1 1 1 1 1 1 1 1 1 1 1 1 1 1 1 1 1 1 1 1 1 1 0 1 1 1 1 1 1 1 1 1 1 1 1 1 1 1 1 1 1 1 1 1
16/11/2034 1 1 1 1 1 1 1 1 1 1 1 1 1 1 1 1 1 1 1 1 1 0 1 1 1 1 1 1 1 1 1 1 0 1 1 1 1 1 1 1 1 1 1 1 1
4/12/2035 0 1 1 1 1 1 1 0 0 1 1 0 0 1 1 1 1 0 1 1 1 1 1 1 0 1 0 1 1 1 1 0 0 1 1 1 1 1 1 0 1 0 1 1 0
12/5/2036 1 1 1 0 0 0 1 0 1 0 1 0 0 1 0 1 1 1 1 1 0 1 1 0 0 0 0 0 0 1 1 0 0 0 1 1 0 1 0 1 1 0 0 0 1
8/3/2037 1 1 1 1 1 1 1 1 0 1 1 1 1 0 1 1 1 1 1 1 1 1 1 1 1 1 1 1 1 1 1 1 1 1 1 1 1 1 1 1 1 1 1 1 1
11/7/2038 1 1 1 0 0 0 1 1 0 1 1 0 0 1 1 0 1 0 1 0 1 0 0 1 1 1 0 1 1 0 0 0 0 0 0 0 0 1 1 0 1 1 1 0 1
7/10/2039 1 1 1 1 1 1 1 1 1 1 1 1 1 1 1 1 1 1 1 1 1 1 1 1 1 1 1 1 1 1 1 1 0 1 1 1 1 1 1 1 1 1 1 1 1
6/2/2040 0 0 1 1 1 1 1 1 1 0 1 1 0 1 1 0 0 0 1 1 0 1 1 1 1 1 0 1 1 0 1 0 1 1 0 1 1 1 1 1 0 0 1 1 1
14/12/2041 1 1 1 1 1 1 1 1 0 1 1 1 1 1 1 1 1 1 1 1 1 1 1 1 1 1 1 1 1 1 1 1 1 1 1 1 1 1 1 1 1 1 1 0 1
25/8/2042 1 1 1 1 1 1 1 1 1 1 1 1 1 1 1 1 0 1 1 1 1 1 1 1 1 1 1 1 1 1 1 1 1 1 1 1 1 1 1 1 1 1 1 1 1
22/2/2043 0 0 0 1 0 0 0 0 0 0 1 0 0 1 0 0 1 0 1 1 0 1 1 1 1 1 1 0 0 1 1 1 0 0 0 0 1 1 1 1 1 0 0 0 0
12/9/2044 1 1 1 1 0 1 1 1 1 1 1 1 1 1 1 1 1 1 1 1 1 1 1 1 1 1 1 1 1 1 1 1 1 1 1 1 1 1 1 1 1 1 1 1 1
4/8/2045 1 1 1 1 1 1 0 0 1 0 1 1 1 1 0 1 1 1 0 1 1 1 1 1 1 0 1 1 1 1 0 0 1 1 0 1 0 0 1 1 0 1 1 1 1
19/3/2046 1 0 1 1 1 1 1 0 1 1 0 0 0 1 0 1 0 1 0 1 1 1 0 1 1 0 1 0 0 0 1 1 1 1 1 1 1 0 0 0 1 0 1 1 0
17/8/2047 0 0 0 0 1 0 0 1 1 1 1 1 1 1 1 0 0 0 0 0 0 1 1 1 1 1 0 1 1 0 1 1 1 0 1 1 1 1 1 1 1 0 0 1 1
8/5/2048 0 0 0 1 1 0 1 1 0 1 1 0 1 0 0 1 0 0 1 1 0 1 1 1 1 0 1 1 1 1 1 1 1 0 1 1 0 1 0 1 1 0 1 1 1
20/7/2049 1 1 1 1 1 1 1 0 1 1 0 1 1 1 1 1 1 1 1 1 1 1 1 1 1 1 1 1 1 1 1 1 1 1 1 1 1 1 1 1 1 1 1 1 1
16/2/2050 1 1 1 1 1 1 1 1 1 1 1 1 1 1 1 1 1 1 1 1 1 1 1 1 1 1 1 1 1 1 1 1 0 1 1 1 1 1 1 1 1 0 1 1 1
25/11/2051 1 1 1 1 1 1 1 1 1 1 1 1 1 1 1 1 1 1 1 1 0 1 1 1 1 1 1 1 1 1 1 1 1 1 1 1 1 1 1 1 1 1 1 1 1
18/12/2052 1 1 1 0 0 1 1 0 1 1 1 1 0 1 0 1 1 0 1 1 1 1 0 1 1 0 0 0 0 1 0 0 1 1 0 0 0 1 1 1 1 1 0 0 0
9/10/2053 0 0 1 1 1 0 0 0 0 0 1 0 1 1 1 0 1 1 1 1 1 1 0 0 1 1 1 0 1 1 0 0 0 1 0 0 1 1 1 1 0 0 1 0 0
7/7/2054 0 1 1 0 0 0 0 0 0 0 0 0 1 0 1 0 0 1 0 1 0 1 1 0 0 0 1 1 1 1 0 0 0 1 0 0 1 1 1 0 1 0 0 0 0
17/2/2055 1 1 1 1 1 1 1 1 1 1 1 1 1 1 1 1 1 1 1 1 0 1 1 1 1 1 1 1 1 1 1 1 1 0 1 1 1 1 1 1 1 1 1 1 1
2/1/2056 1 1 1 1 1 1 1 1 1 1 1 1 1 1 1 1 1 1 1 1 1 1 1 1 0 1 1 1 1 1 1 1 1 1 1 1 1 1 1 1 1 1 1 1 1
8/8/2057 1 1 1 1 1 1 1 1 1 1 1 1 1 1 1 1 1 1 1 1 1 1 1 1 1 1 1 1 1 1 1 1 1 0 1 1 1 1 1 1 1 1 1 1 1
3/5/2058 1 1 1 0 1 0 0 0 0 1 0 1 0 0 0 0 1 1 1 0 0 1 0 1 1 1 0 0 0 1 1 0 0 0 1 1 1 0 0 1 0 1 1 1 0
20/7/2059 1 1 1 1 1 1 1 1 1 1 1 1 1 1 1 1 1 1 1 1 1 1 1 1 1 1 1 1 1 1 1 0 1 1 1 1 1 1 1 1 1 1 1 1 1
