100 5049 6
33 87 3019
44 22 925
68 62 2228
36 60 1027
30 12 3783
4 69 3361
94 46 3430
75 59 1700
26 62 5744
32 86 4196
25 18 3248
77 46 6396
4 93 6634
50 98 4785
100 24 9553
47 100 9874
28 48 6215
19 67 2798
17 51 8289
87 1 4245
65 46 621
25 54 7417
85 76 5863
86 51 7048
53 84 6740
22 65 9895
82 54 5436
92 87 8366
17 61 5519
54 35 2718
100 71 5460
57 14 8537
51 15 3642
47 71 4039
31 55 5915
37 63 3776
1 98 7400
99 32 5696
33 98 5475
81 69 9495
38 80 9891
22 15 8722
55 72 5890
95 98 6524
1 83 9859
48 31 1795
98 90 2750
4 9 2425
53 41 4592
65 3 1038
43 54 6669
97 7 5212
49 58 4806
47 37 2532
52 68 8611
69 51 7897
49 22 8778
13 24 4047
58 1 6263
8 15 4296
11 84 6764
48 46 8074
54 5 9185
6 86 6757
59 84 2113
44 37 1451
18 75 6884
18 50 5864
60 34 7147
36 74 2358
16 93 5358
4 78 7037
34 90 7432
49 27 7599
8 27 9913
18 21 7290
38 15 9393
45 62 9014
50 34 9714
74 70 3984
50 27 6403
49 46 2734
10 75 5547
99 2 7560
91 90 1617
1 40 4158
36 65 5457
80 68 394
8 1 4556
93 35 8071
81 78 1042
22 87 1319
41 69 2496
100 90 226
18 45 4427
77 47 960
76 59 1676
63 65 7662
82 83 6823
1 32 8822
81 83 19
18 20 8532
70 98 2211
53 90 7450
13 68 6131
19 14 8475
67 63 1091
94 53 1875
57 92 7488
80 47 7156
77 97 2211
57 97 242
49 53 6242
78 86 7757
18 9 7801
85 13 7858
83 71 8266
99 46 9609
58 61 4604
18 99 2821
65 90 4031
10 99 5645
57 96 491
78 64 6527
54 97 5870
25 55 1269
57 36 7486
80 81 3897
67 14 8930
60 94 661
93 64 2719
36 10 5301
94 13 9192
60 91 1281
93 72 9102
6 9 1674
47 63 9755
29 78 6545
40 24 3549
97 12 3594
94 75 3700
10 21 2111
19 53 187
72 27 6293
27 74 9867
25 71 7987
43 83 503
27 68 4485
74 3 3948
82 15 1458
7 20 3657
72 61 7978
42 54 7102
8 64 4148
49 2 4504
79 86 9323
77 86 1768
42 32 8342
70 78 9571
76 87 7050
87 15 9002
45 3 8641
16 45 2350
98 46 4545
31 12 9921
85 96 1451
36 40 6219
12 84 6027
39 51 7995
8 82 6119
73 70 5972
42 53 8047
77 56 8229
46 86 6158
63 72 691
41 63 4447
94 55 497
33 65 1193
56 86 8931
99 41 4444
11 65 2650
73 90 8940
86 3 2421
66 46 6103
88 59 9439
100 86 3277
60 2 1777
14 69 1206
83 32 1618
93 46 1348
39 20 8255
16 74 619
63 64 9988
6 37 6956
8 20 5163
28 68 9909
19 51 4759
75 5 7733
11 32 2287
73 65 9105
76 29 3851
50 93 8259
63 84 7151
1 46 2079
38 18 4416
53 58 4194
73 1 6526
28 12 1264
49 75 5386
89 90 1808
1 82 5707
26 70 4388
26 78 747
63 35 4480
31 65 490
8 88 185
83 66 7756
42 51 8619
48 29 1391
54 81 9373
91 10 9966
96 30 5997
52 32 6343
22 61 9953
1 54 9305
43 18 7857
99 90 6213
47 9 4063
17 30 5590
53 79 4852
55 84 3167
7 61 9440
50 64 3110
96 65 6670
8 73 7871
36 45 3877
89 84 863
12 46 4396
24 32 5141
80 60 2600
8 98 2555
14 41 7199
60 23 6987
94 66 3302
26 87 1678
12 90 3829
52 42 3486
33 99 9433
81 98 2447
63 83 1228
13 14 5157
4 52 2412
23 65 3577
23 12 7851
19 37 8716
6 35 2881
53 26 5708
81 12 1281
41 46 3295
77 14 1297
28 14 6132
77 53 6461
33 30 7088
50 96 5593
28 81 3130
82 10 4958
89 47 9469
18 31 344
64 62 5705
33 46 961
92 9 2944
36 72 8260
19 47 8160
48 52 9930
23 46 1561
10 23 6189
81 46 110
85 26 1398
48 40 5622
33 44 2556
74 66 8978
91 84 7130
48 35 1319
40 31 8906
82 52 4981
74 84 6387
1 77 8138
31 63 688
29 88 4019
76 32 1432
74 65 8336
55 66 150
6 34 7892
75 98 5423
67 88 5742
81 22 7374
92 83 6733
28 69 1562
43 59 4069
25 43 2437
80 66 8875
52 65 7012
96 90 7048
18 14 7034
98 88 3294
4 83 8608
2 46 3222
38 97 3403
5 84 6358
19 3 5195
57 52 2311
48 50 1687
97 76 8677
91 13 9981
38 77 592
70 51 3657
99 100 6367
75 9 8729
32 12 696
94 97 6737
93 3 160
6 55 5383
28 10 3238
82 96 4403
91 99 7157
28 79 8979
5 65 8128
89 1 3889
82 60 6893
28 7 2197
1 21 2678
33 47 5767
73 12 5560
67 90 9725
18 66 9152
25 58 8853
23 88 4685
16 99 8725
17 9 8608
96 93 1042
36 80 3920
44 69 918
19 80 9080
98 15 8948
28 38 898
94 34 9671
26 27 2604
40 1 3617
6 31 4751
18 34 9651
8 89 353
44 32 1262
54 78 5033
17 40 3591
77 69 2016
42 72 2189
63 20 8921
96 59 144
29 79 2430
67 79 2165
99 29 8692
63 58 5107
47 7 4283
36 78 4251
43 75 4831
41 87 3434
19 87 3104
45 87 9515
87 86 2159
54 90 1711
99 15 6908
25 91 2430
52 72 8980
29 61 2339
28 29 1377
1 76 6229
25 89 2009
23 56 332
8 92 9845
37 66 6759
74 34 9982
5 72 6550
11 40 4372
57 16 1366
55 73 6492
38 6 6388
80 93 3554
1 90 1764
22 24 6531
36 97 5983
99 5 281
60 78 1574
49 42 7441
7 15 4563
40 83 5824
33 14 2272
13 15 4349
67 23 5279
43 88 8138
76 62 2859
39 27 3341
99 30 1398
100 22 5288
95 32 2320
2 58 3736
8 10 3016
48 68 8549
38 42 2097
6 87 9699
31 98 4745
8 91 5207
57 31 9680
63 100 7646
13 83 9579
67 45 1045
89 86 489
27 46 5966
31 62 950
40 3 8605
48 13 8848
70 90 3285
13 51 8885
74 56 421
11 80 725
17 80 9799
72 66 2596
2 68 9348
10 46 4147
94 88 7875
31 46 7486
59 86 3357
1 79 1215
74 1 5235
54 13 4996
5 74 9887
11 35 8970
80 82 8011
95 46 4787
54 39 7418
57 13 7709
10 39 9531
33 52 2625
73 58 3740
8 42 3529
60 65 2203
39 88 1136
52 10 4017
89 83 4520
33 42 8438
50 23 2621
52 99 3367
13 66 1722
72 86 7857
57 100 3787
96 24 8798
76 73 7656
41 47 2734
57 93 8146
76 83 8154
6 47 608
38 1 1983
92 37 1511
5 45 8175
96 99 7217
93 37 6506
31 90 4413
32 46 2538
7 74 869
44 45 9199
19 30 9956
68 21 4929
82 74 5081
50 12 2580
18 26 5021
52 66 8609
49 73 1134
18 83 6156
38 45 8978
8 41 5653
100 34 4593
92 70 7950
54 40 9019
20 46 2666
33 77 5807
75 37 9157
20 15 7816
47 87 9814
17 70 8242
82 16 5961
18 15 4319
18 71 8850
92 41 4295
14 58 5829
5 1 3376
49 52 7863
53 46 8687
57 50 7788
44 71 400
91 75 5907
73 21 6986
50 40 6707
77 41 7187
100 72 8418
22 51 5638
50 47 2207
14 26 7027
1 9 6771
19 60 8363
90 3 2356
17 2 8775
11 93 9307
26 51 305
28 3 4145
44 15 8325
87 46 6111
96 44 9653
37 95 6140
53 95 2276
65 35 7895
48 14 8452
37 45 6595
8 45 3096
52 40 2746
94 71 8775
70 88 6471
25 7 608
72 26 3813
77 31 610
66 62 7359
48 37 9719
17 5 3947
33 92 4066
4 87 6906
75 32 2364
1 75 6055
17 45 5464
8 50 5742
17 93 9178
23 3 3826
95 64 8097
65 9 7952
6 74 9485
85 69 8402
60 98 8449
96 1 7809
89 74 864
18 54 8101
22 32 300
59 62 9492
5 56 5995
31 27 8751
95 71 6086
74 87 5442
10 44 7848
93 15 1212
38 81 1912
25 8 8455
45 32 5025
91 45 8873
28 67 2165
13 7 1095
43 14 2819
54 72 6230
5 12 4352
6 26 1535
96 21 8637
55 34 9816
94 50 7276
19 63 7814
72 45 9993
41 90 1725
23 61 2117
13 75 9477
80 63 126
16 77 565
75 79 3637
50 13 7341
97 31 8666
1 14 3936
39 46 6832
80 18 1012
8 54 9038
70 3 9269
28 50 6454
87 84 6885
4 20 481
47 88 4717
31 29 1691
42 40 1857
17 65 3590
77 50 3856
22 66 2951
57 32 2760
49 37 6437
40 64 3655
10 29 4294
6 32 5073
75 51 3470
43 51 7922
48 45 2886
43 20 9814
48 89 9646
85 20 5003
11 31 5643
61 15 6123
58 88 5567
9 46 9279
70 69 3463
57 44 584
49 98 9567
91 41 6647
43 61 1596
33 24 8604
75 100 2267
52 53 4401
42 87 1841
8 87 9099
65 15 9117
96 22 3531
83 59 955
44 5 9058
33 93 7386
70 30 258
48 90 8170
49 54 3823
80 91 264
42 75 2463
23 21 5247
82 14 85
67 2 384
72 59 8133
11 4 9898
40 15 6381
52 41 9487
81 47 5540
82 72 2503
16 22 1405
1 95 4819
16 88 2318
42 98 1989
17 36 737
92 73 5316
33 26 9936
49 68 5692
28 8 7582
73 56 688
11 68 7532
50 87 3033
54 68 9804
49 21 7415
43 69 3987
96 54 5214
10 68 1152
36 94 596
75 1 3383
1 58 4974
97 59 859
8 83 2197
13 31 221
77 32 943
22 69 8933
8 7 4705
20 1 7193
63 86 5313
92 22 543
45 90 2732
49 74 4168
92 69 1947
89 46 3902
1 23 6485
100 29 287
60 30 990
8 81 8152
25 84 6574
28 72 6682
89 78 2085
100 84 7261
85 50 565
67 99 5117
8 4 3417
10 72 7979
60 53 5456
61 62 8630
10 7 5483
23 79 6051
38 63 8364
39 56 6808
85 27 3262
49 56 6912
63 88 3380
91 77 556
77 13 5844
75 53 8084
77 66 7748
32 51 7509
4 61 4978
92 44 6832
17 97 8028
58 51 6925
18 51 733
38 94 864
27 62 3563
31 22 1723
54 88 9015
18 87 137
5 83 4756
89 34 1099
93 2 7397
26 30 5320
55 58 6216
49 15 813
82 9 9651
7 69 1671
19 41 5794
73 61 5133
42 74 4073
97 37 509
63 12 1940
18 79 3686
93 5 7421
4 54 1672
94 76 4242
67 95 9616
99 40 9755
17 91 8341
36 54 3476
70 15 1085
75 7 5172
6 90 1503
19 57 8009
58 15 2257
48 44 2366
36 30 1571
52 12 3979
36 79 1380
36 66 8059
30 71 5086
48 82 8831
28 76 5456
74 62 405
8 100 1398
82 76 2620
61 66 6407
57 23 9420
21 35 8414
97 68 7891
13 76 3492
38 93 8922
87 66 6183
81 24 7178
52 90 2694
6 58 7854
93 65 7771
68 61 2310
53 98 3960
17 4 2463
11 41 5785
39 35 5044
39 73 7635
91 72 7288
95 34 3052
44 68 9891
67 43 6005
42 26 975
41 70 221
91 68 3737
23 81 9033
27 34 1658
81 70 2567
44 86 840
99 13 2062
53 59 3964
6 50 3460
91 62 4821
60 63 3383
89 61 8225
17 44 2711
18 100 3226
74 61 3498
17 52 8893
67 30 6755
26 64 6192
89 93 6746
94 18 877
38 79 8501
29 34 706
77 65 3340
29 35 4285
56 21 5749
69 71 7326
57 87 7924
49 79 5153
62 71 3568
85 46 281
7 35 2479
81 58 140
28 66 4017
75 72 7863
13 72 1797
1 81 2935
80 29 8703
36 24 210
36 34 3250
60 96 8514
41 20 5030
42 79 2984
91 26 6738
16 83 7741
48 100 6209
28 80 235
77 12 2985
38 5 9316
42 70 6426
53 21 6083
33 29 192
61 34 1278
50 68 6788
26 3 9883
42 9 1915
93 41 8888
70 21 7208
92 1 6190
36 1 392
18 95 775
85 54 6470
97 44 2870
59 64 914
49 8 486
13 12 733
95 9 2710
4 15 3420
100 95 5787
79 84 2920
54 3 6669
57 7 4300
28 41 4301
57 33 9652
25 40 7389
54 21 2041
20 24 2213
54 41 3975
95 27 1378
61 83 1528
76 27 6753
52 21 7460
7 100 8071
36 47 8030
54 32 599
47 30 4306
6 66 9944
39 7 5838
56 61 1513
67 86 6134
56 46 6230
19 77 8640
57 84 8955
80 55 9099
11 34 9553
13 87 9441
47 58 9831
28 94 8615
88 90 9212
16 23 1969
10 83 7886
28 45 2233
45 22 6268
52 15 2186
60 33 8236
76 69 8
63 34 579
14 56 448
92 2 3983
81 79 1956
72 46 8327
1 55 735
57 70 5767
31 58 2750
99 51 8764
28 64 6365
93 40 7055
90 84 5060
61 65 2202
87 64 4919
18 88 7545
33 69 8431
18 47 3558
99 24 6499
94 72 3882
93 81 9463
75 73 2291
58 21 64
38 2 8077
48 59 1503
64 51 2033
26 22 5962
96 46 87
75 15 4652
14 78 4499
47 74 8322
26 84 4660
18 84 5077
11 7 8770
48 60 8642
7 22 7032
67 33 3448
4 40 9376
36 9 9150
25 29 6197
4 73 8139
11 55 5514
75 64 9603
96 87 9550
100 65 4068
75 27 4522
77 96 7094
2 12 8850
8 26 8079
57 4 3593
96 31 2731
99 79 7541
96 34 2235
82 26 2795
75 30 1969
33 56 3737
85 15 1179
55 24 4282
41 62 175
81 55 5830
54 89 8781
48 65 8497
16 75 489
42 86 3857
4 100 3618
61 71 9130
93 86 7241
1 57 7065
33 45 4857
80 88 6390
99 98 9614
78 15 2996
28 54 8256
56 62 9216
24 71 8897
85 62 2323
91 47 89
33 18 5991
41 79 7524
100 1 8168
94 15 5935
67 11 255
82 99 2060
56 98 8169
60 70 9401
10 76 381
70 46 8258
11 36 579
6 27 4662
77 34 8432
25 9 6408
53 69 3442
100 79 3280
99 70 6897
81 26 3651
63 62 6897
67 10 2378
33 7 7243
93 26 314
96 73 7235
14 95 3632
67 92 9927
96 26 6582
38 9 8239
75 89 5494
37 15 5478
11 56 6913
24 51 5583
19 54 7820
38 58 4437
72 24 102
17 59 106
89 22 4691
82 79 8513
40 95 4627
25 81 4091
18 42 8893
10 41 9236
96 71 1021
25 16 3555
80 45 4019
41 86 7428
20 87 3348
49 72 7299
25 96 676
39 45 6998
36 31 4195
50 63 9406
82 2 4240
72 30 860
2 86 6640
25 66 4224
27 78 786
17 64 9573
1 44 2462
19 4 2632
57 9 5050
96 63 9375
43 48 8214
72 76 9222
1 10 3811
11 45 4667
57 86 9327
95 35 4853
1 38 3179
37 68 305
36 2 5295
27 70 2072
11 79 9540
66 12 6315
78 59 5626
39 1 3559
4 13 94
6 93 8973
18 58 857
5 20 7122
89 27 2323
19 61 1403
1 73 6527
97 15 6562
2 64 8615
88 9 3166
17 12 785
96 62 9400
14 83 9090
11 18 9599
18 3 8383
82 39 491
96 76 5325
83 78 2948
92 31 9712
70 87 9135
17 16 7614
88 34 5391
28 75 339
41 1 793
4 94 5695
18 65 5633
97 21 9216
58 66 1587
80 41 8299
90 35 4841
20 9 5145
76 70 8392
72 22 165
94 56 2353
31 45 5513
58 34 2487
5 51 107
97 90 8391
94 30 5401
67 96 8721
37 69 7908
17 47 2537
43 39 4473
54 23 6997
17 46 2135
43 55 2855
1 41 7488
89 15 7459
79 61 2155
85 53 3551
46 15 2945
16 20 9768
96 39 8941
17 60 9635
49 86 6912
85 3 988
30 62 5267
38 60 6127
17 77 2574
8 57 3565
7 70 7319
67 54 4070
21 62 8309
25 90 3836
94 40 2774
46 71 173
38 52 2674
36 50 2880
67 47 8564
80 39 8074
95 86 7953
48 71 6471
49 24 6963
36 3 8777
14 22 3468
83 46 5449
8 40 7983
57 51 7307
93 71 9260
89 63 137
6 52 857
17 21 2204
81 15 6257
5 21 9798
79 88 8191
82 75 3168
94 22 7137
69 3 3457
19 18 5647
49 12 6062
17 58 3374
30 15 2965
23 22 131
44 79 8034
9 1 3152
59 3 2904
81 73 8206
75 63 5826
41 2 2135
68 84 3121
83 86 251
37 35 6439
17 54 9592
1 45 7213
42 7 5215
16 21 9411
100 64 2662
6 62 3198
10 62 3069
17 71 1921
82 87 9686
81 7 3925
42 64 476
17 96 5942
42 50 74
73 62 8666
48 21 5462
25 92 7210
33 31 8475
10 13 1108
48 84 9623
49 50 8200
6 84 424
91 31 9753
8 3 6233
96 29 3576
100 58 9008
14 65 790
84 1 9401
77 29 7495
37 78 3911
10 53 9651
60 3 3933
49 26 9854
33 12 3216
89 69 5500
40 62 5616
11 43 5877
26 29 5049
28 22 8684
35 3 4149
7 68 4734
6 79 8960
91 46 976
22 88 7028
72 34 9034
11 71 9642
85 45 2489
75 55 2595
72 87 4468
66 90 9948
6 89 2218
30 66 2667
13 27 371
38 40 8322
13 40 5251
75 29 3946
18 44 7330
25 68 6040
48 87 9698
54 84 1176
82 50 6302
96 9 5701
63 56 1460
8 90 6155
54 73 8916
1 18 6959
40 37 8122
60 51 1144
31 34 8359
77 22 6805
51 84 5292
43 41 9445
85 60 5765
70 56 2619
43 81 6472
91 61 1150
12 15 2260
100 70 8960
89 79 3744
77 2 3079
17 26 5259
92 7 2313
10 66 5745
95 51 5629
25 41 635
25 85 7347
28 42 5927
33 1 4316
31 56 3387
79 69 5624
39 12 5491
33 62 9688
40 79 7676
25 60 6950
72 35 2195
43 74 6591
24 35 261
94 37 316
77 7 4086
76 74 8619
82 84 7121
92 40 5729
50 32 8063
92 74 9237
94 63 8348
70 62 4534
25 1 386
43 86 6959
4 22 9845
60 100 481
77 84 38
7 58 5103
94 84 2794
66 51 2134
5 47 7084
44 58 9780
47 1 9481
55 45 3010
92 63 4095
70 59 9219
93 56 4985
19 66 9585
69 21 8906
53 51 2661
30 35 2886
95 59 1100
54 14 9251
17 88 9498
70 61 7768
80 73 9689
68 32 8117
43 3 4888
80 56 5417
29 12 2531
86 15 476
67 35 3764
98 78 3417
94 32 7213
96 69 723
54 12 3261
18 81 7693
93 47 7112
90 15 4716
80 2 6838
93 31 9245
14 75 8151
96 61 6617
20 88 8725
49 99 1160
60 41 711
42 2 7943
20 90 6144
79 65 6647
16 32 3201
81 90 5156
47 24 5885
77 54 652
23 15 759
100 21 5382
56 15 8419
37 12 447
36 89 3498
28 73 9658
99 73 5863
80 75 6029
82 44 6485
63 59 9627
57 82 9445
7 24 3697
54 98 6701
69 12 9057
41 65 7742
4 64 3812
31 88 124
38 91 4579
7 56 3056
63 46 4626
14 63 1196
30 59 8133
29 69 5785
7 12 8258
92 51 2427
53 78 8281
17 1 4905
74 12 1979
47 22 3436
93 83 7141
5 29 2631
75 69 4194
79 66 2522
47 51 7401
56 12 4640
10 50 2372
36 42 3411
76 71 6855
1 97 8400
96 58 9895
36 48 2833
77 93 4196
7 55 3592
23 78 9533
48 99 9604
44 90 1333
38 16 3344
25 93 6080
43 87 2263
20 70 2751
8 9 705
76 30 3458
16 29 7235
28 39 2842
43 23 8068
41 84 6014
63 68 7474
77 26 9324
96 47 7992
38 36 909
4 39 6464
28 60 6974
17 6 1455
36 51 8985
63 45 727
17 34 2446
14 20 1356
27 3 4137
74 46 9300
99 89 6107
40 71 4031
36 87 2132
53 3 6654
14 74 3974
61 51 1664
10 15 2610
40 70 5306
23 37 1359
80 35 5041
13 65 7569
17 42 462
80 7 5745
11 14 7378
83 35 7696
17 68 4938
85 33 1797
19 44 3709
13 86 2411
78 46 1120
18 16 8053
17 57 9672
75 21 3935
94 41 1378
92 62 1126
64 84 2920
65 12 2104
94 24 3571
40 88 627
19 34 2592
52 26 9223
72 79 3086
48 47 6623
68 12 1354
96 81 6091
53 39 6948
90 1 9370
45 70 5052
68 3 8606
67 100 7080
57 66 92
99 61 2526
18 56 7541
2 26 2189
41 34 9903
99 71 1589
2 70 7126
67 68 8052
67 7 1649
7 26 5889
11 27 9171
42 88 9701
37 84 5560
91 59 3106
60 40 7431
50 88 3037
94 44 2377
63 79 5886
97 46 2959
16 97 9355
89 66 8478
8 65 2181
40 7 8792
19 56 1452
94 78 9887
32 35 4883
1 62 8399
60 84 5608
93 58 9934
96 68 7004
72 74 2687
48 51 6378
49 89 9529
27 30 6580
1 88 8566
7 1 5784
10 65 8168
76 68 2043
25 6 3835
94 52 9816
33 2 7931
77 59 9357
36 84 5869
82 92 9842
7 98 8814
11 61 3299
1 86 9230
36 81 1190
43 40 9184
50 46 2189
38 37 6897
80 100 4013
53 22 721
45 64 5688
29 46 5464
22 83 6959
48 54 6922
4 79 215
91 15 2566
38 43 3208
23 29 3570
25 15 1605
75 39 9585
1 53 3099
16 13 8184
42 93 4502
98 66 5234
8 74 6351
94 73 6544
67 13 5420
29 32 2518
54 53 827
33 64 4776
43 97 8386
49 96 7020
32 21 3590
60 88 1684
49 1 6250
89 56 1131
82 100 7220
99 64 4790
8 47 8027
48 75 1232
82 97 5510
19 13 67
21 12 3048
42 78 2469
82 12 6988
71 1 9614
91 53 1386
7 59 6547
39 24 3183
53 86 9342
73 3 6131
96 70 6281
55 22 3877
67 70 6984
8 60 7866
64 35 6579
72 9 3528
52 83 3285
26 71 9097
29 15 706
54 29 8061
17 72 7482
6 61 7725
83 12 8002
98 65 5518
8 67 326
97 45 9132
89 5 9089
11 39 5115
72 84 3511
25 48 6672
85 94 625
85 2 3577
22 35 6071
52 95 9445
52 56 6916
40 12 5684
33 88 7182
77 92 3463
14 90 8867
64 15 2876
28 40 5945
95 12 1499
40 46 6752
17 55 2929
14 24 9365
14 100 3331
75 20 2808
25 63 2649
74 98 8779
65 86 9865
44 30 7061
85 40 2612
83 34 3941
25 87 5062
50 71 4481
79 9 4267
47 64 546
1 93 3569
54 1 9381
11 87 4056
60 16 6593
49 29 6357
85 67 3984
41 22 2663
49 51 2153
36 22 7251
53 63 8347
75 24 5687
8 78 713
13 79 7213
13 37 8562
100 26 3010
27 24 8711
19 99 5313
77 70 2290
60 37 4427
19 8 4995
28 78 1449
89 7 7076
13 32 3773
4 32 1313
99 81 4136
57 59 2737
45 78 5253
48 42 5550
37 79 7217
40 68 5871
49 82 6095
77 62 7138
93 27 5252
82 30 150
48 30 3730
58 59 7960
16 14 485
53 5 6392
5 27 113
73 74 7735
91 97 1090
36 32 5799
18 70 4800
43 9 4654
97 70 4360
44 39 4161
85 43 9717
4 33 6024
50 7 6450
1 84 4143
69 84 7371
67 50 7898
17 82 1218
38 10 1143
67 75 5562
67 82 1706
42 65 231
79 46 814
11 62 7255
42 68 7448
62 3 3037
39 95 3349
42 15 4585
23 34 8288
66 86 9850
39 62 8314
43 22 6247
52 97 6686
28 34 1057
13 47 2711
57 94 4420
43 47 2147
76 86 8509
52 54 5571
23 44 6800
85 89 9220
5 88 9731
85 14 6516
5 22 1596
88 12 2532
63 98 659
93 20 8966
19 100 6781
8 80 8228
69 59 6460
33 79 2342
100 51 9933
53 93 6691
1 42 9508
68 46 3539
38 30 4138
10 24 2544
47 12 6887
10 88 5074
2 61 7183
73 20 3088
85 74 3387
50 53 3429
85 65 9773
14 31 4443
97 65 2492
28 63 545
1 29 2941
46 51 7352
45 61 6115
40 66 6093
66 21 6572
38 24 5846
16 56 2608
60 66 4519
74 86 4729
11 92 9618
77 5 3484
41 83 1510
33 70 7846
2 59 9943
82 71 3851
38 98 4130
89 29 6633
8 18 3358
23 39 7669
2 37 7122
53 100 2253
97 20 907
24 78 2195
80 26 9435
17 73 3995
78 1 1933
38 70 9216
76 35 119
33 40 2728
80 10 1707
60 77 663
8 14 5668
49 30 9058
39 65 6778
42 13 1760
19 85 1981
28 9 8975
99 83 720
44 93 6499
38 86 3703
41 32 337
49 60 6334
20 98 5212
85 83 4534
48 34 6277
77 71 5415
100 3 5016
67 58 9261
60 44 5124
77 23 2684
80 15 2735
43 53 7377
42 99 9942
57 24 1281
82 20 6811
97 64 288
67 40 3214
4 24 2378
77 10 407
43 10 5941
1 35 4084
85 78 1069
77 83 7960
85 90 9494
49 63 4198
5 63 9720
32 34 7826
97 89 9524
37 56 6791
97 83 677
58 70 3227
18 96 7127
93 79 7010
20 68 4790
42 12 8013
11 26 3286
58 3 204
58 68 3028
95 3 8899
38 64 1680
82 22 2063
53 89 1633
8 66 9056
36 23 2004
2 100 2913
96 2 2218
60 54 2292
66 1 2478
49 44 4596
70 64 9050
37 9 8418
72 68 5031
7 29 6470
54 65 6378
28 77 876
33 61 7020
94 64 2449
99 97 8702
20 21 6543
76 58 9239
19 2 9378
38 11 9769
82 68 2717
74 71 6387
80 78 911
97 5 729
52 71 6025
73 29 7466
37 98 3756
77 87 1275
19 65 9145
32 84 2170
64 90 9259
67 18 4552
95 74 4174
44 89 8523
94 3 6770
49 65 2817
85 48 1001
79 51 7717
4 66 8218
16 100 5770
25 57 2747
59 9 4687
60 95 8499
57 74 3623
81 37 1706
55 21 7299
36 33 8676
55 9 8249
1 80 6537
57 30 4405
83 98 4369
63 74 5606
73 88 7143
48 32 1631
48 15 6334
6 44 3167
25 49 9097
87 35 6442
99 45 793
41 7 4593
94 21 8611
79 56 51
37 1 9145
14 76 9136
94 86 8574
89 59 5914
17 24 8304
34 3 5926
85 42 3630
42 76 6521
16 30 1695
19 91 2728
38 88 1208
2 7 6546
60 15 2702
10 30 9265
63 15 3844
92 75 7729
42 55 3865
42 10 6733
40 72 2133
94 58 8234
42 45 2338
22 70 9276
34 62 6216
17 66 5023
4 10 8794
52 9 5312
60 5 1464
47 66 9587
17 7 9905
74 69 6427
45 29 5989
83 3 9049
91 86 1914
95 90 914
77 40 1314
4 65 218
60 87 6839
52 23 1295
41 15 6738
92 27 4886
38 35 374
23 69 4297
25 19 1431
64 71 3076
98 69 9914
85 24 1626
43 2 7156
33 84 3778
80 96 8358
10 37 9289
10 1 8363
2 65 695
44 61 4916
39 87 4579
10 74 5718
19 29 3709
82 29 6242
44 100 3533
6 13 9647
76 84 2498
31 87 6311
14 2 5636
99 55 7898
89 88 8225
85 51 2901
24 56 9211
69 86 8442
11 53 6092
75 90 6857
29 65 1531
47 79 977
68 69 7231
99 12 2180
97 72 8759
57 69 6658
85 11 2093
55 12 384
17 63 3813
4 97 2222
73 78 5094
5 61 3101
13 92 6937
66 9 5788
93 84 4368
25 33 1515
33 9 7857
93 39 8077
88 62 4108
80 52 1390
99 68 4075
1 92 6606
68 90 7700
83 1 6062
97 74 4503
75 95 2276
19 71 8963
83 21 66
52 35 7069
55 87 5054
2 27 6922
29 9 4952
54 7 2382
1 51 4152
50 21 7131
77 100 7492
42 100 7161
66 71 5575
75 68 4227
80 30 974
13 30 7796
82 42 9320
4 51 426
81 9 4732
18 63 5108
49 4 4794
38 53 2598
44 46 2964
37 83 9222
11 23 6706
76 3 705
8 70 3296
11 24 9663
49 64 4757
5 32 5710
67 34 4165
40 100 7032
23 30 1024
11 47 582
56 51 453
88 65 2429
23 93 7504
53 9 5404
8 95 4810
30 64 8007
38 74 8886
75 65 2301
28 32 5168
17 33 4460
95 22 2879
74 68 6141
4 30 8607
48 70 2199
11 2 2918
33 51 9691
44 88 7306
55 35 7711
80 16 8640
2 56 6621
88 64 6932
40 73 1697
60 74 3678
67 73 6580
80 79 1359
99 76 4786
33 34 2289
67 87 1876
52 81 1817
41 37 9664
39 86 2457
49 91 8621
58 35 2092
58 69 6312
14 32 4024
6 75 6901
38 39 4319
11 77 2909
18 78 5553
25 67 5838
94 23 3720
10 86 8431
72 15 8330
86 90 2327
81 100 6981
88 15 1247
97 81 8369
4 53 638
60 90 8958
19 12 7008
56 78 7259
21 51 2241
25 100 8705
25 79 7288
16 92 8820
42 46 6415
48 83 2073
8 93 7460
77 51 8290
28 44 241
72 21 7123
29 20 7099
2 74 8862
88 21 9214
49 32 3410
25 70 9237
93 98 2466
73 79 4080
23 9 2146
8 12 4370
41 72 9917
98 86 2217
67 41 9153
97 98 8246
94 14 4543
37 34 6133
20 56 5845
77 95 2911
76 51 6771
29 71 4802
58 90 6271
24 65 381
91 98 3394
94 29 4975
54 27 7668
26 73 8566
17 100 1389
58 27 6092
55 65 6025
77 37 6031
16 7 6332
100 59 9500
54 58 3129
80 99 1545
22 30 5065
4 91 6538
18 73 782
68 78 3883
52 27 6970
77 79 9279
47 20 4604
89 2 6886
20 66 1495
52 62 3756
48 55 1484
93 88 2390
7 46 9889
11 73 3680
4 42 1652
57 91 3011
33 72 4833
89 20 7922
85 56 9743
22 98 8226
95 88 9248
55 76 7410
25 74 6791
36 88 6989
93 24 9853
28 84 9168
31 79 3019
6 21 2536
1 24 5019
13 1 6147
26 59 4081
25 97 6435
1 7 9036
39 31 1214
2 21 317
52 16 2357
57 45 492
26 68 4921
43 94 9243
39 30 8338
48 69 5028
50 55 7078
94 10 727
47 27 1268
85 57 757
93 62 8731
82 62 4278
71 3 5589
68 9 6652
67 59 4020
4 58 166
42 34 2252
43 58 7781
28 49 6957
78 71 9240
51 3 3985
20 12 2476
97 61 2258
72 70 6521
97 69 7494
80 95 4756
98 51 6953
52 29 3928
21 3 143
46 3 8166
85 73 597
25 50 2500
96 84 5009
43 52 1869
3 84 8094
97 51 9698
13 5 6896
6 48 1523
99 31 6777
37 58 8164
13 95 8631
48 66 5507
85 22 8793
4 37 571
99 3 8510
4 56 9165
85 4 736
4 5 761
76 34 6945
41 31 4044
72 88 10000
32 71 930
9 71 6519
44 21 8609
14 70 3802
75 58 364
54 20 9716
16 10 754
67 83 644
8 96 6211
60 69 5271
79 35 1240
45 46 8710
41 51 6631
28 57 9460
56 84 3155
81 65 6328
57 42 6355
7 32 4677
39 76 9456
19 94 870
83 87 3307
22 62 4962
9 86 9663
75 41 229
89 68 3472
56 32 8827
38 12 964
50 26 584
24 79 2123
2 95 1360
74 15 6936
42 41 9404
95 79 4230
33 35 1896
55 29 3205
19 33 4594
25 45 1612
97 24 310
57 64 1589
1 47 7822
96 78 5580
60 97 9180
29 90 2883
4 7 8562
10 98 8639
35 84 6037
44 56 4890
18 59 4993
13 62 7065
38 87 4345
6 23 5863
42 59 6723
91 1 5659
82 66 1877
67 78 6951
89 12 5482
9 51 703
33 73 4266
16 73 6065
80 76 2825
58 79 5625
47 86 9352
69 64 2229
52 63 9855
13 53 1248
38 59 1785
1 22 800
11 51 2859
17 76 2095
13 58 2388
26 1 7032
91 23 4026
25 42 1567
7 79 9914
21 90 2588
89 81 6557
57 77 2302
69 65 3829
96 40 1549
39 78 9366
99 9 4525
48 92 3763
8 37 2440
93 34 183
38 31 5639
97 26 9390
57 12 5664
94 16 6341
20 3 3655
41 73 8081
11 96 5518
63 87 5632
52 44 7432
8 31 4098
4 18 5486
7 86 8679
87 69 5882
44 72 2637
18 23 7889
57 83 4328
53 29 1376
11 52 4920
97 58 8354
28 56 9294
97 47 1185
57 35 941
69 35 5850
54 55 9838
8 48 4769
96 32 7398
44 55 5555
19 81 9293
76 66 7513
55 61 7994
6 42 5828
48 18 3151
13 93 7383
43 93 7843
6 91 5844
8 53 7390
95 1 5923
62 35 7713
39 84 3021
29 87 9707
44 34 1810
28 43 4858
17 37 4737
54 74 4043
38 29 7494
11 13 2626
26 15 8371
70 68 8869
91 76 3897
38 34 6724
94 92 8162
67 21 1434
49 69 4016
85 84 363
23 70 1271
36 14 5136
16 3 7760
17 99 3178
63 66 780
32 1 1624
86 62 1171
45 71 6607
40 55 4775
77 78 8554
23 62 802
63 51 6970
92 30 2295
80 3 6724
17 3 4682
81 76 5315
53 68 2782
48 24 2843
63 27 172
49 84 7519
79 21 6885
42 31 4017
25 78 6496
28 89 1607
38 99 2885
93 51 6744
81 29 4682
48 97 7398
85 70 4529
53 83 8697
80 13 7760
41 59 5800
25 80 184
72 98 1871
96 92 5329
7 45 964
73 32 3495
44 62 6499
33 81 3922
91 3 4621
91 9 1404
74 51 4723
19 70 1590
93 29 3698
99 92 7799
19 40 2623
20 65 9012
39 100 580
81 56 5465
93 55 5535
28 20 4450
41 27 8701
40 74 9551
18 91 7297
81 20 308
13 90 8787
14 51 4041
13 100 4989
48 3 6184
85 34 8569
11 59 38
1 94 295
82 64 720
44 84 221
11 81 2166
40 69 6048
11 78 7536
81 64 2012
43 64 8899
85 100 1458
5 15 2984
41 71 302
79 98 6180
82 55 4573
73 59 352
25 82 330
49 17 3547
11 97 9363
73 64 7262
47 26 5363
44 64 1250
58 46 1711
89 30 415
91 7 800
73 69 5360
50 72 7074
23 53 5939
33 37 9400
20 62 8415
25 10 8474
73 34 4320
26 56 8452
91 66 8769
81 21 1392
58 30 5024
56 30 7286
21 84 3791
80 83 2560
82 3 9297
96 12 9041
80 54 369
80 23 2280
83 30 9343
58 87 6548
45 74 3204
89 37 9694
93 76 3230
1 31 3102
43 79 5408
19 5 491
19 24 4816
29 58 3009
94 42 2201
89 51 5230
18 41 161
50 90 3912
19 46 2304
54 59 6099
28 61 3311
93 45 718
2 47 4572
39 15 3983
7 73 5521
80 59 3340
85 36 1726
89 62 544
36 20 6977
67 52 1868
80 51 9455
87 90 2625
92 89 909
10 81 9823
43 29 1256
9 15 6603
1 72 2723
80 89 811
50 30 6296
18 55 5952
99 87 3912
59 46 8055
82 53 6442
80 90 8727
16 2 1064
49 48 4994
37 86 3957
94 96 1224
89 3 8906
77 15 2612
48 22 7322
97 30 8568
6 33 3329
97 14 8245
77 9 8902
91 27 8849
43 77 7937
82 27 6979
25 36 5744
49 59 4913
16 35 8847
12 86 1551
23 41 7538
39 2 6107
14 93 1373
8 56 5145
37 30 2709
6 76 447
65 62 5956
77 68 5356
72 1 6398
83 9 6219
9 3 3410
27 32 9191
48 72 4946
33 59 825
39 68 537
27 98 5254
50 92 8400
25 53 5794
44 81 4217
94 20 2073
42 21 713
49 77 7545
13 81 318
21 15 9615
29 1 2745
2 78 8254
24 30 2945
55 69 4840
75 81 9518
16 66 8143
40 45 6390
81 71 3407
94 27 4249
19 10 4115
72 95 8552
60 61 6957
26 69 4561
45 83 859
45 68 8664
57 47 7311
11 91 7077
92 68 8426
43 73 2853
99 88 8374
33 89 9250
99 72 3389
67 76 3627
4 90 7650
7 66 9182
93 22 7843
52 24 6074
83 69 6247
28 6 1739
6 98 6391
54 24 2213
28 58 835
9 62 996
67 31 5157
50 35 2027
80 24 6866
45 34 3300
8 97 8416
68 86 272
57 90 7548
42 23 2530
26 61 5175
72 73 857
63 1 3443
54 61 6033
68 51 9520
67 57 753
37 32 3110
45 95 7945
6 30 3605
19 78 1483
54 51 3547
50 31 3346
7 83 1462
54 9 7548
79 62 8879
42 22 5656
39 9 3621
21 1 5125
38 85 3747
4 74 6364
95 21 7337
44 51 4581
99 1 3711
54 46 2494
8 77 6607
4 95 576
18 72 2145
61 1 1375
57 78 7200
10 79 6044
29 21 256
26 34 2374
100 35 6900
19 9 3698
4 55 8407
30 32 2772
28 82 802
93 70 7868
44 98 7068
14 55 4407
20 64 5702
14 1 6966
63 76 4104
4 44 7163
54 93 4513
45 66 2982
23 100 9171
41 61 4486
39 98 8107
34 51 2917
54 37 7201
47 21 5443
4 84 3849
96 74 911
56 90 4288
55 88 6808
58 83 7839
97 9 6432
17 90 4534
36 93 5038
28 16 2476
43 15 4789
32 9 7411
25 99 5727
11 29 4839
41 76 2169
1 78 4850
42 81 5640
26 24 6388
4 14 1918
80 62 6398
61 87 2090
82 58 5235
98 1 501
80 98 5604
89 65 6100
68 98 3483
94 51 1126
60 68 585
45 12 1589
80 86 394
53 47 4137
77 27 3383
15 3 4243
55 79 5047
16 54 4023
72 64 7402
33 5 9237
60 12 454
50 5 1935
93 73 4274
36 4 9281
10 90 3075
54 34 8037
63 24 1360
10 14 7913
39 59 6557
97 29 6209
85 95 9905
47 72 2945
14 15 4478
6 43 2654
99 84 1386
91 29 9713
17 18 3155
54 30 3341
38 71 5812
2 55 2989
23 59 4467
97 2 2748
37 7 929
28 99 1212
72 3 6884
50 97 4311
77 90 5454
97 71 8282
2 72 8333
6 15 9207
20 79 7519
42 90 5139
42 39 1141
41 26 8144
8 51 771
14 53 568
27 69 2532
20 84 2130
38 78 8480
44 41 9089
26 83 4691
100 66 4736
42 29 8385
85 5 5520
5 68 7390
53 62 6122
31 15 5232
24 1 6896
30 98 5814
10 89 7395
43 26 9884
8 62 280
10 40 6494
8 30 812
23 74 1492
22 1 9729
36 44 1474
8 99 3297
60 24 4363
19 88 6159
2 30 8856
44 20 8233
43 34 7649
18 93 9996
49 92 6376
75 44 8419
68 83 6915
36 53 8908
96 13 6901
87 71 1747
28 13 4348
83 90 7943
43 76 6482
5 24 9084
60 71 3462
99 14 3871
17 69 5205
85 32 5046
1 8 766
26 32 1018
28 35 8792
100 61 7001
49 7 7650
83 88 5286
44 29 7812
63 73 5493
13 78 1366
23 68 5638
81 45 5141
25 35 5728
4 99 1796
80 32 3996
14 12 3960
59 1 9444
40 81 344
40 59 6688
54 2 4214
94 9 7258
91 64 1947
80 70 1114
77 98 9004
99 86 6294
100 62 9056
75 93 1838
95 69 1729
91 73 8870
66 84 5708
1 11 6933
49 87 3915
14 27 2826
19 59 4302
92 45 2706
1 17 6178
99 78 8303
59 71 4343
67 69 3990
94 69 3795
23 75 5709
18 62 5979
67 94 8936
82 24 1436
47 32 7774
82 70 9283
48 73 1748
11 82 3569
49 39 9626
31 83 8435
63 22 7782
9 90 6884
8 43 381
52 14 5248
55 100 2239
73 51 3026
93 66 655
11 16 4076
16 42 4754
61 59 9524
69 15 6136
64 1 8038
57 10 9790
24 3 5313
36 76 8691
39 41 2496
55 59 1490
78 87 6994
6 3 6838
89 31 1831
63 95 788
18 68 8898
41 56 7809
61 88 6075
39 3 334
17 10 1934
63 61 1710
14 84 2081
50 95 5502
67 65 1335
67 81 6867
28 88 9636
37 74 4570
28 100 7247
11 88 1235
67 37 3161
89 95 6624
27 83 1889
42 27 7236
77 76 7729
27 66 7765
96 37 9723
82 90 2118
78 51 7554
50 89 5035
8 55 808
53 31 6401
1 91 2877
11 95 7801
17 13 9591
60 62 4707
1 25 4941
92 90 8488
28 96 8868
60 31 7367
78 34 5173
17 89 801
16 96 9076
77 45 7253
48 33 2655
97 78 6763
96 55 4119
30 69 8642
95 61 7684
75 47 7717
82 32 9876
73 27 844
26 66 4340
40 90 1764
97 66 4432
43 65 8420
74 24 5880
16 89 4154
93 30 537
92 20 3434
16 46 5541
2 20 7697
82 81 6186
68 87 4769
2 9 5497
52 30 5776
63 7 5827
91 87 6789
58 78 616
52 86 4694
25 13 508
100 76 5788
59 65 1847
55 83 5935
13 56 3041
34 64 853
10 2 9049
23 73 3511
48 4 9494
18 46 6733
5 30 1228
75 34 9369
76 45 3928
66 35 1919
55 98 7484
61 30 8359
87 34 6691
81 72 3364
94 62 8865
95 29 3579
22 74 3149
5 9 757
25 83 1275
26 58 9334
25 65 5525
10 78 3124
50 2 1462
53 70 1351
8 63 9912
6 70 2077
16 47 2397
13 3 6771
94 59 7864
17 41 4243
70 24 2706
28 74 7256
66 65 1447
96 66 1754
18 24 767
45 35 940
65 71 4838
56 83 8346
6 99 308
13 34 8766
36 29 6616
75 87 4143
25 32 3476
80 44 3306
52 100 7506
28 55 2340
76 56 3237
40 51 654
58 24 3096
29 84 4511
85 81 9988
85 23 4972
60 35 7634
42 61 7801
36 75 6323
32 3 3898
38 75 9877
53 15 8719
37 70 668
1 4 7740
13 39 9313
7 34 9725
10 84 4996
78 69 759
59 51 1479
92 32 2114
74 35 1698
26 21 2668
8 34 6811
48 9 8357
67 3 1433
2 62 3426
6 54 2499
49 31 4909
5 90 3084
87 12 5
61 12 3600
23 45 6320
27 86 7010
53 30 3048
33 50 830
2 87 3349
57 21 8019
79 71 4816
20 83 1149
11 57 4341
56 1 8713
31 9 1025
6 2 3059
28 24 5732
49 40 5117
19 20 8723
76 12 5457
85 92 6464
55 15 9481
94 90 3287
92 98 8577
72 62 1178
52 2 5954
55 26 5387
25 2 5886
83 64 3739
25 98 5164
79 15 8385
91 32 8647
68 34 4599
15 1 4741
24 9 8598
38 68 7270
80 1 1750
23 64 1645
20 78 4452
24 62 1451
6 59 9664
16 71 9267
13 35 2599
13 2 356
24 69 4331
98 3 9976
91 30 9767
72 78 62
42 89 5092
48 16 8489
19 21 5518
10 32 1555
55 20 7970
19 45 5156
80 77 6483
30 86 5499
94 87 1110
18 64 8221
24 34 1385
85 93 1200
73 15 9736
30 21 9769
16 78 9846
40 9 4335
52 96 861
89 100 4795
47 55 1604
48 10 8962
25 30 6440
8 29 6055
8 59 412
83 65 2455
6 96 1673
30 65 9363
97 53 2810
18 13 6003
18 2 9338
67 77 8928
97 62 6065
21 9 781
82 95 7417
54 66 7934
36 70 8687
99 74 1738
14 79 3090
47 84 5169
2 3 7236
5 95 551
20 59 9741
66 15 4972
23 5 1750
75 45 9476
65 84 1092
36 71 7947
16 50 162
26 65 1952
60 32 2741
77 24 1766
22 90 7266
81 86 5532
11 89 4172
22 59 7677
89 9 7986
50 59 2197
60 99 3391
45 84 7148
47 98 8199
75 74 9080
40 22 2427
10 20 615
81 61 6212
6 36 9843
95 65 8549
10 92 4898
97 23 7932
92 47 1638
94 81 6418
50 74 1520
19 48 8540
42 30 6158
97 22 6491
60 46 289
67 84 1986
53 27 7583
13 64 4587
98 35 2147
11 33 9534
7 76 7327
75 83 264
24 84 6799
43 33 9211
4 68 788
67 46 828
34 46 7196
67 1 2984
43 66 570
93 1 695
42 69 1182
61 21 9650
40 27 3122
49 36 8149
14 29 5861
43 44 9316
10 96 6697
80 94 7111
60 56 3600
39 63 4686
5 35 3528
41 74 5119
50 39 3225
19 31 6038
19 55 1609
99 35 9865
10 35 4375
47 78 9191
92 15 4451
16 40 2873
73 22 5077
26 79 8129
50 15 9489
49 66 1875
82 98 7339
43 7 276
4 29 9054
51 62 887
73 24 9611
58 32 9624
63 9 1581
15 71 7144
47 68 5625
57 2 1054
19 95 5292
13 59 1485
80 64 6722
26 45 1988
25 56 4947
23 20 321
85 97 6673
19 58 8475
5 37 1791
97 40 6249
90 62 864
13 55 3399
58 9 2465
47 15 5238
85 88 8942
99 20 6915
89 55 4462
55 46 4018
8 52 1396
37 61 3950
57 40 2244
1 43 8734
11 1 4225
20 51 7650
28 92 9620
53 64 3835
99 62 7273
1 63 7553
52 50 7331
41 24 2897
22 20 4958
82 18 2622
38 32 733
48 12 1679
67 60 4610
47 3 5680
41 21 8351
38 26 7634
30 87 506
2 98 6493
38 57 235
41 29 1369
19 7 9892
26 88 2699
100 9 2958
28 85 5185
17 22 5966
1 15 3771
43 37 9202
50 24 7361
16 70 7721
93 9 7797
7 64 2446
17 53 8297
43 60 5446
52 84 2066
11 75 8484
50 79 9070
5 31 5970
97 41 5814
96 72 1966
31 61 927
16 81 8435
19 6 9051
94 79 8958
58 20 3044
43 78 1082
19 93 3660
48 88 7030
70 1 1587
77 74 153
25 21 7264
33 76 9307
82 45 6396
21 64 6314
11 9 8616
54 86 7932
67 22 2279
53 88 2386
70 35 7133
40 26 5991
49 100 6458
36 21 1281
14 59 8437
50 73 4755
67 51 6727
78 12 6854
82 56 3238
17 43 2148
48 23 2823
97 92 9051
70 86 4114
88 84 101
49 61 7485
23 55 9516
11 42 5410
49 55 6881
52 18 597
48 26 9070
40 78 262
16 87 2183
47 61 5574
5 69 3877
42 97 7841
45 9 8321
25 44 190
76 88 6456
50 69 6252
91 81 8821
27 56 5193
73 86 9736
50 29 1163
10 34 1651
43 68 1016
41 55 9599
55 90 6405
4 59 4094
67 4 2804
47 83 5994
88 35 6242
54 95 5626
78 3 5044
82 94 6707
19 50 2079
85 79 8880
45 24 2574
42 5 7488
53 76 2112
14 47 3170
64 86 2909
79 83 2373
1 34 1704
39 58 4834
70 84 2601
95 78 9544
17 14 3154
81 59 2791
45 98 2351
28 11 5757
13 71 7963
72 12 3895
46 84 5492
6 7 9125
8 36 5545
16 5 2860
60 92 5076
80 87 8301
76 20 3305
77 81 4231
80 20 4294
53 44 5898
97 84 6209
22 84 9337
94 77 8956
91 2 8287
98 21 4569
44 47 1529
29 74 2126
91 20 6680
1 100 1050
48 81 5035
18 35 9053
39 26 2753
81 88 6220
89 26 1653
38 73 8648
7 27 9374
57 41 795
53 37 7350
57 55 1482
82 78 5109
11 74 1245
28 91 3326
96 51 586
68 64 6789
36 56 6185
42 1 2013
49 70 5090
52 79 5841
43 16 6243
42 63 5735
23 71 1739
44 31 2451
65 51 5072
82 77 7046
25 20 737
13 23 9640
14 92 8575
1 99 9215
97 39 2671
49 35 9624
68 30 4249
80 5 8075
33 54 8729
39 83 6820
67 64 9728
36 46 7376
92 79 2545
92 24 6874
5 7 4726
63 29 4027
31 74 8335
39 5 2322
19 16 7352
37 3 8920
48 1 5462
69 9 9888
52 92 7284
11 98 6903
52 93 2080
25 14 3526
6 14 2638
26 90 170
14 66 2329
66 34 7709
96 75 7216
52 47 9417
89 24 3700
16 86 5790
67 97 8631
26 12 6370
77 21 1765
91 71 9231
93 100 4445
78 21 493
55 78 6051
6 72 524
63 71 4221
38 82 8595
85 61 3749
49 38 5298
14 98 2621
57 15 8435
4 50 7619
4 96 6324
17 74 3706
80 48 3080
85 71 6211
43 35 989
16 15 9983
13 46 8291
75 70 867
17 79 2620
30 88 8460
91 21 3195
63 78 6680
54 44 2027
74 59 2611
73 35 6731
44 12 7816
11 63 7594
50 54 3100
36 64 5933
53 32 6824
63 30 3896
82 91 6425
98 34 9226
57 73 771
37 100 645
6 63 7821
16 53 872
91 39 5942
6 56 6793
9 84 9306
4 75 3560
39 71 9469
7 72 3012
47 95 2992
1 67 5679
58 12 4000
49 67 2974
53 35 321
4 72 1218
95 83 5593
80 84 5133
92 88 4412
28 83 8624
10 3 3511
57 65 3375
81 34 5354
57 20 1327
42 96 968
61 64 4805
6 51 7259
88 3 7791
72 29 5053
44 95 35
24 83 3369
60 7 5823
16 12 680
31 100 1189
11 44 3046
17 15 2973
75 71 4333
5 58 2352
87 65 2885
93 61 3801
55 74 1715
23 84 5876
11 64 5832
10 5 2066
22 64 5201
91 44 2504
53 7 3284
38 54 7145
10 31 3988
96 45 7695
79 78 5768
22 56 7499
13 89 1069
93 87 1121
18 39 5177
69 90 2036
1 16 2277
13 88 8787
14 88 6179
13 74 7329
54 76 8821
82 65 9547
85 80 9504
100 56 5852
49 20 7087
75 76 2549
10 45 8825
20 34 1419
83 62 1252
8 38 8061
94 2 1572
8 24 2966
22 86 288
33 94 7403
99 23 5032
22 34 5488
52 69 9906
4 16 8315
44 35 2632
80 33 3894
4 71 6009
11 5 8399
30 78 1392
16 58 3430
98 71 5871
82 35 6568
16 31 1817
36 91 8147
91 54 5354
81 5 4347
85 44 1828
57 18 526
68 59 245
52 31 1331
100 69 6378
97 93 7331
66 64 3879
24 59 1554
49 78 5102
30 46 1483
29 68 9614
67 5 6673
85 82 4448
53 61 9901
57 95 4075
11 66 9479
61 35 1740
50 37 332
25 12 7793
20 71 4371
36 16 4225
33 96 154
52 46 9121
2 32 1968
28 86 9935
82 41 1343
17 27 8535
85 98 1751
36 39 5841
25 27 240
70 65 2450
30 90 7668
40 41 766
5 71 2694
16 64 8998
39 47 7143
67 62 6377
91 95 9229
37 55 5048
72 69 7830
50 66 711
61 86 1013
44 76 854
52 51 1510
36 12 7265
74 88 1280
38 22 989
81 27 9004
2 84 1611
63 26 5133
80 92 3374
1 6 5836
67 71 1638
49 14 8846
7 3 4155
1 26 1572
53 1 188
19 84 2690
25 37 9675
44 26 6028
72 51 9281
94 100 8476
79 3 3696
18 37 46
20 69 1169
6 16 9045
80 37 3540
17 56 3897
75 2 4625
57 88 4939
42 47 8078
33 68 1687
60 45 5951
10 61 8931
34 35 3197
31 64 3215
38 27 210
82 37 537
8 17 8570
47 59 1821
17 39 5669
25 39 8295
48 5 4008
75 61 7307
1 49 7140
31 69 8162
19 26 5230
42 92 7327
23 63 7203
85 63 1256
1 68 9707
37 59 2836
1 60 9731
6 1 9754
25 95 2881
8 21 7252
68 88 8798
18 89 2773
50 100 1148
52 76 9775
91 93 7711
53 72 9226
6 69 1461
28 15 14
11 94 4508
72 83 1009
60 29 9580
57 60 4718
5 79 1545
100 73 8150
88 71 6538
57 1 7214
38 44 6444
56 64 6897
85 72 872
92 86 3584
2 24 5058
1 59 2453
28 97 7262
4 2 8613
19 27 3709
38 92 6968
45 15 1448
54 31 9791
21 59 3073
2 34 680
41 35 7042
54 62 1871
85 9 9804
100 68 4542
47 70 7997
47 76 3867
8 71 119
36 68 9457
91 55 3880
67 93 4626
88 66 466
11 69 9811
99 56 9343
6 67 8362
25 51 7960
83 15 2232
43 99 5575
45 58 4404
25 76 9128
32 87 2798
14 62 4339
82 33 538
44 40 1603
14 64 7952
33 78 5502
44 3 1663
70 71 1272
2 66 3301
20 86 1453
63 55 4344
85 1 3980
27 59 8495
13 98 2566
2 88 136
10 69 9388
52 45 562
16 84 4002
8 6 9506
6 94 6371
30 3 4233
47 31 483
97 34 3188
42 20 4043
81 74 6178
28 33 1549
4 23 2003
48 27 8409
16 34 3476
31 73 2758
94 89 3889
78 88 2625
91 92 3448
94 31 778
58 64 4227
48 2 1399
49 80 2631
73 66 5889
70 12 2670
21 46 5931
16 24 7342
96 14 3366
49 34 6262
91 37 2188
29 64 5931
92 100 6397
79 64 1575
85 41 6493
4 26 6750
92 29 7432
97 63 2863
92 3 982
49 43 4266
17 32 6050
6 71 5025
69 66 443
38 47 3950
85 31 3379
19 97 5204
18 1 7425
38 14 2488
45 69 5444
85 66 50
100 98 5935
88 46 2573
91 50 4276
93 68 3685
40 35 5203
85 7 165
60 55 2707
97 27 1133
76 90 3858
23 35 6072
53 65 3746
33 75 2397
1 48 2002
91 40 6495
48 86 323
73 30 4846
92 84 3244
1 33 7754
16 44 7708
20 35 4226
43 4 8371
83 84 109
16 26 5602
6 77 8814
34 15 4059
27 90 5332
29 59 369
73 84 1483
50 41 7819
7 51 5812
11 15 7884
14 35 105
44 9 8384
43 27 2160
57 22 3789
52 98 9938
95 87 8676
38 69 6495
40 56 7422
39 66 8885
48 7 2566
89 76 1167
6 68 1281
67 20 920
54 71 7661
19 89 1603
8 76 5765
92 93 905
100 87 5708
68 56 9825
68 65 1482
2 90 4078
77 88 6285
63 70 3435
96 5 9243
49 93 343
85 77 8766
1 52 9611
31 32 8178
72 20 6584
43 50 1774
95 70 2413
52 70 6688
6 12 157
92 26 924
8 2 6828
12 62 94
1 30 9599
39 64 3323
38 33 7515
6 24 4835
93 7 2240
54 87 5034
80 14 6115
7 78 3159
82 51 2694
79 30 7717
67 61 8924
81 32 9950
33 71 3424
14 39 5100
28 1 7783
50 86 3854
81 3 1384
28 4 1217
33 95 3096
19 62 8079
4 31 9982
38 66 2707
99 26 2608
32 65 2917
24 90 4480
89 87 5020
70 66 5956
21 71 989
57 37 5944
36 7 2784
74 83 7434
43 90 1894
80 4 6106
4 3 1301
85 37 6729
74 21 8345
47 56 6334
53 73 2843
43 36 7856
2 51 5379
76 46 6912
6 82 3131
6 64 1681
34 86 335
8 94 8230
53 20 9463
16 72 4188
28 18 5965
75 12 680
23 98 3636
52 7 4043
64 46 7013
14 7 2694
95 58 6650
94 1 9930
8 75 7173
27 88 8022
96 56 5885
81 31 4513
22 12 3965
39 90 5020
60 10 8299
77 64 5858
82 1 7477
60 73 9599
4 41 2586
28 62 5822
41 81 2284
47 65 1781
23 24 29
37 29 4014
23 92 8692
55 86 3159
5 34 5694
91 79 9026
60 93 1388
70 83 1509
18 12 9566
47 46 7352
43 45 8540
11 22 9553
94 54 7747
27 79 5552
45 27 2246
55 68 748
43 100 1833
76 1 5770
75 22 8769
33 86 7718
39 72 6635
1 89 2733
17 95 9089
78 84 4933
41 58 8591
60 47 6566
77 58 883
96 79 7528
7 9 8739
100 88 3166
87 59 9308
6 95 8767
31 35 3531
17 92 7999
54 56 1925
67 36 5577
96 89 3377
18 86 9664
41 78 7085
56 65 9294
23 14 3367
85 64 5624
73 87 8846
87 3 1113
40 86 1175
50 51 7443
34 65 1861
24 21 3008
42 35 3212
93 90 6981
28 65 7077
88 87 9846
8 44 9714
6 46 2517
23 40 4778
80 9 4656
46 1 9082
39 37 2012
23 95 8535
96 83 7820
1 70 5177
16 69 7843
56 9 2938
12 35 8708
19 79 2193
80 27 4862
95 20 4284
49 9 1921
67 56 4525
25 69 7720
45 65 1214
37 90 7892
18 69 3343
49 90 6411
8 22 5356
39 69 869
49 85 3853
79 68 3568
82 59 228
36 82 3417
63 3 549
99 65 3656
43 96 9614
60 20 6614
26 74 6173
85 35 744
19 72 1269
31 59 1606
13 9 2755
15 35 9803
82 63 9426
42 95 4284
92 58 3997
55 56 2363
91 22 2991
19 35 6190
53 34 3577
85 39 3626
43 1 8110
49 76 4453
60 22 7697
39 34 5676
82 7 8696
49 88 1039
55 71 8438
38 72 4052
67 91 8259
83 51 8643
22 9 3971
2 81 4839
38 7 2059
19 83 4519
54 100 8494
95 30 8024
49 16 1132
50 44 1018
82 5 8767
94 45 8752
29 24 2624
47 45 1522
38 67 8555
16 76 8401
55 30 5805
23 26 2551
77 72 763
26 35 5147
36 90 5092
80 46 691
25 86 5124
11 21 9554
36 63 5144
67 9 2820
29 83 5229
36 62 3839
56 59 210
19 52 18
42 58 4242
14 5 4820
33 66 8660
50 75 8213
29 66 9658
79 12 7070
95 62 2731
52 59 8152
100 27 5094
24 12 215
88 51 9169
73 46 3860
8 39 8966
45 30 8144
98 84 1733
11 76 3872
11 86 6544
94 93 3889
2 63 2775
63 32 3659
68 66 5387
60 52 7866
97 79 4349
41 66 510
6 57 3771
44 59 5844
28 53 9681
62 1 5351
42 14 9683
6 83 9890
94 91 5369
39 32 3924
14 72 4710
92 64 4028
41 12 2136
5 76 4367
6 81 1098
2 5 1219
37 65 8870
49 62 6191
57 99 7785
43 70 4391
4 47 6402
16 39 6750
4 81 2534
25 73 8135
18 27 622
33 16 5430
57 68 8375
11 83 3396
74 32 9088
85 58 3762
5 64 7613
78 65 9788
14 37 623
16 90 1384
67 29 5632
37 26 304
31 21 6734
49 10 5314
12 71 193
91 74 2102
13 22 5589
56 34 1254
12 1 2482
50 84 4077
13 84 1973
25 52 3579
25 94 1647
82 46 7194
47 69 6121
28 52 9431
89 21 1584
93 74 8874
8 35 6180
99 59 470
36 95 3360
92 78 3153
18 98 5899
61 98 1735
32 88 6548
16 27 1338
75 86 1848
5 26 513
39 74 1125
67 26 2470
10 26 1896
60 75 6756
28 26 2773
33 55 4981
20 61 8421
85 86 9318
94 99 3435
45 1 362
97 1 571
43 30 5916
38 23 790
38 76 8895
50 83 5846
89 39 2436
18 90 6089
25 24 8318
28 51 1866
59 90 4024
2 73 7191
29 70 4397
50 22 4493
89 72 551
65 64 7550
10 71 6743
100 30 8637
21 65 449
2 71 8080
79 1 484
88 86 7313
16 79 5557
76 26 2953
17 11 9208
49 41 8664
96 97 5726
91 78 541
4 27 3437
96 100 1395
19 1 3975
22 79 3798
60 1 8317
57 48 6242
37 46 939
63 90 7212
57 3 2087
11 12 3374
91 69 3300
37 64 404
6 11 1591
27 61 3675
97 32 3946
13 44 5987
58 62 8168
30 51 4496
28 36 9888
7 95 1262
77 99 3132
17 48 6689
41 64 9342
72 71 9967
77 3 4001
25 3 1250
75 88 2920
19 43 9561
8 16 9913
19 96 4997
31 20 101
17 87 3349
67 32 6391
57 71 427
13 63 3498
2 31 4707
48 94 6668
18 97 4436
58 71 1918
76 22 5106
53 24 7809
72 32 1569
89 98 1861
67 89 9399
28 98 5244
94 65 5806
19 32 1738
50 76 9763
91 5 6654
74 78 1625
14 68 1024
55 70 6137
92 81 8313
80 69 6717
18 40 6104
6 53 2314
4 1 7966
54 22 9023
44 66 8226
91 65 7879
33 100 4019
95 73 8326
82 93 1227
29 30 409
36 86 8752
47 34 1077
34 1 1467
43 72 1771
49 94 5512
2 45 3385
67 27 6876
6 22 9673
60 86 1305
99 22 5088
26 95 9071
94 70 6548
81 63 893
1 27 7160
36 69 2662
28 31 3898
38 89 8785
25 34 3686
85 99 35
16 98 3449
24 68 6754
38 51 2490
42 84 2114
42 66 4720
38 46 1512
98 87 339
54 70 2598
23 87 1882
6 4 5016
77 1 176
80 21 8642
22 58 3767
36 58 1252
78 62 108
44 65 1889
48 20 3116
52 37 9844
92 5 5116
85 16 2788
43 80 1149
93 59 203
19 15 8210
74 64 4048
11 58 7448
93 21 5370
41 45 6710
36 18 1345
53 45 506
1 50 6747
52 78 1379
34 84 3954
32 90 3500
18 29 3868
16 68 2420
5 78 8219
98 64 1731
10 59 2758
23 31 7168
18 22 9964
52 91 7774
58 74 3696
70 79 8605
8 86 7892
31 37 1299
17 94 8713
4 45 9781
25 17 766
10 64 8556
52 61 1248
62 84 3553
37 20 6056
8 23 1451
74 9 1763
31 7 104
67 55 8898
96 64 7132
57 58 6813
33 32 6594
22 3 7637
43 5 9911
57 43 4325
39 40 7942
91 35 3410
11 37 8192
32 64 361
38 84 7981
54 15 6275
7 30 3119
1 19 1500
28 17 6238
67 72 7244
75 40 1547
99 53 1195
6 65 5135
93 32 2846
49 83 6259
53 74 1267
59 12 3611
33 74 4814
36 27 8867
28 25 3516
54 64 7222
15 62 317
14 45 5278
10 63 7325
5 55 5566
54 92 8761
45 21 489
81 95 2159
52 5 2749
6 10 399
80 58 6483
38 41 690
97 73 160
40 47 1027
94 26 7403
60 76 4492
2 35 3653
52 55 6873
57 76 5992
25 38 6242
25 46 4116
16 41 7538
4 88 7436
43 91 5602
77 73 6735
77 20 3694
50 20 3221
100 74 6698
95 56 4860
6 39 2087
17 23 6565
74 30 2081
67 48 8755
99 21 1842
38 21 9405
100 83 672
42 73 6954
38 100 6245
77 39 9182
98 32 9702
57 63 2995
38 50 2017
12 9 6743
67 39 3154
75 66 9395
23 2 497
99 27 7646
14 86 3047
33 23 7369
86 71 9989
6 100 9288
87 62 7836
54 47 3878
97 87 3076
6 5 3438
38 95 6965
28 93 6769
57 81 3010
99 7 14
24 46 1628
91 14 1448
7 84 6578
50 81 60
91 63 6554
76 24 4771
17 78 5816
94 35 7225
48 64 1724
37 62 2060
1 56 2758
54 45 7777
67 74 5054
38 3 4774
52 3 871
45 20 4560
1 96 4168
37 71 1368
36 59 8557
19 17 3566
22 68 8736
50 1 4897
80 74 2854
49 45 6572
17 50 8774
22 78 5929
76 64 6361
1 69 2090
5 98 9049
38 62 5722
28 37 2103
38 83 7029
80 53 7169
25 22 5032
43 71 7088
16 9 74
8 79 9802
43 21 2904
94 98 3650
11 20 7877
89 58 1315
69 62 6407
18 61 5653
31 1 2721
14 89 7533
9 35 6524
61 78 7280
42 91 1700
38 20 4243
99 39 2188
6 92 5266
25 23 2978
19 90 7084
41 30 4471
76 9 5901
93 63 5857
54 26 6751
44 7 8613
88 1 4299
36 73 5799
29 51 4334
29 86 6401
10 95 9179
59 15 7854
80 31 1433
49 47 6267
82 69 7927
28 95 7586
23 1 5522
47 35 1576
53 87 5463
33 21 3188
85 47 4335
43 62 1115
41 5 5908
2 22 1867
29 3 3990
29 98 9539
86 1 9918
8 85 8232
72 56 1726
99 37 5183
73 71 7562
7 71 8809
89 32 6005
43 92 3462
55 27 1018
27 84 2755
1 65 2075
14 30 5316
11 10 4906
81 66 2760
91 96 8068
80 71 4084
48 53 614
52 73 5852
16 95 6702
21 86 8540
32 78 3438
94 83 8575
44 63 6468
49 3 8900
87 21 1763
19 76 802
75 31 6366
19 98 4022
3 1 9020
13 21 356
18 74 9913
14 44 8937
1 5 4939
23 90 7990
38 56 4120
45 79 8852
42 37 6799
36 61 6476
60 81 2314
31 26 4168
40 84 9231
58 86 740
81 84 9483
93 69 488
68 15 9851
29 22 3902
51 1 923
17 31 464
79 59 9754
75 62 7625
38 90 5356
16 59 3191
1 37 2551
95 24 1823
32 15 8442
57 72 665
52 77 8976
18 92 4807
5 70 4687
11 3 7995
67 44 1514
51 71 951
43 98 6931
25 4 2805
60 26 8940
38 96 7402
13 20 1656
92 53 2090
75 35 3878
12 3 3969
4 89 6257
1 39 9460
85 21 1060
4 35 2091
81 35 6299
57 62 911
14 21 5993
57 61 7221
94 68 7726
41 98 5746
1 3 4845
2 15 3081
10 22 8936
77 44 7396
98 12 1255
82 34 7377
92 35 4412
60 72 6582
71 84 8535
31 72 9098
14 81 4576
10 97 49
54 83 6400
82 47 7859
39 79 2853
99 75 5340
97 86 5260
76 95 860
43 89 7429
6 85 5489
89 35 1181
92 46 38
42 83 1300
85 68 2240
1 20 2128
77 89 7598
89 73 9502
48 93 8120
52 39 4819
4 77 3580
69 46 3865
61 46 9663
33 90 3012
52 22 9152
41 88 3410
39 29 4267
19 39 2880
9 64 7822
44 1 848
4 63 7767
24 66 3271
98 59 1776
95 15 4167
1 12 6023
39 70 9634
91 58 3371
7 62 1362
53 55 1245
60 13 4230
8 68 5142
37 27 3086
67 53 5410
85 30 1531
28 87 4385
16 91 4002
60 42 3659
94 39 1983
5 100 3503
17 83 8130
23 89 6801
13 73 3434
27 71 8347
45 86 2815
14 87 6446
79 32 7498
64 3 2577
69 1 712
5 62 6730
24 86 6750
36 83 7911
96 20 4496
60 83 6372
6 45 9686
14 73 5014
17 81 2394
43 42 5671
10 70 8384
11 54 107
73 83 3268
97 55 2613
55 64 5249
37 87 6353
80 50 8023
2 1 6779
8 32 737
4 46 2024
48 58 6789
32 66 2719
13 69 1878
93 12 4919
52 74 5871
50 78 5312
56 3 3265
87 51 5038
60 79 1757
42 62 7114
58 56 7614
18 7 8820
40 61 195
41 3 715
54 69 3082
82 73 1042
67 80 7086
11 50 9120
43 63 6055
28 59 9480
57 98 4790
70 32 4438
48 39 9586
60 4 8057
14 9 7051
24 88 1186
82 23 761
92 55 1425
57 89 4317
47 73 1498
39 81 3448
86 35 7457
28 30 568
19 73 1677
37 24 2375
6 60 2791
31 71 3340
54 79 1991
91 34 7828
80 22 1448
81 62 9105
26 9 1793
33 13 267
60 50 9299
99 66 2507
61 3 9701
28 71 341
29 56 9592
34 71 8820
30 1 2747
23 58 5423
96 41 9961
96 15 7185
27 15 5009
80 34 4370
4 12 587
99 34 2546
85 87 5130
28 70 2011
17 67 3214
97 56 2979
17 85 1810
57 5 671
89 71 3547
52 75 3486
39 61 9397
46 62 2689
16 61 6826
39 55 1388
92 56 516
39 22 4625
28 90 6844
81 68 2308
36 77 1244
60 18 6142
75 3 4814
96 3 944
13 26 2834
5 86 757
27 20 9763
70 9 5581
27 9 6180
60 64 9723
33 15 9117
25 59 7540
68 35 4092
50 61 9703
87 9 6437
75 78 9222
76 65 1713
78 9 9651
26 46 8552
60 14 3522
31 30 6673
23 86 2098
1 28 3359
37 73 6069
24 98 4786
13 41 6536
76 98 7456
57 54 1653
95 84 1161
42 56 4299
93 78 312
54 75 2404
12 64 6793
82 13 1477
1 64 3347
38 61 5978
91 89 2234
57 29 3109
81 51 7910
92 66 4765
57 26 9183
89 70 7026
30 9 2304
8 58 3275
6 29 6728
11 60 8740
89 64 8848
8 13 4792
56 88 4742
50 56 7399
60 21 8313
92 59 1414
55 3 5849
89 41 1672
92 61 3835
33 20 6986
2 83 4559
53 71 1290
6 18 4991
40 21 5719
40 34 1941
52 58 5302
22 27 8122
46 90 5085
61 69 6779
76 15 1468
36 96 7414
25 88 5364
93 95 928
96 86 5324
60 27 128
48 79 111
82 61 2349
25 64 8783
40 20 9737
36 13 5429
76 61 7522
53 2 4936
49 81 220
48 41 8616
63 21 8686
40 76 4885
82 88 29
56 87 4534
96 53 2908
100 46 3863
23 51 7872
40 63 7466
15 84 1505
53 81 2862
40 29 3185
80 40 9797
32 62 4515
53 12 7658
81 87 1233
85 55 1293
94 47 9126
19 92 8646
31 70 3008
54 99 6405
43 82 321
78 90 9487
13 29 2867
48 56 9022
23 7 8269
25 75 2603
24 61 4450
76 78 2143
61 84 7538
4 76 1021
5 3 758
25 11 2576
4 92 2257
79 90 7138
97 88 7109
52 34 5164
19 64 7353
33 97 1332
47 62 8982
43 32 8857
98 9 4193
1 61 8518
81 1 5005
17 86 5060
58 84 6175
50 9 2589
43 13 6352
2 29 1652
4 34 7586
59 35 5712
27 65 8057
16 65 7907
19 74 5198
38 4 923
67 24 6928
100 45 3467
20 74 9878
21 34 7729
57 80 5609
67 15 3767
38 65 5101
18 53 2718
25 47 6342
19 82 7358
76 79 9855
18 10 9803
81 30 8873
17 29 7207
10 100 1134
14 61 4206
31 51 2415
8 46 1679
75 56 2723
40 58 3771
31 3 6738
17 62 8898
52 87 6359
67 42 9441
33 22 6901
56 66 3945
49 13 1504
40 65 1309
37 51 8203
13 61 6702
10 93 2232
19 75 5130
92 72 6520
33 63 8461
13 45 9210
74 90 8480
1 71 2227
85 12 4310
10 87 1197
48 77 4921
27 1 1667
79 87 7403
24 64 4723
85 91 6892
48 61 962
52 64 2208
56 71 1097
36 55 9728
42 24 238
6 41 3820
61 90 3499
82 40 6975
92 65 9069
49 6 6209
49 19 2768
35 1 2321
4 70 6505
68 71 4271
14 40 3630
31 84 4707
32 69 7324
25 62 2213
7 65 6188
22 46 3843
6 73 673
26 20 5397
24 15 2322
48 76 9251
25 61 9707
57 79 3518
56 35 523
16 63 7725
11 72 7273
6 88 1597
67 16 4616
43 84 8234
75 84 3805
73 68 2065
19 42 7961
41 9 4042
36 92 2236
13 97 1459
34 12 7369
59 34 7656
31 66 4020
55 62 6488
1 66 9976
45 51 524
23 83 7110
40 98 9957
26 98 5231
100 12 4434
36 37 2169
49 97 1418
91 24 8276
33 83 9193
100 15 6815
52 1 598
28 21 4796
85 10 2873
50 65 467
40 30 5318
45 88 597
31 95 7739
19 68 6915
99 58 1565
4 21 2324
23 72 7071
40 5 9981
35 71 285
95 66 1112
10 73 2216
28 47 8095
50 45 4832
92 12 9871
78 35 2114
19 23 7671
94 95 6198
95 68 2638
92 34 4781
13 70 6155
45 73 4220
53 40 9214
63 69 8323
42 3 1989
36 41 7489
23 32 3868
60 59 5155
97 95 4438
46 35 8663
2 69 8027
58 98 4905
6 40 3980
39 21 4976
4 98 8995
54 63 7246
10 54 2892
16 51 1319
44 87 4316
92 71 2872
76 21 7955
72 90 1780
49 23 5087
97 75 6049
99 69 2963
75 26 1309
33 39 8163
31 24 634
23 76 7506
37 72 7152
72 65 5414
85 75 12
19 69 1371
53 66 4627
41 68 4687
26 86 9711
10 27 8467
57 53 8554
52 13 4866
5 66 2905
19 22 7216
44 2 2892
50 62 4161
55 32 7547
67 98 4219
67 66 9507
77 63 1145
6 20 7110
99 63 825
49 71 5460
37 21 9981
38 48 8779
82 31 3591
82 89 1419
29 62 1180
66 3 6554
10 47 2727
2 79 9342
1 13 7187
49 33 6585
27 12 2845
36 52 8952
36 5 6596
20 30 567
36 15 3578
42 77 1282
33 3 277
31 76 2044
33 91 6187
94 7 5142
77 75 1300
17 35 9754
82 21 4386
56 69 5460
6 97 3653
8 11 8604
7 21 4967
30 34 4797
96 27 5714
97 100 2143
58 65 6608
14 71 5694
44 70 7274
44 83 199
38 55 3465
60 89 8453
7 87 6752
77 35 6191
66 59 4146
44 24 290
10 51 9127
80 97 6990
43 46 9241
17 20 2075
1 74 7556
51 35 2818
91 88 9708
92 21 7832
11 70 1213
92 95 5895
23 47 9326
50 3 2513
60 39 5648
28 2 3711
44 74 4324
27 35 5652
27 21 2314
33 53 5642
99 93 448
1 36 8027
31 68 4137
25 72 7056
49 57 73
28 19 1410
57 34 7254
88 69 3537
91 70 6214
32 59 357
96 23 6079
5 87 359
16 62 6998
61 9 5206
31 86 3700
36 99 6238
25 31 7280
94 61 1255
96 98 5407
90 71 6987
47 29 5438
96 35 2971
52 20 9233
60 9 4763
80 72 1835
41 100 1233
48 98 8473
77 30 6159
97 3 6884
43 31 787
44 27 8152
25 5 7332
91 56 5165
67 12 2288
48 62 739
17 84 5237
50 99 49
28 46 4344
43 24 5125
50 70 2614
14 3 4700
8 5 1204
55 95 2972
28 27 1697
37 88 2761
80 61 3023
28 23 4286
94 12 40
14 34 629
85 29 9692
52 88 3378
75 46 6067
57 46 2662
91 12 8963
73 9 7181
98 62 4497
100 32 195
34 9 5654
25 26 7007
10 56 7078
28 5 2792
80 42 1510
1 2 761
4 62 7956
40 87 3798
44 73 1499
1 87 9545
85 52 198
6 80 5842
82 86 4669
5 46 2812
72 58 6893
43 95 5872
47 90 2135
99 44 4941
55 1 8632
22 71 5158
20 32 9226
49 5 5023
92 76 2138
91 83 5269
57 39 4753
27 64 8204
48 78 4283
57 75 3715
40 2 5385
52 89 5131
42 71 261
55 51 7390
89 45 2137
27 87 7338
27 51 181
97 35 9998
96 95 4451
19 86 4488
73 98 3795
12 51 5949
11 48 4032
11 100 345
94 5 8143
45 56 5053
2 76 9508
7 90 1387
74 79 924
49 18 7994
16 37 2680
18 30 5908
18 76 3151
11 46 8257
38 13 7282
43 56 1641
89 40 3526
5 59 2034
85 59 9844
79 34 4160
11 90 2100
94 74 1580
30 84 9290
19 11 2360
48 63 8969
33 41 7778
19 36 6050
90 51 5501
25 77 7775
36 26 500
29 27 6341
44 78 7922
18 32 2800
100 20 372
5 73 8266
78 66 7294
36 100 5424
99 47 4125
85 18 8681
57 56 2700
22 21 2118
1 85 7712
18 5 4959
19 38 1621
91 100 5968
11 30 2240
7 88 3261
17 38 5845
10 9 626
48 74 9456
50 14 4
77 61 2725
17 75 1036
24 87 5645
86 84 1437
16 1 6356
91 51 3422
49 11 7486
65 1 8209
48 95 7549
36 98 7985
17 98 4549
8 84 5470
70 34 784
96 88 1272
33 27 87
96 7 4430
57 27 3048
99 95 4211
92 39 3110
16 55 5747
41 95 6328
8 69 7173
36 35 7057
49 95 4300
23 66 3140
11 99 9296
8 33 7560
48 91 5337
8 61 6273
37 76 7016
31 78 1692
33 58 8998
33 10 8051
82 4 7337
40 32 6786
37 22 758
77 55 758
100 78 4271
6 78 8966
45 59 8306
14 46 8607
80 65 3514
48 96 127
60 58 9390
42 44 4786
80 12 213
10 55 3819
68 1 7833
10 12 775
61 32 3280
23 27 9931
43 12 7103
18 77 6804
53 56 6987
69 34 1402
8 72 9944
4 86 2634
50 58 5314
10 58 1632
29 47 25 72 27 96
