200 278 7
151 121 7949
174 31 6368
60 1 342
170 1 9748
178 10 9281
96 199 284
58 140 5946
86 30 3652
7 172 6237
21 126 2552
92 173 6425
31 1 4992
123 109 2240
47 62 5142
102 14 3366
185 1 6195
74 27 3726
67 25 5312
169 48 5386
110 105 9720
155 1 2058
44 84 7466
14 198 6646
175 1 2622
144 1 7926
133 167 3869
133 110 5087
148 196 3042
179 162 7785
117 18 8774
178 180 4124
153 1 2085
67 8 1493
161 141 818
2 148 8185
149 35 773
115 182 7453
196 78 4130
166 1 776
118 147 3690
69 104 3033
38 1 3552
162 174 5033
28 155 5273
59 12 8694
196 57 8398
47 58 7819
65 86 8771
106 36 3710
140 1 3204
26 166 8491
99 81 5767
194 191 670
122 19 1488
181 15 4740
156 74 4947
133 44 1708
17 113 9827
192 43 7988
192 152 9492
4 1 4952
45 1 8464
137 1 7929
180 1 6444
68 1 5633
64 165 6113
29 37 3569
33 156 3085
32 163 242
131 22 4344
16 42 6774
199 178 9626
120 1 7896
131 64 1806
95 20 1250
102 77 2941
86 50 6556
143 72 9069
111 128 8063
55 1 265
61 46 2272
86 115 2905
25 1 2383
46 16 9293
11 1 4392
96 41 3475
106 131 591
115 11 6099
10 1 9653
112 1 4931
70 65 1943
109 1 4604
116 200 3394
143 136 9871
2 21 7399
58 34 9026
63 1 2335
47 49 967
71 52 8462
114 142 2576
39 1 1663
150 80 1588
56 1 8553
32 139 5910
73 1 9745
43 102 9803
105 1 5202
198 1 6300
158 1 8871
69 68 3264
187 1 2916
172 154 7494
3 1 6169
157 135 1651
80 1 3139
197 127 6912
94 1 5125
24 1 3729
78 40 9363
152 53 4777
91 1 8659
22 66 1305
49 194 5732
124 6 8404
162 56 1175
32 189 3130
186 51 3781
164 79 3509
75 17 449
97 1 8595
152 183 2436
66 137 2111
107 158 182
18 103 7340
88 107 8020
53 39 9926
52 69 7142
163 1 3221
192 71 6226
171 138 6012
72 1 2836
79 1 5493
181 29 9858
48 23 5356
58 187 7143
127 1 2996
171 122 2268
30 45 8619
89 5 3076
169 143 1630
19 97 9747
160 1 8087
2 89 9286
27 1 5478
8 1 6490
200 106 6812
159 1 4960
154 1 6623
129 1 6672
15 129 5408
125 100 5217
87 70 5459
152 164 7518
176 55 1750
138 175 2798
83 1 1889
49 157 1675
100 1 9940
23 177 1461
42 192 4252
84 1 2303
139 1 648
135 1 9745
136 1 2160
7 145 6004
167 144 3239
195 59 5155
82 1 4623
132 1 8210
1 116 8231
52 176 6252
142 1 7956
188 1 6317
181 149 5537
165 111 9786
131 90 9158
5 132 8700
193 96 4745
184 61 2132
103 186 5371
35 1 6504
183 101 3700
103 7 829
168 159 4021
90 76 5449
90 38 3626
6 1 2261
156 146 3476
182 1 3565
62 114 3721
28 130 7727
179 118 5868
20 67 4368
193 54 3823
41 195 4379
46 117 6723
151 91 3414
115 83 9534
96 179 1345
104 1 1623
93 1 4116
95 75 3948
57 82 9578
172 93 6784
28 170 5836
146 1 5715
14 119 2293
191 185 4535
103 32 459
168 112 4425
36 134 9905
95 171 6962
65 181 4476
186 108 733
54 2 7334
128 1 6277
161 133 4359
173 1 9594
119 1 9752
147 63 4275
126 33 9666
5 160 3830
145 1 6494
116 85 386
113 24 7653
130 1 873
125 13 7108
169 28 7418
37 1 6758
65 169 4805
118 188 9040
134 95 873
13 1 8752
66 153 4969
46 87 4008
190 1 4588
51 120 684
102 125 6300
9 168 9122
121 1 7494
40 1 7076
178 151 9027
62 60 808
177 1 7904
189 1 6111
108 1 4493
196 123 4180
165 124 6821
85 193 439
12 73 3931
106 161 1096
101 98 104
50 3 7760
81 1 3941
141 9 6841
9 92 1764
149 150 4813
90 190 301
77 26 5533
59 99 1570
18 47 5105
52 197 4572
5 88 8794
98 4 3856
7 94 5893
76 1 2801
34 1 8443
1 184 2928
121 186 79 36 97 127 193
