200 262 7
81 138 9556
123 195 3931
136 145 6200
45 12 8574
5 84 4589
84 88 9497
50 73 6758
22 75 1546
170 151 8561
85 86 8996
125 1 6121
86 125 4643
35 2 720
147 119 573
114 154 4628
44 23 5467
180 1 9877
149 169 5634
150 5 9287
195 67 275
76 120 1588
7 157 5250
56 26 5343
110 139 8964
27 183 462
10 1 7974
14 171 5811
148 1 1307
48 1 3461
24 1 5931
5 72 9646
60 89 3016
63 1 9861
16 47 5846
11 177 7941
136 48 801
171 158 5342
18 1 1051
138 117 8698
135 1 254
120 159 6398
122 129 4818
8 180 1249
185 31 3469
181 85 1743
124 103 2228
115 108 8935
107 190 7971
128 163 7862
100 32 4573
93 70 8245
73 8 5801
111 91 6175
127 1 9939
154 118 4765
121 149 6636
171 81 4265
54 1 6927
105 191 7942
15 144 7725
13 1 2857
69 21 7587
95 113 7093
59 176 9069
79 1 9784
164 50 1385
161 186 6221
199 137 5125
69 112 8787
146 1 4918
193 200 1731
138 92 5184
28 62 6088
186 141 2979
98 172 8652
89 164 4182
175 143 1558
157 60 3938
109 1 8504
103 99 9419
73 156 8511
105 182 6748
25 42 5220
5 56 4685
93 11 3039
51 53 6336
37 1 1320
2 1 7303
3 1 3262
131 82 5613
153 178 1379
100 115 2471
183 96 9551
182 1 4823
120 179 7891
173 1 9335
69 25 6208
23 1 464
22 94 811
108 1 4994
80 1 5381
81 152 8893
200 1 6530
35 18 7820
118 1 1871
197 1 5181
38 194 2001
34 197 9781
189 166 5471
53 1 504
145 1 9199
6 1 3981
177 13 3604
140 1 770
55 64 5017
82 1 6642
130 193 3457
164 107 2688
137 10 3944
95 93 3071
132 80 8300
77 52 1674
12 1 5541
20 198 4202
83 155 6497
190 132 9783
76 22 3536
111 66 2704
97 1 246
111 45 699
124 34 4049
58 57 1979
141 160 9591
72 16 578
128 17 9798
61 148 7814
43 1 2111
155 174 1799
190 110 7594
4 122 7581
119 1 8654
4 187 3144
47 109 7913
32 78 2257
172 43 3914
52 1 2929
158 133 5250
38 106 7370
192 1 1968
168 97 9193
70 49 440
88 131 6619
27 46 7219
29 127 2332
4 140 820
87 51 3715
62 9 8467
30 192 4356
20 185 2770
20 196 8712
91 173 1406
137 24 3170
26 30 690
71 114 996
139 1 3748
163 1 488
106 20 5161
159 1 2210
41 1 8638
39 1 2754
33 116 9790
21 102 3643
174 153 5898
112 54 7702
117 162 5900
176 41 6163
19 1 6982
198 87 1149
134 98 3532
78 1 8949
151 1 6694
179 1 324
64 39 5567
65 161 3912
36 14 2655
116 77 6386
162 146 3978
156 165 1121
101 1 7093
84 121 6747
168 74 6185
143 1 8498
104 123 9916
196 4 3226
31 147 5846
81 76 15
175 6 65
1 7 1006
168 90 2224
144 1 8702
165 1 112
67 61 8365
178 3 8697
174 59 6009
68 1 6066
142 126 4596
74 19 2171
100 29 9399
184 69 2096
40 124 2054
35 79 8347
136 188 5141
167 135 2377
46 36 265
7 38 5404
96 95 1384
187 1 6651
17 1 9381
160 35 8856
57 130 95
129 1 2479
152 100 5040
67 44 4945
42 68 8747
188 1 4618
90 1 790
96 83 8761
71 55 4682
56 128 8147
102 1 7337
50 58 9736
1 27 8258
174 105 5701
49 37 8432
166 1 618
184 28 8119
72 199 9379
190 33 9140
158 40 7517
95 65 1474
124 175 7546
113 15 5864
99 1 2967
60 150 6274
191 1 2480
126 104 8370
194 111 7657
113 170 9130
133 142 4103
113 167 2865
71 168 5577
83 71 6581
194 134 4256
169 1 521
66 101 5327
94 1 8873
134 181 7662
175 63 4088
9 136 3555
92 189 5808
38 184 7776
75 1 9642
168 160 58 151 140 132 6
