50 67 5
15 21 336
31 18 4511
43 22 4847
46 43 4121
50 10 2937
50 30 4311
15 44 1886
7 1 9121
3 40 4035
35 7 3891
23 19 1294
39 1 9514
37 25 1808
21 17 4495
11 1 8350
29 11 8493
8 2 4810
2 45 6173
25 1 9936
42 46 613
16 39 4186
30 4 2447
38 1 2844
20 6 3367
8 14 1351
1 20 6676
44 13 7479
31 12 2952
17 1 647
4 1 1930
32 1 7951
28 1 982
41 29 2792
26 1 9149
1 42 1454
22 28 2081
5 41 3460
27 26 3340
15 27 1201
12 34 7494
6 15 7230
33 1 8846
48 1 3359
36 1 9037
10 9 3340
50 49 8060
18 35 3882
43 16 8149
40 1 4232
14 31 3817
24 1 5114
20 5 8417
42 50 2615
49 33 4309
9 1 1783
45 32 3966
23 24 985
5 23 5614
23 48 3269
19 1 1631
1 8 7543
47 38 1220
43 3 8965
2 47 6686
13 1 368
34 36 418
2 37 8766
13 29 47 48 46
