50 66 5
47 15 2482
48 1 2070
31 22 4905
37 1 9822
14 3 3405
43 1 2601
15 16 8444
39 11 5904
4 21 2678
42 27 2853
36 48 9746
17 10 8213
12 36 8579
22 49 5122
21 45 393
46 1 1044
1 5 4469
26 38 3980
25 43 9073
45 1 766
12 26 2427
9 1 1522
49 1 3681
35 14 1598
36 46 4903
20 29 1053
33 42 6055
7 33 324
5 7 4294
42 40 3793
32 1 7264
26 41 6775
27 23 2214
44 1 2168
18 25 2948
13 1 1971
2 1 1120
16 18 1391
30 47 4226
38 19 149
14 39 596
47 34 3971
34 4 8361
41 2 9174
4 8 9092
8 6 8753
5 12 217
6 1 9912
29 50 9084
28 1 5642
1 30 678
36 31 7862
50 1 3515
23 44 710
40 28 9460
11 1 8417
20 24 1762
42 17 1866
10 13 8740
16 35 2407
18 32 2010
19 1 6004
3 1 5533
40 37 576
34 20 4523
24 9 8481
19 6 23 31 44
