50 68 5
50 48 2590
31 1 5449
14 1 4799
40 27 7050
50 21 8012
30 17 5023
42 50 6959
16 1 3570
15 1 4797
35 43 5391
32 35 5322
21 49 8902
36 29 3309
34 31 810
41 1 3057
20 13 783
5 1 9668
25 8 1405
22 25 1998
39 6 6674
29 1 2581
40 2 7112
12 33 7939
43 1 5356
27 28 9703
18 41 4485
4 1 6140
38 1 939
49 1 9526
3 1 702
13 30 4784
45 1 8467
10 1 2503
25 32 9582
11 44 5516
23 1 6866
17 5 4604
19 16 8826
6 1 436
42 11 5752
42 18 568
2 39 2109
11 3 4654
27 24 3877
8 9 9270
46 45 7710
25 12 4659
1 20 8937
7 40 5467
28 38 6656
37 26 1963
1 22 8047
44 1 3767
26 47 9901
8 15 9754
18 23 9821
47 34 737
20 7 5893
33 1 7112
22 42 262
9 1 2947
12 19 1895
30 36 5080
48 4 1801
13 37 7828
12 14 6948
24 10 8666
2 46 8783
10 5 27 17 36
