20 209 3
15 16 9572
5 8 857
10 1 5951
19 13 9895
1 10 5675
15 18 6005
7 14 9240
16 14 3474
11 1 7302
8 1 4048
2 9 5049
18 3 9007
11 17 6793
7 9 9917
14 8 2825
19 12 8454
2 17 1104
9 17 8767
2 3 5007
8 20 2148
1 12 951
12 8 5878
15 12 7458
5 4 6102
1 16 9178
2 5 3711
14 1 5907
7 1 428
19 10 2733
6 18 6252
7 4 35
15 6 8656
16 5 7108
6 8 5985
7 18 4903
8 10 9134
14 5 8341
16 7 494
1 20 8959
2 14 1994
2 18 4542
9 3 4008
16 20 1001
11 7 1334
19 8 3924
6 20 3825
6 14 6140
12 17 1379
7 3 8943
19 5 7498
6 1 9879
18 13 9893
16 9 9728
4 18 7336
15 11 2346
12 20 8905
4 13 7399
19 7 4605
19 3 5684
19 18 131
3 17 856
1 19 5719
16 17 5139
11 10 4315
2 1 8055
1 17 41
20 13 3448
20 10 6396
19 2 534
2 13 2406
2 16 8389
20 18 1427
19 20 6413
6 9 9389
3 10 9113
8 13 6689
2 7 9566
11 4 5252
8 18 4419
14 3 8508
8 17 2749
6 3 4297
5 18 4753
18 17 2476
5 20 7985
12 6 3450
11 8 7732
12 14 5383
7 8 8054
5 1 3416
1 3 5513
16 6 8909
8 9 9134
15 2 7003
4 3 9575
14 4 3540
19 4 7043
19 16 3022
18 9 9935
14 18 3929
14 20 1780
15 4 4676
2 11 1707
5 10 4544
7 5 416
7 10 819
5 13 7584
11 6 9981
15 10 6070
2 20 2003
6 13 4841
14 13 5171
17 1 2651
16 8 5945
1 15 7646
20 9 635
1 2 9394
15 14 1730
8 3 6017
1 11 7448
15 1 5145
1 4 7882
11 3 2708
1 14 630
1 18 4884
5 3 2283
20 1 4169
19 15 8279
6 7 1656
19 1 456
11 14 8559
9 1 9787
9 13 1483
2 6 265
7 17 683
3 13 1898
1 8 1084
19 9 8266
2 8 8231
4 17 3505
3 1 268
9 10 3071
2 10 8675
1 9 9271
14 10 5367
4 9 2673
6 5 9905
12 4 4760
2 4 4402
19 11 5922
19 6 8559
12 3 5898
15 5 3803
12 9 7619
18 1 6527
6 4 5038
11 5 9901
17 13 695
12 5 3316
15 3 7908
17 10 7502
12 10 8226
5 17 4047
4 10 8984
6 17 8491
16 4 4729
20 3 882
14 9 5926
15 13 2994
11 16 5464
19 14 9430
12 13 9614
10 13 4886
4 8 4457
1 7 8884
15 8 252
15 20 3481
12 7 8788
4 20 5011
2 12 4234
7 20 1061
13 1 9922
15 9 131
1 13 1215
12 16 7540
6 10 3009
16 13 6253
14 17 3792
16 3 3703
15 7 5920
12 1 8051
5 9 7557
1 5 4146
15 17 2097
4 1 6540
11 18 8988
16 1 6825
1 6 3773
12 18 4913
12 11 6171
11 20 9236
11 9 694
11 13 5784
19 17 4121
16 18 1502
20 17 1019
16 10 724
18 10 1334
7 13 6158
12 10 13
