500 507 5
101 366 4359
196 364 7928
94 22 9100
458 347 6631
18 131 489
242 423 3251
28 430 3809
11 260 1967
496 211 4418
74 138 7241
321 55 8344
228 110 7296
248 397 2932
45 411 5260
194 358 1938
224 1 6503
412 8 8236
387 94 7058
436 131 4246
437 188 8500
359 406 3029
444 341 3768
70 387 2803
216 481 401
61 30 4689
88 473 6939
314 395 9389
219 343 2520
419 14 3863
348 361 5092
37 135 8363
251 273 8221
259 268 3019
40 101 7462
475 371 1203
32 176 3507
13 148 7065
116 165 5012
310 380 1826
282 271 7834
302 363 8604
468 13 6521
416 240 5129
311 441 1535
423 377 1781
151 308 7066
364 446 8037
31 65 16
408 288 476
263 51 8634
429 495 4867
440 385 3504
57 428 8754
460 416 4022
212 345 256
162 86 3442
135 56 960
285 274 9644
283 282 5961
175 301 4823
334 224 4736
50 419 4323
499 258 9395
119 269 4106
497 196 8137
173 404 6950
478 290 3965
492 451 1553
87 133 8313
252 156 2142
432 484 9386
67 177 6916
379 25 8662
347 130 867
373 111 4802
189 12 442
430 64 4284
129 136 2839
464 398 6810
443 493 4759
69 407 7824
434 367 8028
281 443 4615
451 73 6577
16 132 2049
166 108 4870
377 294 18
218 121 9361
393 400 4514
439 305 5979
210 11 535
428 187 5601
407 457 6653
414 200 9929
268 320 9706
390 153 1141
179 242 3230
342 246 22
80 114 2693
352 212 1542
186 408 2163
402 412 8431
341 42 4809
182 53 825
324 170 5649
411 370 9611
95 214 7618
422 389 9932
417 168 8801
500 496 779
206 18 1043
246 154 6624
154 247 8807
106 34 2009
486 302 3201
234 414 7207
7 461 6878
279 98 9570
299 155 6567
236 369 7743
140 355 5548
233 83 7101
271 319 3343
409 201 2201
63 298 3382
25 184 9401
197 278 3341
102 381 6611
128 9 9422
168 237 2386
211 28 4505
256 303 1585
345 241 816
17 355 5665
308 275 8761
300 376 6464
176 126 1627
192 232 6378
466 122 2747
46 264 6779
1 263 3509
213 445 141
117 20 9755
60 5 2315
328 48 2149
143 1 2955
10 134 5873
103 474 9027
163 427 8876
360 307 2440
112 19 6769
34 253 4424
254 76 5892
51 38 6464
159 39 2976
29 207 5625
465 47 5864
35 485 2668
43 261 8588
461 490 5285
288 456 5053
171 459 9444
14 152 3221
59 21 2220
442 362 5108
200 238 8333
356 475 5035
56 113 3087
258 4 1063
184 44 7782
483 7 9865
388 31 4571
127 178 4274
19 60 9619
155 50 6885
53 424 6423
357 71 8925
337 236 2757
77 81 1801
190 195 7801
413 350 1548
18 321 4921
130 15 8576
380 58 3792
325 344 1384
438 285 1551
49 70 9416
488 324 3599
82 322 4218
76 286 8003
404 235 5236
226 277 9271
405 420 3798
89 164 4808
353 223 7842
109 469 8906
381 59 3141
470 462 2877
201 32 8344
474 450 4203
161 434 7010
332 435 8208
289 248 8773
113 295 1283
274 36 4179
473 142 2009
467 314 4057
294 480 9455
66 103 4765
315 82 5857
305 69 7255
38 186 2665
309 316 7130
260 172 5830
33 494 6456
81 87 4865
98 91 3732
286 270 2223
426 234 8464
205 449 7950
362 499 6578
372 180 3699
276 160 3572
62 483 375
79 386 8506
107 139 1413
425 296 5632
287 479 1646
363 226 4289
221 292 3975
152 492 2200
329 356 7650
149 162 8535
207 205 972
304 478 8933
385 342 2713
490 40 2980
290 332 9341
454 306 2167
494 477 4097
456 287 5198
316 104 5774
71 373 6761
180 299 8679
72 197 7955
146 213 9568
272 239 3543
147 57 1687
344 175 1790
92 192 2006
255 498 5988
340 106 8367
136 279 2056
165 436 9559
47 27 5094
23 391 562
133 143 7323
41 182 725
244 336 8559
232 396 7964
156 220 4700
350 280 7111
420 444 5613
401 438 9586
395 346 8082
172 368 897
397 149 8650
398 415 7414
368 329 238
261 116 816
495 440 7862
3 128 1787
6 425 2941
124 349 974
354 167 465
145 115 7248
375 334 541
343 77 4007
1 228 8934
150 49 8682
431 252 2365
365 216 4921
108 66 3401
378 394 4420
20 439 831
265 33 8494
424 482 1333
120 85 8153
48 244 9218
139 84 6244
26 464 6116
445 328 269
54 352 3354
111 433 1729
188 159 9854
225 339 7787
306 183 8977
489 266 8503
418 312 1552
24 67 9214
64 3 5671
403 88 9413
223 157 1000
170 291 4963
96 417 386
278 10 7816
346 437 2210
435 311 7278
44 309 8175
396 254 7495
366 233 2312
167 402 539
383 300 2415
5 208 5712
482 163 1310
433 243 9597
472 193 557
22 293 8995
269 348 7750
131 447 6126
457 54 5238
85 127 3865
273 257 6395
331 448 4943
253 375 1945
322 174 2600
410 80 2729
209 198 922
343 498 7455
477 2 633
164 100 6487
195 354 9477
235 379 45
295 442 3839
257 43 4439
463 24 6783
75 325 1654
296 272 3001
123 452 412
391 421 6180
39 460 495
452 194 2723
12 199 6718
471 137 9262
15 45 4786
217 219 4380
320 23 8858
203 96 5342
284 454 3374
400 470 6607
292 231 7820
137 251 4963
479 372 6824
247 455 4214
351 93 9905
169 74 8768
245 283 3165
198 489 8985
394 144 6041
462 78 619
326 161 9617
144 410 2528
121 123 95
8 109 6014
399 90 6366
250 432 886
110 230 9148
240 465 4371
28 490 3886
241 222 9559
36 117 551
264 468 4380
312 191 8634
229 476 3620
142 284 3641
100 209 9771
376 310 7999
118 399 8851
319 229 1465
93 26 1372
191 486 5457
2 105 9284
303 129 6334
415 374 8632
97 259 9849
99 431 2590
480 289 3752
298 95 3013
58 150 1575
122 326 9792
313 221 9984
476 204 7543
185 249 8671
374 304 78
493 166 3556
291 315 5036
330 382 7315
30 185 9055
239 120 9407
338 359 1200
134 383 4966
83 107 9957
52 63 1932
125 422 9951
389 378 3576
358 405 1924
4 331 9721
307 118 7927
277 333 774
227 173 7537
220 392 5650
65 125 2583
333 472 6820
293 403 1984
55 41 1214
427 335 6668
132 17 925
90 390 4965
214 351 6033
21 6 2499
202 52 1109
104 318 6016
323 426 42
91 471 9779
199 171 2445
160 72 9949
68 140 4815
421 99 9760
441 409 9004
183 189 573
3 231 7311
280 203 321
491 202 6881
355 360 5594
335 145 271
177 256 456
262 393 7518
349 327 9991
140 102 4734
371 190 8291
267 119 7528
369 37 384
301 267 7225
317 245 699
318 317 8719
446 206 8439
105 365 7367
73 61 9643
153 141 9755
208 337 9751
367 215 8494
386 453 863
498 340 5766
266 179 4887
361 97 642
449 491 8210
243 181 4835
174 46 1808
157 35 4321
481 112 190
453 225 2380
392 255 1632
249 401 510
336 16 9260
455 330 7225
215 169 7132
384 92 6067
270 158 1094
84 357 7123
297 487 801
230 418 5737
9 466 1002
114 281 7536
187 413 2961
484 147 8052
231 488 6254
447 429 1399
1 265 5418
222 276 5896
459 151 7506
327 218 1520
178 146 4389
27 217 8368
487 338 7285
485 75 9275
275 29 9009
469 262 1847
370 388 462
181 1 816
339 68 6167
126 227 7003
382 384 9547
204 500 4150
86 463 3865
78 79 8806
193 62 7727
42 497 996
406 353 1225
450 323 8820
238 250 4470
448 210 8377
148 297 4556
138 124 1823
237 313 5912
115 89 3869
158 458 9875
141 467 8517
343 66 226 335 293
