750 757 8
42 418 2281
98 683 1623
649 436 4261
658 602 6629
83 107 1108
283 109 4114
564 96 3928
674 314 5601
581 227 1989
549 520 3827
124 513 9350
483 275 7134
438 337 2196
535 223 4147
704 206 7234
197 200 98
697 190 3533
519 207 5320
101 278 6343
372 559 5391
509 114 3556
153 708 3970
137 420 5676
727 91 3363
442 186 3462
638 211 6466
378 231 6766
397 332 6309
720 221 8164
248 239 7125
114 536 3728
147 310 6797
81 645 5100
555 78 4340
747 738 3425
579 443 2559
706 405 8453
261 652 3704
470 180 4511
601 705 6793
693 1 7530
54 733 3860
135 621 3926
379 352 9726
21 647 4359
35 115 7511
150 60 9823
495 531 7891
168 138 2830
368 494 6165
577 413 3281
58 73 6385
574 117 6486
367 697 8956
486 285 9747
407 94 6300
230 246 1773
307 610 2865
493 469 8960
233 689 6289
131 730 9989
272 629 2687
352 273 3085
543 554 1440
707 691 7026
180 504 6509
330 432 3999
316 535 1830
729 707 212
359 716 8509
408 431 4974
120 393 4093
63 148 8721
318 68 8900
349 711 3818
510 392 3079
546 552 6410
617 14 9992
554 555 969
668 526 5592
251 67 2509
643 319 602
671 154 8328
721 472 5346
191 604 5909
377 444 4427
17 210 7997
740 261 7682
632 478 7291
562 6 6957
600 165 3970
186 172 3631
15 134 5995
450 158 7054
447 533 5071
179 251 9373
118 58 9914
358 30 5421
256 160 1202
77 140 125
204 680 3929
280 201 2528
267 323 4217
451 248 9001
609 726 7779
347 364 4387
572 308 2079
476 490 540
382 266 730
449 178 9400
696 237 6131
305 116 9590
478 157 1
202 732 4459
630 557 4936
246 355 5909
308 229 8885
467 57 2932
413 29 3590
64 633 2527
108 519 6240
371 346 3911
25 719 6157
688 448 2235
376 291 964
412 56 7579
226 441 1607
659 343 877
275 492 2999
497 16 9160
1 429 7353
327 141 3280
339 288 1687
718 370 7922
351 427 2280
425 731 5817
103 92 2308
273 86 711
538 10 6357
733 304 9389
391 515 6462
512 318 2487
123 63 8979
350 169 6462
166 95 3297
245 611 266
40 634 8722
105 101 2181
315 344 3197
45 438 8664
161 218 1059
164 430 5789
281 415 2574
750 581 7216
602 745 8023
361 499 3538
144 21 4794
57 27 5981
715 750 766
405 737 4145
278 300 5140
494 675 8119
641 262 7424
589 389 3179
448 545 6040
62 182 6055
635 713 8995
121 700 4699
551 639 6765
78 722 5351
482 271 439
619 360 3226
548 156 7838
646 253 9417
41 175 6039
439 693 7486
515 43 9682
188 640 4761
598 139 6019
4 497 9231
694 146 9776
559 684 7077
219 549 5019
357 609 2349
615 457 4292
36 222 9393
37 617 2238
716 188 5438
171 614 5373
198 608 3004
151 361 9582
568 642 6864
387 699 1122
44 460 3357
360 176 42
196 376 3513
634 265 9411
310 451 9037
346 143 4563
722 702 2528
394 529 739
319 434 5001
302 235 5753
567 224 4928
206 661 4418
624 654 8144
152 632 2414
76 132 451
520 204 2904
622 725 8432
262 50 6033
117 177 2679
249 59 5508
329 660 7403
683 258 1379
386 272 6152
340 260 6795
282 659 3617
561 106 7941
299 283 8519
746 635 6620
89 93 3874
313 105 5383
639 437 4093
618 342 7230
523 18 5424
10 240 3957
5 715 2992
236 166 812
229 598 8519
102 62 5519
67 85 1551
247 582 3519
724 527 7624
702 191 6478
404 333 4288
552 171 5767
99 17 5243
463 607 1091
39 406 5022
210 627 3674
264 612 7123
732 530 4052
322 81 5534
453 213 4526
30 498 1782
411 263 1685
591 394 7672
558 655 5398
292 197 5977
742 322 6191
675 599 8369
499 717 9850
735 560 7925
218 147 2461
187 311 3431
653 670 3348
597 672 6417
306 396 2774
705 459 512
610 514 4935
647 226 4645
514 591 2062
614 110 4806
530 651 2268
527 384 4891
594 368 5445
480 740 4386
446 695 134
498 298 6535
173 184 5759
399 72 159
491 687 3658
526 380 6162
1 446 5692
544 742 4535
250 620 7943
629 255 3728
336 466 8558
86 625 9693
550 64 9704
221 76 4748
139 411 8061
148 47 5905
253 247 9024
654 686 6874
576 470 5687
128 236 2372
258 328 3290
701 341 4813
736 667 9235
311 84 4577
590 125 9457
286 124 7648
540 179 5734
670 428 8076
96 423 2538
265 452 1178
328 164 2461
687 595 9023
508 567 7713
524 476 4571
69 347 9182
50 348 7722
199 159 7084
477 556 1225
418 31 8608
136 391 5026
2 706 4953
557 631 7165
94 367 1070
178 566 1008
428 3 8265
181 507 9131
744 442 3265
106 486 7288
669 508 6004
406 727 8951
621 151 6011
195 136 5645
680 49 3763
400 573 5245
169 25 221
713 709 9571
225 303 2892
268 570 5954
662 473 7646
488 183 1782
631 173 3484
93 44 6458
503 605 7156
588 377 1196
426 87 1028
655 386 6337
365 316 8917
403 45 8111
533 244 7562
690 70 7524
434 305 9489
356 170 8866
556 447 1040
392 331 558
326 482 9873
599 102 9304
709 638 9688
616 374 9489
65 400 6592
730 301 2043
612 636 4792
613 79 2602
48 522 7688
532 103 4906
708 66 4199
547 161 4260
337 467 4477
529 395 7090
748 402 6566
279 505 2122
684 296 5223
348 658 49
185 728 8580
570 592 2379
162 241 1244
201 500 5959
312 650 5067
466 104 6512
46 340 4070
129 307 2628
402 542 387
369 357 9910
710 121 7845
110 150 1426
573 326 467
443 532 4070
154 369 730
460 215 6507
628 479 3558
122 232 3673
6 28 4901
473 577 8349
676 233 2626
145 676 8940
431 345 3255
97 214 6824
409 35 3200
383 523 7731
673 594 266
585 220 9765
741 98 6204
424 324 5488
575 403 6165
277 54 4783
87 603 7866
55 512 3760
749 90 742
212 681 2933
134 95 271
175 468 1163
685 615 1912
309 228 7009
678 194 7424
353 371 9757
565 399 4786
374 167 4242
34 13 178
640 378 5515
582 74 748
257 550 3735
719 729 5539
625 234 2001
531 113 8436
656 270 8165
566 280 940
190 379 1690
571 455 4988
642 111 4139
461 187 5772
220 741 5253
505 677 255
270 524 1975
330 723 741
142 561 6419
390 590 6758
61 593 4958
269 710 178
496 245 3851
60 185 4242
691 325 6800
254 422 1365
90 155 2506
74 8 3808
300 295 8788
323 562 8614
633 501 8594
285 20 3029
667 189 8791
159 195 460
502 12 129
501 83 2525
435 540 5999
471 382 2129
664 509 960
417 569 515
689 744 9420
242 243 9001
695 284 5502
141 597 3559
652 465 4772
293 354 7107
366 46 165
11 646 6747
714 281 4199
607 701 6584
452 230 9856
51 502 9156
454 475 3113
194 471 58
91 330 9750
211 123 6265
516 276 1422
156 461 2255
291 521 72
9 534 209
333 137 868
717 488 5017
214 99 9589
276 673 9658
49 61 1829
155 212 9717
637 690 8534
492 622 4179
563 574 8197
553 335 9494
222 714 4693
738 564 7617
100 551 4846
109 71 6546
596 618 1175
203 225 9618
334 464 3652
28 119 7691
7 351 2716
223 682 7850
608 541 626
240 553 8923
479 666 3358
317 588 3739
192 181 8980
288 421 3107
645 600 3
362 571 401
511 456 5361
165 537 6426
149 23 6961
636 338 6228
595 9 7795
304 601 6549
457 329 2237
711 163 9623
18 587 2618
698 205 770
31 539 3801
525 77 814
504 334 263
111 299 4845
472 127 8430
125 589 1461
490 353 1390
518 481 5956
177 578 1078
745 408 5042
73 363 3647
244 1 145
388 89 9243
456 692 4272
52 619 9067
84 302 2600
284 628 4362
232 425 8046
437 669 2058
465 193 716
255 653 4798
287 286 7418
578 643 3494
112 678 8110
172 306 9997
481 381 1288
24 517 1010
484 417 2233
290 126 7262
604 623 3627
737 130 3003
445 39 1062
19 432 793
587 568 9617
332 424 5906
419 734 9222
241 656 1077
528 1 3647
420 390 5178
104 1 8506
345 293 5040
430 37 5176
469 565 8650
82 563 4283
699 375 5799
433 238 7716
297 579 3234
500 491 6513
686 743 2113
410 252 5292
126 703 3580
657 698 3262
189 40 9061
314 414 7073
85 372 7723
355 580 5410
113 624 4712
271 388 8733
266 256 7642
611 133 8325
650 349 8711
298 32 6996
133 387 9386
539 19 9503
235 51 6613
207 575 1643
536 34 8725
542 401 4041
517 100 1642
626 576 254
380 558 8899
12 209 6681
213 477 1781
14 290 7548
303 112 7315
485 313 3931
174 22 1616
682 484 549
228 749 443
294 739 80
325 663 2192
743 289 4023
734 287 9694
393 688 7604
423 196 7447
79 208 7416
324 544 3013
274 350 8511
489 321 6148
70 543 655
216 277 6835
237 735 1211
56 434 4002
184 503 2573
681 108 713
143 748 6966
603 145 567
651 449 5789
592 315 1007
725 409 2208
252 118 2394
215 412 9905
666 153 5241
692 52 4174
593 80 3804
384 383 2555
580 585 8105
723 407 1771
661 644 9455
458 483 4899
700 217 1851
38 454 1646
487 584 5273
127 97 1544
739 365 9250
116 41 9072
209 53 5311
295 129 8614
507 613 3934
107 679 7811
238 320 5620
728 65 768
459 202 9021
541 712 9622
53 292 9692
441 547 6085
432 339 6587
436 718 259
464 82 1874
193 42 3945
414 721 8818
205 546 4267
231 586 201
68 435 410
665 317 4793
160 55 357
620 398 2965
33 606 9249
263 135 2127
75 649 2419
537 493 499
170 267 329
321 373 417
354 397 5772
468 538 8224
623 453 6018
331 668 4843
644 152 3535
66 5 4631
260 674 8776
289 274 7697
227 506 251
475 312 5895
583 626 6717
301 144 6224
146 583 1939
522 664 2801
381 724 9162
320 131 2197
27 630 1026
427 572 3107
462 495 7366
157 720 1645
474 496 9659
605 662 7776
217 439 6437
243 637 15
703 487 7092
672 518 2037
396 359 8494
373 219 9510
16 88 2535
415 404 5174
158 665 6278
398 33 4658
679 616 3398
20 440 2295
183 366 5852
176 445 3284
140 671 3278
182 463 979
513 257 980
455 327 3528
534 696 6874
115 269 4048
1 336 9751
342 250 8812
440 259 6848
43 24 8912
22 474 7360
200 192 7874
26 746 8370
370 38 1077
1 525 5870
364 648 4381
338 162 5204
375 410 8658
163 282 4395
88 309 2295
239 385 694
343 69 9240
131 262 8157
119 279 9580
506 36 4414
731 704 4434
444 75 4238
47 358 4163
422 203 3081
586 641 89
167 199 3798
344 249 6358
296 48 1068
138 120 4777
663 736 6237
8 174 4293
92 254 5176
341 480 5987
3 462 9456
208 268 8375
132 2 1250
569 685 3167
23 294 6248
13 216 5972
560 11 4243
32 142 8469
224 264 352
166 4 9447
712 596 7126
389 450 1098
421 26 8093
521 510 7819
677 528 338
29 416 2601
584 433 3751
648 516 1103
726 694 7035
363 426 7988
627 297 5265
130 485 6467
335 511 4428
416 419 9062
545 458 2824
234 149 1847
59 489 190
259 7 9060
72 15 6139
319 198 5365
660 747 1398
71 242 1946
606 548 3739
395 128 8999
80 657 5112
429 362 6339
401 356 4970
95 168 5707
385 122 1159
104 437 377 722 33 392 277 452
