500 507 5
117 186 1579
218 429 6874
369 462 9256
380 125 1892
408 222 3381
210 438 4823
476 377 9677
232 318 661
220 183 5191
473 64 8909
406 150 5954
100 316 1484
129 151 2183
136 213 9504
247 120 815
169 124 8286
357 101 6615
19 235 4456
289 188 8201
154 288 8743
155 232 5750
8 444 7462
224 167 5818
66 30 3677
288 335 970
31 129 543
389 383 4596
459 345 8599
228 209 1856
385 55 7601
43 334 5462
434 464 3434
436 466 826
187 255 4717
158 365 1678
330 456 4207
5 498 5892
300 277 1354
112 154 1219
358 476 1082
217 176 6614
366 136 7172
361 86 8918
424 495 8796
192 313 3028
259 452 6084
107 294 3434
293 378 9642
381 24 6891
109 488 1634
426 47 8384
315 211 8993
9 355 5447
17 168 554
302 493 2669
98 308 6416
422 472 1096
91 217 7264
84 427 1367
279 12 9303
223 292 1216
208 306 6828
229 70 2737
199 85 2042
203 31 7897
149 88 4414
391 5 6248
233 336 140
407 76 2119
200 333 7466
172 48 7573
483 319 8732
303 18 990
367 327 6490
237 368 3879
121 115 4017
370 201 8925
63 297 7312
193 142 10
130 249 5816
377 499 5297
326 251 4745
383 67 4808
335 422 7096
87 322 5298
103 34 3828
67 361 9863
214 46 2746
94 465 1092
191 245 1229
209 348 2048
15 111 8659
337 233 8057
39 9 4784
85 460 700
135 178 5953
25 276 5549
281 284 3299
462 210 2444
93 11 7667
231 94 7117
313 268 16
417 448 2750
418 330 8106
445 405 2858
415 242 6629
449 197 8474
79 349 1782
80 228 292
77 286 8483
198 223 3949
472 237 1941
150 127 3227
350 175 5108
490 480 9036
54 37 8525
447 413 8936
64 153 8898
23 326 7622
283 325 6379
314 221 127
71 205 9669
156 236 5037
73 412 4535
282 425 805
216 340 2089
489 497 487
438 443 6353
467 73 1739
344 281 9282
137 250 372
272 187 8855
4 410 9297
116 28 3121
304 112 3312
291 459 2154
106 212 6101
446 220 1785
134 431 288
296 470 2745
2 346 267
299 304 4236
464 77 1037
316 219 9846
468 148 5696
165 440 72
307 483 4722
341 461 983
423 52 8969
68 169 2343
70 8 7361
149 230 5447
452 234 2011
252 89 8749
461 173 9981
359 156 2815
325 353 7189
13 289 6819
152 2 5520
202 198 8928
56 81 6100
128 332 5891
343 122 4134
1 180 5397
238 455 5363
115 1 7446
24 33 3902
55 162 7816
185 82 9230
255 482 4189
318 417 6912
412 356 5849
402 347 4777
346 435 7948
139 430 2046
265 342 472
474 494 4371
411 406 6767
234 95 7806
482 496 9691
69 113 5461
382 373 1518
188 273 5138
72 338 3823
485 117 266
425 350 1470
1 370 2990
146 362 3807
491 19 8289
86 490 8509
186 137 2734
379 49 740
251 301 751
463 421 6867
33 139 6136
240 214 2465
59 130 664
145 266 6390
232 295 6632
212 442 6246
58 339 578
273 449 9895
181 257 8446
1 274 1706
500 1 4194
395 382 491
118 126 8529
442 114 8564
257 109 3609
120 312 6334
95 59 4607
480 363 9069
49 302 7851
36 408 6096
4 342 2891
28 161 8117
365 298 7565
10 445 5880
327 354 8275
398 105 2205
125 75 740
243 69 1008
339 246 2945
175 320 1490
416 469 4226
122 307 5432
433 272 307
440 98 1242
88 23 1821
481 229 6938
486 123 7487
322 261 8751
310 22 6833
195 371 5932
364 182 456
12 135 7378
321 21 6422
127 473 8985
456 193 5942
267 38 30
268 366 5318
126 329 548
119 1 5450
189 106 3169
141 27 2995
340 158 4692
487 195 7637
96 454 559
140 181 572
311 3 5911
393 107 2764
14 128 7663
205 141 3270
390 152 5708
111 415 9153
249 388 3847
256 397 7491
499 416 5811
496 56 5088
323 29 9312
475 403 2748
20 467 2574
479 208 8062
290 400 5932
264 63 8505
183 192 8517
317 389 3310
248 185 1278
30 119 3853
160 58 5603
266 390 7659
219 91 9171
334 267 2502
260 25 3108
61 53 8691
386 351 5496
133 328 4152
348 265 2679
174 177 6054
435 441 4723
184 103 4941
178 145 5169
47 343 2385
469 290 4562
284 165 7228
498 78 7889
497 226 8408
404 491 4719
263 259 3699
7 191 3496
428 479 4030
488 392 2799
400 436 2421
18 224 8443
431 240 8730
439 387 7278
105 293 3311
44 270 8391
245 283 8555
108 206 7164
102 14 3993
166 337 2566
275 44 2686
401 395 2846
287 295 2025
16 97 7728
82 317 8341
405 386 6176
50 451 6758
306 315 747
27 285 7250
419 164 1698
409 231 5915
177 39 5987
453 57 6259
90 166 9495
62 385 3875
329 446 1018
11 121 4213
328 282 3926
6 189 865
280 41 4594
454 13 6724
277 225 3286
457 50 3036
161 241 1805
271 160 6915
471 414 2698
351 140 6548
421 131 5469
197 428 9861
194 163 6892
83 190 4386
92 15 8898
78 409 9738
378 468 6411
465 61 6625
230 90 4430
420 108 8938
294 262 3382
179 352 5176
410 420 6188
371 393 1431
276 60 7443
477 423 2174
114 179 7689
151 118 6937
355 143 2400
484 311 5059
75 65 7501
74 194 6325
3 447 5923
213 419 2094
41 110 9400
235 433 5560
305 324 1481
173 474 1205
495 434 2474
450 344 4178
261 394 4104
124 87 4295
34 375 391
363 100 995
246 269 8680
429 271 9288
215 426 7084
236 278 1442
297 144 5913
239 216 1514
353 202 380
242 74 5646
206 7 3041
201 45 6567
170 71 7077
182 215 6835
1 66 5092
360 457 1117
387 263 123
32 4 7491
298 484 6175
29 404 7623
176 10 3816
396 170 8450
278 200 6068
478 432 9567
292 172 4009
22 80 7548
123 35 7123
336 238 6483
81 407 8078
52 489 1226
332 296 777
153 79 8468
384 291 2221
40 6 5808
443 155 7755
444 149 5656
37 439 7250
190 92 19
168 174 7169
130 93 7629
21 17 2017
356 379 210
427 475 547
374 279 9093
148 20 3396
131 359 5638
295 396 6561
362 487 3519
171 418 3128
162 243 9088
392 485 1141
432 247 3295
221 207 7537
113 303 3561
312 360 2862
324 157 1545
163 171 1108
211 260 9984
368 374 4379
143 83 9185
250 364 7562
51 227 1507
254 275 7652
132 401 6134
225 453 7315
376 478 1759
89 424 1789
258 398 916
99 134 1777
65 199 8958
342 399 4896
142 239 3793
76 146 5519
492 159 5442
253 244 9237
301 138 8914
180 486 7431
46 88 2150
388 280 8784
286 402 6910
451 471 1237
338 258 9925
26 376 205
38 252 8773
157 68 3485
441 147 9418
60 381 6669
204 51 944
45 310 5753
493 62 7400
147 99 6481
455 380 3314
101 253 8906
207 36 484
354 358 9447
164 102 6220
430 42 2242
448 299 1236
53 133 3487
42 477 371
227 54 6545
372 331 8382
403 305 515
274 256 8415
226 264 3823
394 411 6104
494 184 7328
413 218 1253
470 116 8253
48 367 6112
333 287 8163
57 437 9489
309 492 2388
466 384 4719
349 26 4613
375 203 2224
270 32 488
159 96 7633
308 357 9519
319 369 6240
397 104 5032
241 40 5999
244 300 5906
414 204 3938
167 391 6483
331 72 5352
373 450 6509
138 321 5076
104 254 2939
110 481 9996
352 93 1798
285 132 5835
345 16 8377
97 309 8665
437 43 4249
269 458 8552
262 314 4768
196 1 1577
320 196 9804
458 463 9372
347 500 4040
460 248 4318
399 323 5212
144 84 2779
35 372 5388
222 341 9824
66 12 175 407 331
