400 564 10
166 116 4620
53 16 5237
115 300 4324
335 49 588
265 351 8105
217 140 8054
208 178 9766
131 10 8601
372 400 2389
63 27 6634
291 166 1880
356 156 9499
316 361 327
1 350 216
21 304 7312
70 393 2874
362 341 5780
301 51 4761
29 65 9311
13 366 2748
109 105 5150
240 340 3033
203 4 5189
182 183 3515
163 111 4400
324 358 7716
78 139 4277
379 1 6387
378 336 4512
343 360 1813
138 331 9738
59 47 9132
228 295 3401
357 60 414
33 317 6071
316 129 7858
269 1 8467
3 1 2188
169 1 6458
37 1 855
306 319 5174
280 225 4690
374 158 6706
62 365 5500
50 1 4905
115 137 369
117 397 4725
43 367 7036
7 1 5129
11 95 387
75 151 9783
229 1 279
356 314 3420
298 258 1323
361 208 145
121 281 4171
152 3 9039
30 83 4422
190 1 557
185 98 3550
236 1 2586
283 268 295
24 1 9033
57 244 5986
36 1 7060
128 1 5103
111 154 3843
310 387 5526
351 1 3643
365 343 301
304 1 2733
78 210 8816
353 333 4990
179 1 9438
245 1 4315
264 257 6246
333 144 6158
318 252 9039
4 346 9633
398 160 1287
94 378 9425
142 229 9416
357 206 1565
349 211 9196
78 249 7090
166 202 1709
358 388 3367
73 1 6128
164 247 2482
262 286 275
342 130 6030
377 165 5067
129 39 6921
295 1 1414
143 1 7405
146 17 3980
326 262 2869
98 124 1247
217 173 5858
266 1 6511
138 152 7899
380 226 8590
186 1 5326
66 1 9240
376 327 4379
256 1 9640
150 1 5485
382 1 536
290 149 5030
285 263 5118
400 57 1822
234 1 806
398 338 885
358 19 9738
185 306 2
280 50 7974
188 85 7799
296 201 9720
120 215 454
96 324 6632
157 1 9994
288 219 2835
365 248 1699
12 1 6915
376 280 4248
133 153 9103
140 37 7246
215 363 7116
30 138 6701
366 1 3103
125 117 3626
247 14 4600
339 1 1692
95 1 8951
131 40 3839
337 308 2422
174 221 4942
55 1 5676
165 267 2958
79 75 6323
225 1 7145
369 1 1131
132 373 7129
32 1 4381
222 375 869
47 278 3482
87 48 2354
251 1 5019
328 364 9553
284 274 9159
111 323 1650
333 342 9546
188 177 1993
156 190 9700
350 197 2812
139 311 6241
146 385 5154
293 1 58
59 356 9708
364 182 1855
219 1 3160
197 133 3334
230 1 2806
297 53 1204
204 270 8636
21 90 2996
57 146 3625
223 145 9930
307 1 8671
363 289 2934
315 234 6252
282 1 2167
252 1 4065
202 73 3380
134 399 2899
183 109 1285
168 1 3213
198 127 5253
248 273 6303
383 43 2765
45 132 763
281 212 4304
352 1 8663
215 21 2756
76 315 4004
103 1 1474
82 1 5348
106 199 9157
165 161 7883
152 293 5055
99 316 7363
119 256 7395
227 266 8388
194 24 168
114 326 8598
284 276 3376
156 205 3164
136 1 8574
334 1 3305
396 339 8186
346 285 1508
146 170 9556
232 1 6705
370 238 1924
258 1 9288
378 41 9603
241 118 9560
363 275 2500
306 297 1207
144 20 5862
5 391 1617
358 128 1970
30 72 6517
389 1 279
31 1 1077
4 163 520
60 369 8104
96 181 6424
118 1 6029
400 59 5987
145 1 1478
226 55 3391
314 240 3381
188 150 6218
305 1 9911
237 22 8330
395 1 9593
113 309 9426
249 204 6903
8 67 2897
344 1 3963
170 195 4762
281 224 8804
94 143 7019
175 114 3037
70 223 8091
104 1 6622
249 23 2596
131 288 6943
332 396 4180
151 80 8457
213 1 8559
287 1 6149
100 1 1326
99 284 5189
221 36 3577
254 62 1845
181 301 3292
123 58 10000
354 185 4225
107 11 5630
69 1 7830
346 329 3968
62 383 5362
48 1 4047
278 352 3878
233 1 3691
137 187 9991
310 175 9655
155 245 6946
140 64 9239
196 1 3617
147 1 8059
220 1 4394
161 1 636
313 192 1096
26 214 2485
243 1 3609
176 1 3691
373 1 9427
27 1 4140
13 169 8500
178 1 4337
246 1 6641
268 1 9825
105 1 9525
205 1 217
177 1 8021
83 45 9168
51 1 217
333 5 2246
261 307 1150
101 1 4398
107 46 6213
214 1 6511
81 106 4796
10 141 6442
200 1 6554
159 1 4786
135 66 2448
320 1 9851
311 69 376
350 162 2416
263 216 7909
76 8 4769
25 1 3051
328 337 5356
392 107 3605
361 303 3011
341 1 9047
206 1 9383
253 1 7151
321 1 3898
338 1 3719
399 30 3791
130 1 3722
58 1 9595
160 1 4007
383 193 1742
64 1 8763
274 174 575
278 302 339
201 1 9912
173 253 1324
280 52 2903
370 243 2774
328 203 6119
244 283 5696
331 390 9327
162 97 7256
371 115 8143
270 282 5529
54 81 3983
198 305 559
133 354 9790
237 384 8752
172 1 9961
184 86 5145
349 71 8708
193 355 9324
255 157 4191
182 121 8091
210 374 6474
277 1 8088
15 386 1809
29 13 6616
276 18 8161
318 287 7756
273 172 6974
385 180 6255
107 389 2870
28 1 3901
88 1 6593
194 44 9133
181 322 5224
68 1 5848
90 1 1906
396 159 1343
272 236 1543
92 1 7585
235 1 4950
93 135 9686
19 74 3113
53 126 8933
54 113 6596
175 78 2902
290 25 4036
275 196 6556
181 261 4399
331 35 2743
325 362 5879
340 1 8589
14 246 833
239 122 8704
21 298 3029
276 123 8994
311 231 1671
250 344 7541
6 1 6749
248 260 8645
242 294 3795
347 1 5970
207 228 2545
227 264 6740
250 28 5102
222 357 4120
15 76 2587
336 1 7007
292 1 1814
81 142 481
61 120 943
326 29 6764
262 237 166
148 104 408
40 100 2048
29 33 3113
62 15 9661
182 332 6083
244 241 6021
294 96 4059
207 84 8825
218 392 8251
42 372 9000
271 233 6010
257 1 6955
46 1 2028
242 134 5003
195 186 8625
16 1 9568
83 110 8103
129 259 3621
348 279 9715
274 380 4072
279 1 2517
108 56 6454
65 382 5525
164 296 6637
93 359 9040
154 1 2531
388 1 8450
74 1 9520
110 368 9826
387 254 1565
164 198 6038
238 1 233
54 70 3612
394 349 5502
322 147 9893
211 1 9694
319 348 1522
330 189 3952
56 1 4871
86 1 9773
123 395 9303
337 217 880
94 251 6727
2 1 1330
149 1 2234
361 255 1703
180 88 7249
227 191 6688
89 1 5324
294 61 6963
377 155 7111
72 167 4192
309 394 9768
33 89 2635
260 1 828
349 103 8807
96 291 1517
35 1 9278
327 2 4679
41 1 1342
38 1 842
286 299 7068
310 42 7926
209 1 806
102 1 2569
303 277 7819
289 1 6851
111 26 4091
187 1 8122
265 232 1721
270 379 215
116 230 7424
85 1 8952
22 1 6941
19 68 5105
359 1 1185
141 1 4995
129 347 8705
345 1 4224
134 239 6670
189 1 2020
192 94 1334
323 1 862
302 1 1787
267 1 3968
312 7 8041
79 325 6946
286 213 1837
365 250 7318
308 371 1624
216 1 3178
158 398 4512
367 171 5043
199 1 7456
65 38 1669
192 377 7611
327 330 1626
79 370 8519
218 131 8053
239 222 9747
318 321 240
61 164 8267
91 32 3522
343 136 9191
231 1 1559
286 269 4978
121 9 6728
237 82 2906
124 112 3682
197 328 7303
34 265 5927
81 312 5701
329 1 8637
194 381 6788
44 87 3840
384 1 8956
49 1 4829
197 99 785
317 1 7144
244 207 8498
368 63 8760
34 220 6674
59 194 9361
368 12 3802
250 31 4129
391 1 1029
346 168 7764
375 125 5754
84 1 9548
167 353 5817
122 376 1852
76 91 6139
126 1 435
355 93 5373
39 271 1681
99 218 8346
300 179 350
138 318 4760
67 1 1251
212 1 383
381 1 2063
139 119 7177
350 242 2436
98 335 7051
299 1 317
80 1 6275
77 235 2358
98 188 5145
45 92 7059
296 345 9502
239 79 9994
109 101 5818
71 1 6175
127 1 5707
348 108 5971
43 290 303
112 1 6735
259 1 3734
23 272 6056
34 6 2634
386 227 5902
153 313 4259
70 148 5124
20 1 6337
116 334 9631
191 1 6805
52 1 1034
294 54 6332
192 34 7916
360 102 2284
397 320 6714
47 184 9978
9 209 9460
17 77 5501
151 176 3380
393 200 6128
171 1 1775
224 1 5738
97 310 7624
390 1 8833
18 292 5239
119 355 30 208 137 383 94 65 384 2
