400 557 10
176 240 2512
355 363 5825
98 1 6437
3 39 2754
131 166 2761
215 187 4003
75 1 37
305 1 8313
117 1 7448
370 1 5043
263 105 2331
84 355 780
332 312 3931
195 155 669
246 52 7826
133 266 9801
7 400 2165
200 45 4700
387 42 4441
363 1 217
260 1 5595
296 1 703
240 1 7273
328 1 8439
59 1 2432
256 9 1825
58 393 9322
394 164 1308
23 48 4148
119 107 3567
308 112 8872
126 144 3011
64 323 5743
174 135 5308
324 384 5764
348 288 8503
393 1 5663
239 372 5800
329 1 3167
138 6 3110
335 1 842
38 84 5497
220 163 241
389 10 1124
282 1 6166
31 193 8066
7 245 7277
320 1 4682
303 1 9118
361 1 8069
104 33 4898
80 1 4712
175 82 8772
357 87 8522
171 1 3151
155 131 1203
153 152 6699
122 259 8824
222 1 8862
167 1 846
255 1 8742
97 344 7733
163 1 3856
310 1 4485
365 326 3041
83 324 9619
169 146 9339
109 387 5055
161 335 1770
289 1 2506
66 22 8164
247 1 2611
73 332 4354
172 1 8404
351 1 87
316 1 519
68 276 2822
379 341 7363
23 99 1552
373 65 8291
100 1 5431
26 236 2802
243 271 3002
331 305 4202
88 1 7675
138 365 2504
155 86 1756
284 1 4373
334 1 7679
131 81 618
108 1 1570
203 342 6421
86 69 4702
333 32 1777
102 1 7257
1 24 4094
65 203 7747
226 80 6595
27 157 9148
272 1 9516
28 373 9100
275 167 3663
205 345 8479
274 31 3454
36 1 8419
2 1 8565
304 1 324
1 185 1240
34 192 2279
312 57 8228
119 168 5882
234 138 7709
79 362 1029
277 1 8883
353 165 8263
72 308 8703
281 1 7739
343 1 18
35 261 9428
394 353 1769
221 1 6987
347 58 7349
62 220 8189
188 124 1689
68 330 9126
186 15 5445
340 229 2134
50 1 3224
85 1 8392
142 263 1282
252 306 2740
14 1 3843
44 1 1296
6 217 7570
82 1 3648
182 1 9714
339 38 2486
152 1 324
136 333 7305
350 381 1116
300 108 8551
311 265 3186
136 346 8824
229 122 9579
251 70 2069
119 132 7086
270 186 4633
199 315 6159
315 343 3456
93 75 4060
39 234 7927
234 394 442
317 1 1409
149 176 2468
201 210 8482
349 1 6886
8 201 4264
194 380 616
223 289 109
325 113 2655
33 172 8249
372 179 9200
301 1 6498
360 1 9544
254 270 3121
38 66 6497
385 269 5610
383 300 1958
94 329 6820
212 1 2914
90 1 3073
176 224 5370
358 35 6100
249 92 1897
384 1 1300
210 97 4520
276 142 5334
64 396 5933
187 311 7030
309 364 5141
162 368 6344
368 232 4956
187 123 1935
345 21 7752
269 1 3775
186 63 416
356 1 989
366 1 8039
379 127 7383
13 1 7450
164 198 7045
235 320 1983
95 106 6649
359 1 9894
291 139 7879
396 279 6122
367 2 6391
300 310 3488
94 36 8079
73 197 3210
396 292 2753
159 237 1152
48 61 8580
84 331 8852
134 244 9400
52 376 9879
10 361 3371
7 4 1085
165 328 2163
346 247 400
174 169 6226
5 374 8507
214 114 1708
127 1 8160
314 200 2610
86 258 5482
68 327 4927
149 382 3599
381 1 9872
150 1 8662
294 352 7400
56 1 3269
120 101 644
233 309 4048
391 1 9514
149 307 4874
63 218 6521
79 78 5904
208 175 4713
71 1 4600
39 377 5466
39 389 7466
67 117 5751
204 14 397
47 161 6317
16 1 1502
87 1 6627
170 30 6040
368 110 2586
74 1 8790
32 1 6439
287 284 8811
38 11 7296
113 1 4498
158 50 3322
12 227 6257
325 16 6332
390 349 8249
337 230 6207
383 125 6203
166 222 3262
205 88 3606
397 1 5823
105 281 3905
58 147 4006
245 369 5337
347 283 5131
324 267 526
193 379 7592
208 77 9843
248 1 5125
306 1 3057
86 159 7308
161 214 7227
200 299 3453
30 1 9977
230 1 8728
208 43 80
362 243 6016
109 273 1314
307 1 5221
144 385 2454
40 25 6476
257 1 2516
57 1 3304
47 383 9798
21 1 5124
324 184 9635
313 182 4398
376 1 1331
273 27 5837
6 196 7659
236 94 4936
40 257 8012
20 314 7915
354 188 8941
271 1 3348
196 1 3045
302 325 9467
280 1 7291
76 12 9240
369 1 943
238 46 348
3 209 2899
261 1 8170
267 1 3800
93 351 2875
218 1 3249
140 1 231
46 1 5242
375 177 914
10 158 5451
161 296 7696
173 67 3742
131 388 4318
27 54 999
61 1 9891
241 1 9442
8 26 633
27 251 640
156 337 7124
399 1 2821
41 1 8298
11 173 2059
217 116 7184
191 90 2564
338 1 7352
400 180 6883
279 250 1961
91 1 3170
15 1 4174
353 282 1200
262 207 4112
1 3 4521
66 268 450
268 216 8633
293 1 4672
339 233 3325
34 140 8234
135 1 1255
19 1 8566
186 303 9147
137 100 3057
377 120 2613
288 318 9240
330 223 7375
66 264 9963
22 293 9130
292 322 3168
311 37 6947
120 275 9769
342 208 6643
223 91 6120
332 162 4418
160 316 8701
104 228 9655
389 154 6982
189 1 2404
96 253 6538
231 358 5294
206 133 5573
115 141 711
375 59 2845
244 1 6037
395 1 1583
365 295 3294
114 356 1021
374 1 2606
203 256 2970
364 367 9254
18 338 3860
197 148 7888
224 1 4753
157 272 6917
110 1 6852
10 221 3992
185 398 643
237 1 6815
364 238 3122
291 297 162
101 171 113
258 334 9242
69 190 6804
321 1 2584
223 204 3660
287 121 1856
105 145 2239
256 104 6993
396 83 612
312 213 5128
106 1 2286
154 235 6184
29 1 5838
195 290 5130
215 72 8572
342 348 3772
259 56 8423
107 1 9593
9 62 6377
314 375 1393
299 1 8846
92 1 6589
111 153 5632
42 76 9950
24 8 9857
103 1 2483
352 205 3942
96 298 6851
84 350 5649
382 1 3415
112 134 7012
112 321 5762
233 274 2656
298 1 167
209 28 4697
118 23 2667
129 1 8374
318 13 6935
386 5 9659
253 1 8985
24 68 2062
285 1 1944
77 286 1521
398 291 4251
37 1 7073
210 49 92
99 89 8022
344 128 1848
151 347 9684
35 260 751
48 241 9592
45 1 4882
213 1 3691
155 126 5223
216 1 4831
4 150 3547
51 103 7705
78 95 5124
270 231 397
24 339 3354
12 255 8538
157 280 3760
146 1 5467
198 391 7546
226 17 278
204 397 163
379 181 212
144 137 8651
205 366 3450
177 129 9871
26 262 7636
8 79 5511
89 1 8166
211 1 9156
392 44 6114
207 249 1591
180 1 9247
53 1 487
226 242 3438
232 1 5283
158 370 7589
187 111 3029
141 1 6516
78 18 1279
264 102 4603
79 174 7698
70 1 1177
330 7 2307
290 47 2822
371 1 1573
81 360 2012
138 34 7711
151 20 1684
326 1 7478
60 1 5256
179 1 1961
55 252 7641
227 1 1820
265 1 6964
278 294 1090
347 55 8042
336 1 4599
188 71 2952
145 1 6207
25 304 106
319 1 5417
168 98 7797
192 1 5704
385 399 5904
132 1 1234
168 211 986
295 1 3492
157 183 614
17 1 3853
389 340 1123
297 219 5216
183 1 1551
242 178 2299
332 119 7523
105 130 724
283 160 224
128 1 9534
170 390 8434
178 1 8259
348 93 3364
286 1 42
54 53 220
312 74 1004
49 202 1861
291 195 3535
143 1 8445
228 85 9902
28 73 4485
266 1 7748
154 386 2460
173 96 4590
202 143 3165
124 317 257
123 277 293
323 215 5420
333 248 7842
181 301 7631
263 206 5263
292 313 8456
206 395 1483
130 1 6385
225 254 23
121 371 9385
148 278 8684
263 287 3897
51 359 108
184 357 5259
380 29 9783
327 225 4894
120 199 3517
116 1 3146
26 239 1287
354 156 88
156 392 501
322 378 9499
233 226 3622
123 285 8945
242 212 5752
378 336 8106
47 136 3044
308 246 8211
219 151 9047
239 115 6208
256 170 8467
377 354 9340
229 194 1627
201 118 2661
76 302 3322
190 1 6890
362 19 1116
125 191 1156
275 41 9626
388 60 1138
147 1 541
43 189 4661
341 1 1387
101 319 7000
139 64 9919
278 149 1169
394 51 8245
297 109 3436
250 40 4314
75 246 84 43 135 25 170 265 379 229
