20 209 3
15 7 1668
11 3 6073
12 18 7931
1 17 7359
8 5 3129
10 16 5044
7 14 219
5 14 7616
1 15 8208
19 10 6295
19 3 7378
16 8 8981
14 1 8609
6 19 6993
1 2 7869
17 5 8853
9 14 3486
19 11 1810
15 3 9974
20 5 1683
11 18 1176
17 1 923
20 3 2416
6 12 8871
10 18 1390
17 9 9689
12 5 5442
1 6 2441
6 4 4242
4 7 8187
15 13 414
12 4 5909
7 1 611
6 5 8344
15 4 9620
19 1 92
15 11 3387
2 14 9838
1 14 7707
17 19 1594
19 20 6132
4 20 5084
17 15 575
12 8 1092
4 13 8428
10 5 8443
17 7 9944
1 5 1913
10 1 6604
3 8 6269
16 7 3596
6 13 7779
10 20 7192
16 9 2363
17 18 6649
19 16 4933
8 1 8403
6 10 8442
20 11 7374
4 5 2645
6 2 2981
16 13 7787
12 3 4905
6 1 9943
7 5 2482
16 20 876
11 9 34
11 5 5868
12 2 713
7 9 4093
13 5 3813
19 9 3197
10 3 9176
9 8 739
18 13 4288
16 3 7604
16 1 9181
18 3 584
15 16 5868
16 14 2136
20 1 3204
15 1 9463
12 1 9914
15 10 6747
1 9 1825
9 3 2915
9 1 1680
15 5 6580
12 10 7708
12 16 9053
13 1 9224
17 14 7040
13 14 3191
17 16 480
12 11 3335
19 5 5672
6 20 1356
4 3 3368
18 14 7891
18 8 8420
10 2 7460
19 4 1703
12 13 7968
11 1 2988
6 18 8794
3 5 2256
20 8 6943
15 20 4326
4 18 9191
12 9 2810
4 9 6462
2 9 8746
13 8 8625
1 16 2727
12 14 5493
7 3 6801
6 15 5641
16 2 7172
2 18 3380
1 3 9701
2 3 2576
1 13 8955
17 8 3092
13 7 5766
20 7 9435
15 2 6426
18 7 7789
19 8 7142
20 13 6146
19 15 5679
17 13 1913
6 7 3605
13 9 3733
10 8 9881
9 5 2944
19 14 2526
1 12 8488
10 9 6238
17 20 6852
17 11 4030
1 11 9048
6 9 3313
2 13 2775
16 11 4024
19 7 6039
15 18 8267
1 19 824
20 14 8032
18 1 5438
20 18 556
11 13 4084
11 14 8013
6 8 9510
20 9 7175
15 9 130
18 9 5296
2 5 3601
11 7 7918
5 1 8789
17 3 9746
4 10 3596
1 10 7054
3 1 9702
17 4 3681
2 11 6934
4 8 8998
1 20 6206
19 12 5421
16 5 5235
6 3 9409
1 8 9450
6 16 634
10 14 9073
4 11 2224
3 14 4657
15 8 1464
2 8 6843
17 10 1833
13 3 5847
4 1 8632
18 5 8740
8 14 9930
19 2 6645
19 13 4601
16 18 3456
15 12 6774
1 4 6249
6 11 7056
12 7 1044
17 2 5037
2 20 3153
10 7 4639
1 18 2090
6 14 9207
6 17 4671
19 18 5375
4 16 4556
2 1 7229
17 12 7147
4 2 9790
10 13 6637
2 7 2948
15 14 424
10 11 5710
4 14 1524
12 20 1432
7 8 3525
1 7 8366
11 8 9616
15 3 6
