1000 1397 12
964 1 9011
167 91 8384
653 1 1046
739 63 2500
292 605 1134
365 1 7741
784 1 1421
791 916 3059
22 1 644
570 1 5834
709 1 9514
151 357 9744
130 352 1598
192 1 7189
669 681 1142
520 1 1247
781 276 1262
206 426 6980
372 345 5383
726 1 3170
848 326 8841
862 1 7704
567 1 4392
362 977 447
944 966 9981
77 73 2445
654 208 7783
502 469 8919
297 95 2453
293 1 4609
819 51 7706
801 784 7816
230 1 2992
972 524 8751
863 108 315
407 598 4126
472 806 2843
48 60 1735
261 170 3536
770 301 9839
390 147 3921
140 889 3049
140 74 9582
671 94 5518
348 837 237
46 772 7075
68 460 6765
59 1 1498
816 558 4054
943 952 2147
362 465 1019
455 780 9246
987 1 6202
119 1 5411
627 995 6044
921 187 2534
284 397 4207
876 254 3826
731 457 7804
508 858 6660
631 973 8434
857 953 5509
622 629 827
552 550 7778
598 382 611
925 283 1141
134 883 1903
992 1 9806
942 227 9227
155 468 1790
449 730 9644
281 592 3147
510 430 4838
846 1 5577
586 996 5017
776 574 1426
777 1 2651
82 1 8133
945 1 9276
740 861 3056
462 1 6631
190 701 6646
944 304 2301
389 1 9184
768 611 2056
271 673 8344
732 1 1717
723 1 2615
374 895 8522
648 476 5873
573 173 5626
152 305 6955
262 625 1381
300 877 6452
824 1 1084
629 243 8344
29 1 3944
27 968 2986
144 490 8149
842 485 3170
780 763 4775
49 1 7792
98 360 2669
506 271 5964
323 10 3368
667 910 4037
215 111 3742
530 403 2370
602 438 2169
982 1 9369
844 1 5425
223 564 8799
366 1 6014
826 458 7725
967 62 7982
130 113 4422
320 1 2420
713 651 6050
129 616 7036
528 137 941
529 1 1922
248 445 9013
600 529 4248
358 1 3303
475 1 5464
648 785 5331
162 1 1646
359 799 9407
837 828 4669
674 1 9794
110 963 8928
417 339 5795
304 967 3937
882 642 1596
338 1 8111
288 776 7304
168 737 1984
404 652 1852
328 793 9673
225 311 4152
258 369 7572
989 985 1449
771 224 9302
459 561 9937
792 1 5525
879 282 7283
573 697 710
576 1 7944
203 566 3333
610 1 4097
953 219 8885
636 931 1606
421 92 3109
80 379 9484
194 646 4908
414 901 8572
327 306 4814
488 179 2905
955 442 4330
854 1 5834
845 109 9050
488 79 3258
640 887 1629
731 192 9338
469 961 1205
662 383 9739
403 724 2993
652 990 3189
704 21 7942
692 854 9017
240 261 3692
527 1 1865
120 1 465
387 773 2994
585 695 1801
584 538 5989
23 202 6628
227 1 2511
803 1 3933
772 585 6312
7 932 6607
972 507 9169
947 217 7918
754 480 9716
413 827 8652
396 1 9177
625 1 4639
509 1 9817
431 1 8434
142 1 5321
864 1 2003
241 1 7483
989 229 8578
801 68 3631
311 1 6821
736 371 6134
319 267 9721
67 154 9813
730 434 5674
502 510 4014
882 279 8830
591 1 5718
176 636 5878
220 531 5646
235 47 8711
183 188 4030
495 942 1635
484 503 5338
279 1 6540
270 1 1919
712 1 1650
577 330 9499
609 1 1087
878 1 5919
242 685 5566
563 570 6090
514 1 5095
728 343 6556
724 148 2258
200 1 3528
385 844 1876
583 781 4260
742 1 7363
885 502 6805
517 808 7890
367 617 535
329 1 9291
490 473 3962
599 240 6699
731 965 4964
503 1 4327
976 643 1880
801 715 681
918 238 204
353 164 7526
708 716 5743
89 351 4234
639 552 9160
457 1 1081
594 591 7125
92 976 1078
34 948 9082
363 958 2975
624 1 8516
697 988 5000
198 15 8540
438 355 4605
76 1 94
644 587 5096
252 75 3214
736 212 9974
920 645 3323
778 683 7474
997 115 7336
604 1 128
207 1 1715
804 302 7870
946 983 9418
71 738 5677
269 743 4568
429 1 733
69 338 3
307 807 6448
778 422 1414
355 546 6559
722 335 3973
199 571 3508
2 556 7144
675 1 9484
273 1 4588
91 1 620
766 295 6913
579 903 21
47 708 3595
981 748 1780
562 923 1372
217 250 8486
512 810 6384
233 1 7818
493 1 9933
929 42 5949
432 40 7791
461 653 3256
515 569 3422
150 964 1478
887 299 3383
218 957 5137
929 102 9347
847 672 2800
157 584 7165
340 1 266
48 997 3532
997 375 3519
689 1 6713
337 1 1297
149 184 77
276 991 7037
83 1 4805
81 1 3572
597 233 2872
144 488 5744
435 1 4192
549 657 9784
892 1 2117
315 11 4138
159 687 7915
691 875 3488
379 1 2623
56 1 650
912 252 7657
69 30 2556
381 373 6599
172 1 5447
996 562 2163
202 140 20
933 1 6924
947 37 5545
973 905 1508
896 64 2622
560 1 4696
399 496 8672
14 1 2888
243 954 4579
707 786 2191
973 735 5952
818 13 2228
633 816 8619
540 648 9341
931 548 3384
397 461 2191
957 1 2212
415 500 9127
306 143 2734
714 1 8348
741 694 7595
174 593 6871
826 549 6262
351 112 7435
154 53 5845
352 411 6912
420 1 5091
917 470 4752
962 61 3510
199 321 6890
733 215 6914
459 278 9881
141 353 3813
574 1 2458
966 464 1389
450 230 2787
967 78 3505
345 290 60
483 960 5674
888 1 4436
376 427 8602
909 505 7977
676 242 6663
743 511 3573
463 1 7317
760 1 46
596 521 2115
551 1 5881
578 289 5524
492 1 4848
818 320 4228
383 186 3119
660 1 8070
474 600 6841
986 665 6905
127 1 3914
245 576 3752
572 554 1995
122 307 5018
949 987 3613
151 414 8884
757 907 1931
523 1 3494
469 214 9049
308 795 741
474 35 4882
208 1 1835
546 153 4245
147 410 1293
459 482 3860
991 1 8680
39 1 6247
206 831 1836
460 1 1694
50 1 9819
40 1 5505
774 1 1739
188 310 1933
766 281 1385
658 346 3615
114 420 3132
160 1 1964
38 1 3085
116 517 1201
690 14 8804
596 950 9989
473 759 1466
781 686 8908
214 274 1983
816 255 6483
345 862 2520
837 559 7219
473 101 4766
637 534 6013
386 479 6267
617 1 5506
906 41 7246
589 578 4453
423 1 9750
639 169 4891
753 750 8312
169 450 4782
650 165 1137
201 404 6499
561 935 6475
231 956 955
728 270 8355
516 1 4566
889 573 9239
765 777 9739
961 711 8180
666 107 2370
611 454 1702
45 852 7616
274 1 9922
269 667 6858
555 678 7604
221 533 1387
319 131 5765
482 516 5938
443 26 4222
832 604 8284
428 275 3156
190 70 8987
113 1 649
212 4 5774
938 914 844
994 1 4246
54 765 226
24 431 6945
204 519 9136
808 1 4889
236 833 1726
447 1 272
62 203 1388
392 134 4553
310 1 7578
813 213 9742
482 444 5470
446 751 6816
495 608 5833
722 416 1
668 1 9185
628 1 7534
558 1 7616
394 805 9106
683 421 743
695 610 1571
930 495 6845
545 1 6507
907 210 7508
656 908 7418
768 428 4791
905 1 7016
41 1 2756
922 135 1791
6 542 2789
638 1 3599
229 560 6036
489 881 9367
11 688 543
975 736 5172
859 50 4255
571 259 8621
952 265 1795
614 1 5642
707 838 9525
30 1 9373
802 1 1736
770 727 4994
884 1 6188
627 758 7568
553 1 4994
85 449 1725
75 1 1453
646 65 8961
289 540 7182
721 1 2196
470 1 531
114 441 4026
393 333 8702
361 377 4390
595 1 7795
812 198 9844
145 794 1405
336 368 6902
387 123 7986
386 477 546
349 195 500
405 717 4022
650 769 9912
588 8 7395
990 33 5545
321 870 4166
322 1 2367
711 1 7339
467 244 6160
461 312 8243
95 1 3063
511 245 4247
486 119 3236
701 980 9251
817 1 1814
288 401 4581
670 1 7327
768 374 9618
87 1 9893
695 393 4508
45 599 1813
980 1 423
187 436 4886
143 124 6867
60 766 4812
865 1 2680
606 336 3062
988 1 2569
829 130 5934
781 205 1048
995 999 3114
346 104 6433
612 139 1421
532 98 9377
685 150 179
130 815 3317
722 675 9894
755 1 8897
196 327 655
899 497 6053
896 166 7139
744 1 70
140 491 299
107 498 6726
347 1 5672
179 408 8464
956 1 1306
984 1 2998
441 1 8082
121 721 1198
730 796 7505
418 1 6246
437 1 7972
246 2 8742
763 941 9464
374 405 9136
734 581 7774
564 1 8878
881 709 1704
319 747 3707
936 1 6277
450 29 1169
375 731 6491
21 690 4049
280 1 545
813 848 6670
52 1 7365
738 864 438
326 1 1918
540 7 4371
642 1 2843
589 778 9057
448 100 4440
487 774 9493
664 647 5782
350 59 111
317 530 4309
632 280 3440
395 900 9460
37 120 8742
962 332 989
465 1 3317
171 1 1339
626 181 8961
181 972 2058
580 579 7155
62 544 8096
408 541 9831
996 689 6032
840 955 6151
837 855 3537
700 1 8660
618 937 7319
821 1 28
116 668 2708
974 1 4215
701 207 3049
965 710 6424
972 32 1004
620 733 4966
23 589 794
645 206 3846
287 3 374
568 342 5234
759 501 9691
877 80 2508
312 1 1696
771 55 351
237 366 5947
61 662 1156
427 1 9092
575 884 3287
597 277 4472
681 324 6782
237 890 2247
761 1 6529
902 878 3936
53 891 6694
354 634 2712
60 779 6319
702 191 2844
508 755 6248
139 512 4978
245 567 6514
266 619 6275
497 1 4037
932 1 728
649 537 5675
288 263 460
603 1 1732
442 1 641
616 1 7606
93 69 1929
464 72 7366
245 783 2839
440 106 1619
852 86 9873
448 378 886
271 103 8321
913 588 2171
68 56 8393
284 597 3764
168 329 5458
232 440 2864
772 199 546
391 1 4056
64 603 5745
654 463 833
63 1 750
912 88 8456
827 381 7152
601 745 9945
265 836 1055
606 946 8481
950 1 6459
303 486 3682
657 365 8870
663 251 7186
202 676 9356
713 372 5681
826 97 8917
193 782 6348
332 768 3286
941 981 846
692 163 66
589 152 2476
615 1 8816
100 459 9938
422 818 3362
519 249 3489
153 1 2109
94 613 1754
819 788 7252
619 1 3918
494 504 970
409 1 4149
287 975 7973
706 1 3066
433 1 4982
278 628 5074
538 367 7873
165 1 8485
903 478 5019
335 1 8927
382 1 6965
209 494 7829
850 696 8960
232 376 2186
790 1 5014
632 155 4668
883 1 7867
480 1 283
66 671 1015
378 669 1152
542 1 1128
444 1 1080
485 1 3628
695 873 6295
255 1 7370
219 1 3341
850 87 9783
910 984 5830
927 630 5094
730 897 7035
112 157 9747
289 58 2415
710 1 7535
858 1 4071
210 481 5480
176 850 2516
417 284 9145
505 1 9704
640 76 1000
339 626 515
962 67 4983
811 624 4317
789 1 8343
302 1 3942
357 142 6502
354 770 3356
978 1 8609
8 949 4368
554 90 3638
99 303 5976
513 1 5520
914 1 1117
897 663 3407
23 220 5499
511 811 7412
779 925 776
9 1 8839
852 129 3546
986 448 2957
285 25 284
645 791 6932
191 918 2703
960 1 2699
869 623 4467
526 523 6774
84 96 4530
5 182 6982
822 922 5918
257 947 4234
597 936 4334
876 607 6432
291 1 9216
483 380 8650
250 1 1126
235 882 3157
496 1 5151
222 514 4481
720 921 8118
228 52 5871
815 1 4471
93 993 4093
453 172 7742
504 161 1939
408 899 7499
682 739 3240
500 288 5702
939 1 4627
861 1 2078
533 752 9248
148 183 7583
406 1 2361
611 168 6179
762 1 6638
839 1 1411
749 22 6997
96 328 3411
733 835 5941
57 1 3979
677 1 5680
831 1 174
58 386 4664
840 435 8463
561 406 5741
999 193 3313
330 1 9588
751 1 5249
925 432 4815
356 296 420
767 1 3366
122 656 7037
979 204 1242
928 621 3810
86 1 4778
53 493 3181
691 926 1309
867 1 8017
662 359 8882
61 602 2287
448 269 6446
799 1 8129
44 1 6221
647 1 5159
305 18 660
161 577 2858
573 218 6569
175 1 7656
124 447 6268
344 325 8861
921 194 7986
667 228 8299
592 1 5386
586 635 2649
645 909 3113
838 1 1126
316 945 2313
620 201 9052
699 475 6375
474 256 3480
53 851 9472
795 876 6092
995 912 516
681 125 7065
958 1 9902
35 211 1646
78 979 245
543 1 7562
875 1 6014
999 399 9127
295 609 6200
351 144 2460
696 1 3607
770 798 2420
118 27 3970
985 337 4266
588 317 5278
773 1 6890
96 575 8274
275 402 7897
919 1 5751
105 590 6259
313 322 2548
213 655 1136
42 433 5260
334 928 5660
944 66 8614
146 557 7572
65 1 4712
495 180 1340
483 615 7403
449 235 535
232 225 7431
494 260 7919
228 803 3951
269 734 7332
813 857 5916
253 1 4196
613 1 1245
940 162 1929
445 81 9674
694 1 7444
938 146 740
296 732 3280
346 825 9864
983 834 4709
43 1 3898
524 1 1493
189 886 7951
3 390 8523
798 1 9389
283 133 3701
15 39 4781
170 1 1936
538 841 1188
452 178 6392
902 24 3948
103 1 9801
238 1 3964
698 392 5011
682 539 1140
301 1 7718
885 232 1897
650 847 8571
325 1 5636
986 89 5847
36 1 2254
971 802 7903
860 1 42
281 740 9851
783 1 9832
641 706 6067
830 239 7294
73 1 6923
713 894 9347
745 190 3509
185 757 1632
793 127 9596
575 911 5001
607 1 9582
476 1 8118
473 292 742
422 698 9634
951 1 9250
634 424 2677
454 262 821
372 664 5642
224 1 6624
849 1 6974
531 413 5957
28 189 1634
1 620 8113
226 1 3674
856 1 3530
717 1 3035
605 1 5662
775 82 5729
79 197 1641
993 297 3564
534 391 5770
166 370 1491
267 865 9747
582 659 1837
825 116 5136
806 1 6670
428 28 7535
368 1 4997
154 704 4653
525 1 3482
67 874 9997
205 680 586
314 1 7951
796 792 7090
836 1 219
794 553 3552
388 814 9767
334 924 7391
920 930 9193
626 508 2742
666 527 4364
58 522 1501
633 767 728
924 300 8829
464 826 1527
868 684 609
800 1 1863
299 1 7188
277 1 6337
990 515 3503
561 1000 7103
676 813 8459
377 1 1345
499 934 3202
720 801 295
378 644 6481
294 1 9871
873 1 4181
13 1 7829
210 859 875
99 248 4014
249 1 4177
673 272 1460
809 703 1964
378 257 1267
34 423 8030
703 674 1867
684 856 1033
180 513 1772
374 177 7412
356 919 126
756 1 2488
141 361 8912
97 1 853
104 640 1316
74 594 438
691 247 1462
10 1 3178
828 726 3977
959 1 4150
655 1 3033
922 741 7432
893 633 2608
699 241 4377
284 868 633
318 412 9254
559 126 7209
758 929 6855
133 1 9786
401 951 5037
797 1 7729
541 358 3799
776 718 9214
835 23 5540
758 822 2114
544 867 6832
258 547 3569
904 568 3981
752 896 7864
51 1 1692
33 85 1392
303 467 4341
925 702 4179
426 1 6655
894 472 1546
372 832 5494
571 846 7093
823 753 9359
661 1 5024
699 294 7421
659 1 3508
176 840 8056
676 845 4852
415 970 6116
805 1 8784
948 43 1836
886 1 5369
926 1 5993
634 160 8690
568 384 5155
439 132 7381
874 658 6418
94 614 5305
853 6 2946
27 641 1957
132 1 7419
12 1 9777
491 5 1877
763 632 7751
819 246 3992
637 842 3569
572 38 5494
548 820 4685
156 637 4099
482 719 2148
546 880 6230
177 313 9593
705 898 5592
216 417 5588
174 9 4616
820 1 3013
917 57 9095
785 1 9023
398 728 4216
715 1 1562
494 869 7806
644 528 6052
995 114 6931
287 819 150
398 722 4741
415 913 8437
911 762 3883
17 518 1159
941 744 93
766 344 6828
893 829 9467
719 1 3863
977 1 2957
256 19 7696
248 167 1613
268 1 6948
586 356 1264
202 221 7106
74 823 1632
979 54 1714
185 354 9254
855 761 4213
94 36 1306
85 185 4845
239 962 9800
34 764 2273
906 331 4209
901 1 8895
18 93 1295
544 499 8425
580 46 6808
102 1 9101
679 749 4476
639 555 3738
547 1 5602
842 117 9216
131 1 8526
900 1 9484
197 419 6726
458 1 8619
872 1 2664
866 824 6193
807 1 2481
486 742 5620
809 443 240
343 1 446
622 489 8919
841 992 7855
25 1 3903
47 746 6903
266 128 9568
100 176 9508
851 1 1115
203 939 874
869 71 4353
569 456 915
481 484 3146
501 1 4913
997 388 6161
3 679 4441
546 364 3337
178 1 9320
479 1 9893
430 705 4164
623 756 3058
32 1 1846
251 1 3380
737 700 7935
331 1 1330
402 1 6457
606 363 2905
260 707 3993
943 989 9001
220 209 1738
943 156 5964
260 483 9240
417 720 2183
289 84 1234
554 409 7094
398 149 2437
66 398 8136
511 223 6662
725 1 1945
290 1 5603
882 821 3887
385 565 2649
758 151 2869
618 938 7032
318 714 7561
685 77 5381
357 860 7824
236 839 7250
748 1 4700
776 595 4068
324 677 1413
26 1 4109
286 1 5914
791 12 4792
247 1 2044
254 1 3595
579 99 1249
602 158 1300
123 1 3939
669 145 6601
594 545 3037
198 471 9902
671 596 5841
843 1 1571
424 1 1135
244 1 2934
101 236 4008
515 944 5623
909 293 5947
928 407 5952
477 1 1225
780 787 9833
917 723 8600
19 1 445
968 1 6865
46 287 2512
333 1 5825
565 1 1040
242 902 9761
579 893 524
750 1 1460
266 959 1174
686 998 4633
388 387 7373
31 543 5965
108 1 3028
298 349 967
20 1 3565
164 1 4327
581 572 1257
434 906 6518
369 1 3716
222 872 1158
452 389 2358
383 520 1638
278 453 8644
135 638 5291
934 1 5645
118 266 618
491 318 7590
55 1 7948
425 1 8194
121 466 7422
969 49 2899
912 563 8638
428 649 638
687 1 5411
373 725 4462
916 1 1678
370 1 5171
538 775 1338
908 171 9489
782 273 6344
518 943 2322
235 917 6861
894 174 8661
920 812 5349
456 455 4179
186 437 8577
419 110 6027
163 1 5435
185 298 5094
788 1 6094
309 1 2944
667 264 7451
125 1 7732
380 1 7939
531 583 9094
138 1 9728
184 159 8557
635 853 6683
746 1 7676
736 551 6750
528 535 4104
195 474 574
220 713 5388
45 691 1094
359 136 5984
891 1 6201
834 1 9123
718 1 7507
136 226 7538
436 268 8611
161 927 3850
471 1 9859
937 974 1823
608 849 2510
643 362 1559
728 492 6001
869 446 7439
217 940 3938
810 1 7787
364 1 2532
33 216 6383
507 1 7082
128 1 9983
126 888 4114
535 994 5020
490 341 5428
569 627 194
618 863 3576
539 693 8462
587 582 7869
539 231 6678
143 866 8917
109 871 4794
947 879 2065
556 1 10
5 200 7130
137 1 4617
890 1 9132
381 526 4636
234 1 2155
970 586 7742
412 253 4837
537 1 8365
764 1 9564
121 309 3699
540 394 6276
139 439 1916
787 606 1137
536 1 6565
401 487 6054
221 196 3668
222 175 2947
747 1 3135
833 1 2
282 1 7061
557 1 8155
923 1 5429
897 314 7254
139 323 8082
630 712 242
488 141 1474
672 843 4759
915 1 9159
410 1 2619
515 415 3175
845 350 9168
400 892 9748
868 760 7792
263 385 4652
157 612 735
316 982 6298
735 1 2393
786 1 5572
533 650 1014
158 666 8309
117 1 9270
662 699 3641
949 817 6576
384 291 406
651 639 205
161 754 8982
550 1 425
58 16 3152
566 1 2116
796 400 427
500 45 6564
33 830 6622
182 1 2207
998 789 169
440 971 1056
341 601 2449
42 340 7994
665 580 5814
876 20 1607
894 105 612
16 797 5341
114 237 7126
521 286 6712
692 83 9484
716 1 1777
814 395 7446
416 1 5781
970 682 522
216 48 9369
118 692 3146
272 1 5182
621 44 4990
498 1 6787
112 885 1757
371 1 1747
445 915 6991
141 804 738
688 1 2172
739 315 6494
411 1 9206
115 34 8950
935 1 3057
967 122 2179
678 1 7508
622 771 9577
952 31 3234
871 1 6308
572 661 7570
456 17 5400
305 334 4266
70 800 4534
360 234 740
72 809 1392
671 222 1245
93 121 223
633 396 9520
4 1 5042
850 525 2355
963 729 41
478 506 763
478 308 5500
739 425 5222
593 1 5752
880 1 8638
680 1 3331
1000 1 3851
259 1 5629
841 790 420
870 1 2374
342 536 2122
106 1 9625
439 138 1323
656 933 1531
8 631 1804
531 348 5182
111 986 7459
898 1 1389
966 118 1490
122 969 5029
522 509 6788
381 285 5755
451 347 9562
588 618 3879
895 670 7146
85 920 7158
772 904 4101
74 258 6666
626 316 2199
778 622 2807
88 978 3058
264 660 9313
590 1 4659
306 319 8280
727 1 5065
769 1 3296
90 1 1610
173 429 5267
154 532 8924
466 418 8381
468 1 7640
845 452 7398
729 1 8006
812 654 5314
929 462 5280
693 451 6161
954 1 495
211 1 2738
116 170 546 599 620 347 947 100 804 339 506 662
