700 961 11
177 1 4093
303 1 8970
276 674 3255
39 308 2113
503 292 7160
55 43 7691
60 1 3027
605 555 8958
478 440 4988
530 139 8200
695 456 6140
484 595 6141
379 344 5943
513 424 3867
516 1 1350
440 347 3548
367 304 6700
565 315 2069
311 98 4588
548 651 9862
490 23 4285
215 529 7176
257 205 4344
89 606 809
478 610 3706
698 1 8071
240 1 1608
284 1 4632
395 352 8467
656 1 1507
592 324 9668
164 1 2559
111 10 6828
394 650 2922
51 676 1023
17 157 3987
686 1 6964
104 541 4050
504 235 9296
85 1 1952
260 1 8601
634 92 5435
641 1 8092
59 1 4543
651 176 5653
598 182 5794
494 450 4442
435 123 8704
2 335 7862
7 489 9029
252 364 4918
660 183 2147
626 618 2556
24 396 9261
343 320 9307
354 1 6261
449 1 7332
662 1 914
6 152 7245
654 1 2150
170 629 8772
189 213 6912
146 565 4708
106 567 5599
684 1 6185
124 413 2082
349 244 5937
499 507 3149
514 142 6131
309 85 5232
149 622 1452
477 378 4731
11 516 7018
83 184 5895
616 41 5625
112 1 2670
294 1 1688
648 118 66
67 1 1374
155 1 5902
364 106 5446
371 290 6291
387 504 4400
678 652 8002
511 437 1903
329 204 3706
78 342 614
504 103 9234
401 131 971
81 354 7858
25 70 1383
121 557 6094
504 28 4769
440 394 2442
168 167 1692
289 540 954
392 138 4524
55 383 3980
628 156 454
406 527 7006
575 558 9211
637 647 1905
102 1 8089
345 575 6228
199 40 4151
335 368 65
484 261 5249
43 1 2191
134 107 6483
307 136 6622
16 1 8092
201 340 1928
428 1 9264
143 1 2491
302 81 6281
157 196 1167
220 318 2548
274 392 6895
326 128 6752
236 545 3518
266 1 1104
301 141 4487
435 401 9611
162 433 5873
672 468 3280
535 243 7654
369 449 3178
202 442 4155
288 648 1633
626 291 9983
546 436 1161
412 39 7195
179 608 8239
679 698 5601
313 584 9774
695 277 2389
5 457 5665
517 1 5022
79 380 4579
288 253 2147
180 505 7996
508 376 2670
244 108 427
23 189 7259
459 1 1512
169 501 6707
614 1 4777
536 1 4059
691 1 9953
408 298 1529
333 284 3928
461 73 1057
550 631 2367
441 363 3538
245 194 3281
543 350 5646
156 242 7543
568 405 2810
364 423 9801
194 2 5527
213 1 2792
150 1 7313
522 542 2721
655 520 1030
248 1 2913
340 1 2494
531 71 9770
439 1 8577
529 500 7516
304 1 4349
321 1 7076
548 124 5511
511 609 3370
335 52 7502
346 1 9121
436 1 4882
603 400 4208
161 1 3898
407 415 5292
61 554 513
45 521 1778
331 1 9220
545 1 7921
561 1 4144
135 93 9109
232 403 1201
591 1 6141
492 649 3004
414 77 362
72 148 5941
249 473 8530
609 1 3153
496 431 3253
336 569 1251
300 699 534
623 1 2517
206 68 96
45 487 303
689 54 1094
283 613 3963
190 434 1003
639 574 8169
619 448 5825
254 1 725
363 1 5670
360 503 1298
457 238 1958
341 1 6229
430 666 5195
397 1 7249
264 279 3093
446 641 3324
455 333 2820
676 1 1013
281 1 3819
261 1 1929
419 1 8565
317 303 6311
611 366 4932
293 281 8926
617 582 2252
500 249 3461
148 444 8430
40 680 1856
295 1 1063
358 1 5315
54 670 4373
32 1 7511
567 607 5618
231 275 1818
564 615 1473
66 193 2972
370 56 6338
298 1 3650
647 251 3696
525 337 8359
672 155 4947
523 272 5653
585 548 4587
29 1 6493
479 1 9254
73 1 4032
251 635 6168
415 1 2073
184 121 5044
670 280 9986
276 386 4001
564 491 9961
218 604 6296
491 1 5284
475 1 8886
375 1 4899
645 1 5097
685 589 3668
166 1 3107
460 492 2511
412 398 8982
690 1 3831
467 217 21
104 695 4599
40 445 5648
424 1 7846
418 600 3923
9 311 8337
465 688 1495
425 1 7618
551 668 6695
632 534 2793
315 484 9623
217 412 1281
58 432 9285
422 452 8876
228 572 1664
387 230 5452
348 355 948
391 1 6708
140 1 1789
461 158 1301
4 1 6668
31 115 4436
296 1 6584
372 510 1905
396 306 5687
156 246 1680
71 1 5572
108 179 5145
569 391 543
104 601 4554
52 581 8975
376 283 563
128 27 5504
182 89 974
389 560 8408
368 644 9426
15 420 9310
503 678 6254
238 1 3396
226 160 6004
462 25 9046
247 1 3018
527 1 3636
584 188 4682
401 255 8245
129 21 5300
573 372 6485
647 367 9192
580 1 8359
344 687 8273
334 1 6844
488 1 1378
423 693 9061
349 696 3428
186 130 9634
14 522 4747
182 57 1459
49 1 5206
693 276 9891
655 263 2001
312 464 6111
567 197 5217
505 351 8916
510 1 1614
36 1 6190
111 389 3675
486 1 7392
78 17 1851
463 162 9929
23 509 787
228 617 4206
600 117 5326
319 1 156
646 587 7841
378 1 6360
98 221 8400
443 314 9492
487 382 2844
512 630 3943
351 1 7850
638 58 1117
139 237 787
225 563 5579
560 381 6529
632 439 566
694 1 5213
151 1 1275
58 612 8376
46 544 6770
586 388 7517
427 1 377
451 1 2880
430 172 2733
667 35 5644
401 305 845
519 143 5274
34 506 9318
214 1 8236
402 1 3476
396 370 5598
452 1 5374
496 322 7681
448 180 924
546 593 1881
280 429 5521
544 312 3635
58 67 280
663 1 1365
291 239 6478
466 80 575
306 267 5566
116 658 3946
264 101 1361
624 29 1145
44 1 474
95 60 1926
144 206 6357
86 1 8100
75 1 301
251 633 9478
3 512 1968
258 1 7029
610 270 2357
672 91 1052
219 15 2672
472 446 3201
289 258 6325
21 418 8342
668 1 7789
353 511 6152
301 570 3939
399 1 9514
461 421 3832
268 1 1214
478 46 1395
118 1 5705
587 1 4848
595 1 8026
230 499 7069
434 171 7678
54 88 8600
594 1 2634
497 1 1623
398 395 6312
246 38 130
8 116 2097
203 379 4589
208 1 2838
187 1 6548
271 409 1242
165 1 2315
403 1 8516
243 1 8270
269 528 1023
259 299 9567
596 1 7294
141 1 576
638 671 2244
387 525 1987
133 1 8364
619 490 8395
136 579 2277
115 1 4229
253 417 2227
336 210 3491
469 1 5623
287 1 4283
525 515 4690
598 252 3649
35 164 1351
78 245 2367
674 564 8600
597 634 336
468 154 3990
193 132 4912
265 482 466
359 387 2438
231 301 9500
526 1 9655
277 1 5337
137 653 741
542 1 1970
57 8 3852
463 636 5363
146 199 2992
237 681 3419
682 14 9008
582 1 3567
600 447 5662
1 467 7346
578 690 8282
62 265 408
207 428 9622
640 181 2511
205 62 8986
181 260 9464
125 359 4485
377 1 3268
249 571 4154
122 202 4485
350 19 970
171 135 2872
384 1 3085
423 458 1306
450 33 6861
550 178 4348
310 174 8123
636 1 5650
602 1 3847
464 616 7777
558 1 987
20 1 940
175 169 6098
297 1 1190
621 105 2654
547 474 5442
188 83 4608
673 677 8013
192 1 5360
239 1 6621
233 198 5358
270 151 9994
400 592 7029
554 285 1331
57 288 2504
77 1 6014
571 325 795
620 526 3340
445 1 5634
563 99 4948
361 147 7825
655 538 6603
420 1 7819
426 502 909
315 535 4260
633 1 1032
101 488 5256
148 638 2382
136 551 3033
628 222 5454
34 195 6511
318 614 371
127 286 2745
649 1 8960
13 346 1561
178 109 5398
64 524 4401
198 1 2520
410 1 9762
667 586 6113
22 1 9141
276 170 1471
589 65 6106
25 207 2521
300 302 2802
349 145 4961
325 669 4886
666 1 3596
437 1 8300
416 462 519
608 1 4895
537 466 6124
339 1 3474
498 430 9065
418 313 3384
18 64 7733
159 655 6448
332 16 4991
356 672 115
19 50 5833
163 1 445
127 32 2977
538 1 6203
411 1 9541
74 402 1936
219 659 7763
196 316 4939
236 209 2689
383 656 283
30 282 1052
317 185 8801
250 459 5775
360 463 2523
65 1 1258
96 472 8295
255 102 1676
288 660 6218
169 518 9532
290 1 1623
117 422 869
483 596 6403
216 1 2869
460 220 3345
607 9 9876
570 1 8285
604 219 3080
308 257 7608
652 1 4733
539 523 8071
145 297 4074
611 553 565
263 1 4867
667 406 3402
41 1 6767
395 264 4407
219 262 1690
264 470 882
45 211 5697
64 190 4378
335 620 1164
153 96 6749
644 1 9530
131 411 3290
647 552 5623
559 1 7139
217 129 7936
318 645 7298
90 1 9708
531 594 7467
157 13 5272
601 532 576
308 218 221
79 441 8140
8 55 3920
568 74 96
373 358 6424
509 1 3352
234 1 4056
385 547 7508
584 317 1422
310 332 4481
671 605 4424
577 550 6288
68 4 7883
598 78 7543
47 273 694
53 177 9572
564 559 8424
515 266 6391
235 1 301
180 76 5939
103 1 9491
174 580 6182
316 1 9228
612 1 1465
92 319 3320
635 1 7163
159 624 5114
574 675 3027
314 455 981
154 1 385
283 146 9954
500 356 1202
223 543 4876
91 1 226
556 90 7649
68 623 1299
317 497 3577
404 321 8056
371 485 5159
421 517 4998
330 1 2537
458 682 9582
556 334 7637
110 1 6771
337 1 7124
14 59 4682
344 438 2694
310 353 1899
11 495 7424
541 323 9346
47 679 7837
199 673 6914
47 309 5527
278 112 3416
454 1 8378
320 642 5198
532 1 6930
389 144 3491
116 86 4576
274 232 7911
675 34 227
518 483 4529
661 1 5464
421 480 5102
573 79 1106
462 153 9464
10 104 2753
657 663 4682
476 326 7520
33 1 7911
458 476 6031
624 591 6408
280 42 3844
147 1 3667
23 686 9530
453 1 968
80 1 8349
175 113 2223
229 536 9218
435 611 5772
386 578 7920
50 1 3407
430 643 9038
312 256 3446
562 1 6822
625 694 3767
643 1 4995
618 684 3752
444 667 3610
195 225 9570
267 1 8014
42 1 3836
152 1 450
122 192 9829
68 22 8938
272 375 1556
307 271 9292
393 399 8042
114 1 2589
109 1 3163
366 377 5952
508 598 8620
105 426 5922
84 1 9795
447 626 8638
113 134 5451
485 1 7114
315 646 3338
352 12 4025
669 1 6332
569 49 5462
429 1 1944
409 327 6090
700 561 4499
699 233 1741
123 231 2911
382 1 4617
467 508 6735
169 348 3014
659 163 8226
470 493 2656
664 161 7379
681 126 8414
653 66 3106
62 599 7207
175 223 3703
606 349 1013
463 140 2851
482 1 1744
21 639 9953
539 274 6013
665 48 4047
374 1 8572
54 53 1935
547 51 3841
94 236 3562
355 1 7385
683 625 7307
366 481 6899
624 451 7762
305 133 9990
583 1 2360
205 471 9705
540 1 6079
597 498 3210
171 556 1446
242 1 5341
307 577 4179
38 1 8180
122 240 8355
422 69 2404
269 479 7188
347 100 2085
416 175 7169
209 1 6645
28 1 9292
171 373 871
105 486 4009
255 657 8494
625 691 8966
197 45 3961
181 427 4506
301 397 3012
665 361 8885
333 662 2792
634 259 3205
481 1 2446
553 11 6529
262 583 511
237 465 5696
63 435 4290
688 1 6852
342 307 8056
129 111 3994
446 331 2930
446 414 7617
630 114 1791
534 1 4622
680 187 1795
125 328 6323
237 546 9328
552 82 551
172 1 3510
470 216 1413
588 531 4071
533 1 154
14 247 7056
438 47 4942
138 1 514
139 159 5549
149 7 3907
158 1 4474
638 269 6406
200 1 3271
462 460 3358
256 186 9198
185 293 6475
271 339 2155
581 1 2078
599 1 6985
560 227 7851
414 241 6367
474 1 188
500 461 2258
388 166 6712
568 212 3117
323 1 6226
689 168 4855
99 1 7738
279 374 8021
300 568 1177
622 1 7066
327 1 4923
697 700 1038
17 122 4830
555 566 8993
432 404 7543
111 619 1885
27 1 286
687 494 8056
381 201 7433
324 1 545
9 697 2529
677 393 190
30 371 3815
134 407 2239
225 191 5739
15 425 289
442 390 4393
619 343 7816
224 685 3625
63 97 2243
134 345 534
93 1 3812
241 1 852
376 357 7246
227 296 3280
352 224 7078
87 1 2100
665 173 7369
329 362 1450
471 127 9628
357 137 786
302 369 6372
275 5 665
572 1 5615
529 689 1716
610 228 8207
507 410 7499
167 226 2002
557 20 6262
658 1 1283
590 1 2546
195 30 5142
286 1 1473
70 268 6360
12 95 7380
398 203 7211
97 125 3000
88 36 1773
548 229 1379
146 585 2976
299 1 367
132 18 1912
440 94 6787
444 573 1219
431 295 5509
211 453 66
621 119 4648
413 1 7608
100 1 3786
365 1 6097
176 1 3587
182 300 4572
130 1 8820
483 562 4251
217 215 186
338 110 535
642 632 8809
613 336 4037
10 637 2536
117 278 1422
142 1 5319
376 63 1433
529 530 6564
549 419 3143
489 1 4144
314 603 3943
456 1 6706
567 628 3495
547 365 2067
126 1 8084
48 664 6470
593 1 2434
204 1 6347
543 692 3256
160 200 4
215 416 1856
212 1 9673
650 1 1003
390 1 5815
631 1 3459
257 24 7099
119 37 9402
168 149 8030
322 1 5918
524 360 4
120 537 4567
615 1 6452
191 475 8813
495 1 8603
460 627 5340
82 1 234
13 661 3922
687 3 3124
405 1 6797
232 341 3416
699 408 7268
37 1 7092
412 72 6473
569 214 762
76 602 9158
173 234 4556
183 1 7232
357 478 7943
576 150 7255
606 310 6839
26 1 4298
621 61 9110
362 1 2864
396 513 5300
528 1 4924
119 6 6322
566 250 8750
336 588 677
116 26 703
272 549 4667
30 294 681
473 254 5269
613 621 7471
136 31 5845
366 165 3872
273 84 9162
221 1 6078
285 469 4145
573 576 2285
302 519 9227
292 1 7560
493 533 5904
389 120 2670
107 44 4033
17 385 3018
692 329 1827
56 1 4940
25 683 6601
120 338 6122
271 87 2194
579 384 3439
245 443 6771
604 665 1303
610 514 6302
520 1 8423
124 287 2579
695 654 8975
629 330 7172
69 1 3255
501 454 9677
222 496 8191
696 248 287
210 640 1298
328 539 2013
282 1 6131
521 208 5169
417 75 1174
506 597 2209
380 1 9313
627 590 9810
326 477 7787
433 1 3224
269 289 2066
480 1 456
502 1 7256
364 336 384 334 135 365 124 77 647 564 156
