1000 1007 12
376 216 8338
515 871 4305
454 496 1998
449 237 7518
184 329 7897
915 342 5209
24 416 3828
578 577 5634
552 826 6348
887 108 704
524 741 1830
681 46 2030
240 207 8665
174 131 242
776 18 1971
379 822 2213
909 9 8353
92 709 1866
189 433 3665
87 800 1624
789 586 8798
98 739 9444
257 453 7790
593 994 9294
819 350 3025
277 192 6305
436 999 4795
518 873 986
930 440 7161
998 294 4447
858 759 4875
680 266 5498
902 760 8751
554 231 6872
659 998 9367
99 632 2999
468 664 8432
199 139 9547
426 315 4985
886 940 4780
880 939 250
319 563 3166
693 222 3161
78 847 5267
249 570 3407
601 351 5131
291 763 7479
830 825 1759
424 905 6997
778 920 7495
397 811 9734
178 712 2146
736 861 6939
219 769 7523
965 567 1439
584 26 6315
636 69 3827
542 953 6234
434 391 7301
238 648 7339
551 333 7032
463 932 8527
39 643 2836
966 598 5782
403 663 5398
748 164 8554
544 426 5132
555 839 181
716 205 8100
971 888 116
520 565 4960
780 34 4702
826 917 3281
904 445 8120
579 399 9968
58 788 6687
311 232 9603
54 506 3798
827 49 4797
820 667 6599
529 115 1292
819 282 4530
691 574 5096
188 498 4582
628 575 2052
634 439 6534
992 95 897
685 673 2230
455 387 2767
801 54 4549
782 720 9568
633 77 9798
742 178 3075
900 823 8755
505 127 1931
341 556 4824
147 880 7309
873 777 7063
305 320 5004
43 262 1760
333 594 3530
682 179 6316
519 429 6461
869 583 6811
611 417 787
412 52 2780
638 957 9849
441 781 6741
676 789 6577
42 356 4646
255 767 9691
202 44 4221
180 305 5527
790 394 4786
859 274 8802
423 464 3931
353 856 1320
19 592 6050
248 908 6160
450 441 438
765 325 598
919 585 2080
346 587 6588
979 475 24
845 412 7186
687 436 8518
175 980 4847
632 72 846
774 396 1932
351 463 6203
309 468 2606
905 732 5462
295 101 8870
890 31 5418
589 677 8624
7 885 6008
779 53 8198
933 599 8472
549 558 2749
610 368 1126
494 867 9469
64 314 2439
354 539 5346
718 882 4996
181 952 7225
17 981 4148
758 828 8926
597 163 4896
852 937 6549
987 144 1437
883 286 5333
2 636 7147
440 996 9868
280 710 1920
378 924 3522
541 509 7054
21 962 438
225 829 4721
320 229 4251
50 548 8721
953 858 923
3 230 3208
982 119 534
69 395 6144
968 98 8626
872 70 9157
956 29 2151
752 576 3175
616 850 7629
115 392 1251
461 630 4300
526 779 3449
322 292 3690
312 255 5998
144 249 8444
490 343 7266
641 840 6497
777 927 3721
97 357 2161
798 773 3045
711 84 1510
223 235 7493
481 435 6543
347 418 1377
470 836 9413
719 819 65
761 740 4782
402 941 6202
211 564 4785
306 90 9033
744 503 1274
438 76 2059
487 288 2240
997 668 1808
343 81 4554
623 32 7217
945 820 964
912 442 6704
834 281 391
484 733 4944
165 831 7955
788 955 1043
516 974 8393
356 301 7996
471 918 3392
840 473 3188
478 808 5261
260 814 9888
407 770 3261
533 817 3773
53 42 2932
678 968 4770
227 745 1265
462 931 5827
860 2 2498
22 8 7029
585 280 5891
694 537 3632
384 103 9582
129 645 7027
566 896 2664
571 976 856
34 242 5437
44 200 1255
833 17 9015
138 578 9990
665 1000 4824
16 911 6330
594 531 3045
474 405 1566
531 461 1274
749 965 7351
596 375 2608
46 588 6018
920 886 5346
901 909 5999
949 633 5557
387 402 6958
112 835 2238
647 717 8817
878 377 730
812 166 1522
377 407 9938
173 211 8347
567 495 7348
162 180 8788
556 173 5375
734 865 9590
528 792 2419
159 363 1309
973 731 2968
335 518 1434
590 209 8516
232 907 8404
675 753 9040
809 852 7530
538 652 4745
732 99 3863
791 269 3859
310 608 4141
829 153 5429
746 88 1484
134 510 1492
157 514 4388
715 899 3853
355 359 3189
645 675 6739
79 686 9410
153 83 6499
582 466 8976
731 730 4578
804 449 7228
456 423 497
543 864 868
587 837 1926
388 404 4196
117 279 9655
213 884 3653
892 680 137
29 845 8425
661 309 4961
535 743 3104
614 370 9858
763 355 3476
414 494 7859
316 635 8897
757 830 7357
740 390 8955
573 761 9112
620 735 7567
548 48 3096
71 479 4540
89 268 5403
382 174 939
148 151 8927
359 951 5607
710 260 4127
83 512 2017
568 857 5016
119 476 6977
677 611 993
365 881 5946
943 757 557
489 486 7841
495 505 3165
241 559 2482
477 775 8389
894 854 2819
32 797 6134
361 602 8525
235 660 7595
854 790 7446
253 238 1629
670 240 7452
517 629 7273
550 23 5839
136 654 2700
123 215 4629
409 661 4794
850 335 1811
301 302 8548
768 71 7889
216 755 2702
605 874 302
959 725 5179
656 883 7981
896 296 5908
657 50 9305
981 997 9997
465 913 7276
475 135 6282
88 664 7341
209 674 3221
214 86 3190
692 191 5182
855 128 2737
662 744 5671
281 903 3570
427 566 1907
380 987 1805
686 276 8446
66 254 9501
621 622 9250
289 794 74
787 843 6952
327 57 2875
324 713 2265
363 431 6003
618 311 7503
25 711 7058
985 584 4166
318 934 2402
416 929 1298
932 855 6867
131 768 2703
502 960 6476
863 848 1199
673 824 8611
358 347 2132
814 945 1196
45 427 2238
473 612 4765
503 41 8536
865 801 1810
668 385 7954
545 132 69
274 344 4546
196 437 3625
857 438 9990
460 671 6452
1 298 1781
881 219 8436
308 696 5952
898 384 7382
728 124 4861
140 540 9255
102 853 256
577 973 7125
33 893 1609
250 11 4111
479 451 534
285 100 5774
452 682 2864
428 22 8183
212 66 8993
510 935 5567
93 147 4658
86 87 191
472 562 529
431 591 3142
273 233 7738
609 149 2766
767 492 7906
650 956 6274
604 323 4575
266 738 2212
885 689 6342
251 145 5472
457 373 2188
653 959 6332
104 639 1923
1000 653 3968
37 225 1119
907 866 4226
513 684 7701
726 75 5979
332 246 9832
313 638 4309
344 805 3104
846 248 1440
652 33 8419
967 341 9989
221 28 7214
20 785 7634
977 295 8172
713 158 2558
626 448 3200
261 561 2829
190 912 2748
876 659 80
464 462 2322
156 60 486
73 618 9197
522 19 228
509 728 3111
113 523 123
821 774 8791
299 685 5804
420 47 5594
970 478 978
325 736 8487
122 610 3868
328 58 1297
935 816 9605
952 528 8093
497 403 8997
629 821 5584
712 336 7924
367 625 9657
201 764 5039
808 362 5716
252 228 4427
218 199 5027
203 386 2929
666 708 2061
139 223 3198
386 519 5486
483 167 1612
851 515 2379
784 397 4585
810 477 1692
537 247 4700
910 334 1422
323 340 888
704 925 1279
385 988 4532
220 483 7363
268 954 6421
278 644 6688
931 898 2956
76 862 7398
23 89 5174
91 504 6824
760 290 8694
796 597 4779
679 872 1268
239 958 4043
823 707 6714
576 213 5544
315 549 51
703 793 8104
243 1 1259
62 15 4478
459 322 3130
197 772 539
561 802 6538
897 348 2680
916 258 6024
11 672 8149
514 669 1410
167 748 6960
70 844 6192
729 914 2461
292 411 4734
962 299 3432
298 807 92
884 727 9265
458 398 794
114 529 6512
110 497 2304
913 715 3749
870 243 3910
815 649 7478
525 546 6924
802 737 8955
771 110 8608
839 376 4544
924 327 9349
182 501 1673
753 904 87
708 716 5752
841 533 9776
8 120 1345
272 250 229
941 604 9257
530 978 1883
547 188 3118
282 879 1936
574 863 4258
10 806 7618
283 521 9697
843 326 7569
925 278 3810
160 20 2158
989 947 2302
433 485 7241
975 226 2249
163 379 7919
877 833 8034
135 695 8760
145 287 222
38 810 8134
606 328 9021
288 317 4051
296 601 5058
390 646 4328
586 338 9010
350 782 9601
498 62 28
400 609 682
75 82 6039
247 161 5779
476 557 457
125 331 7383
649 868 2359
868 568 9714
293 204 5617
560 118 5476
775 603 8001
127 791 6226
85 203 3094
48 111 7698
689 159 3794
646 662 3255
730 900 9855
990 7 2448
269 43 495
230 701 8455
237 832 366
18 37 4880
570 306 3566
215 382 6939
695 543 3013
837 721 8939
735 616 990
155 472 4422
831 890 3266
914 948 9999
658 919 4022
562 942 9645
848 452 7033
688 168 60
47 234 1776
500 838 7489
938 393 3794
950 776 4134
486 182 3554
702 210 5762
303 754 5962
116 778 1555
401 946 1987
622 217 5407
697 795 5604
176 799 2133
939 691 8661
56 146 1810
101 138 932
67 201 5507
94 354 264
30 64 1297
469 40 386
727 666 181
234 967 4587
137 637 3398
805 25 9119
565 63 1928
700 869 4172
588 304 8736
669 878 1927
637 517 8193
279 432 8381
948 470 8959
448 285 4605
882 177 156
124 264 2799
822 596 4750
258 257 641
871 986 6353
130 358 512
825 415 6602
72 194 4259
946 277 8850
648 500 8360
603 718 6214
263 406 7334
766 851 7020
929 993 8023
934 350 8265
496 693 8878
36 38 4638
690 220 5913
899 803 9263
602 983 4818
453 381 500
171 990 9013
714 324 3937
340 520 2427
391 756 3184
922 185 2672
200 746 705
118 272 7728
287 175 7404
126 979 6015
443 507 8684
751 538 7559
336 889 5166
911 615 3434
580 928 4552
817 892 1518
4 985 297
893 143 7505
781 14 2128
374 389 9146
418 459 5865
701 425 4693
631 694 6480
373 894 9236
264 330 2715
187 380 1096
786 169 8114
619 190 7352
488 129 7009
80 430 3728
14 109 8521
366 388 3860
499 926 9092
415 186 2457
326 349 2638
31 271 2275
231 628 1481
26 252 3343
121 261 6355
996 253 8884
446 964 5709
783 688 5038
413 491 2795
9 51 874
699 536 4823
270 454 3698
405 813 8743
158 692 5119
161 762 1202
672 593 7222
864 263 617
980 94 3418
205 409 1914
835 366 3448
267 372 9006
733 516 4628
128 975 4543
245 751 7119
421 414 8331
926 658 7903
348 420 7198
244 312 3204
795 13 1762
284 307 6290
615 401 2012
961 424 4400
480 827 4916
879 93 3492
721 765 4094
194 922 1270
12 154 8728
430 891 9802
553 471 2660
944 490 1522
803 944 7028
903 413 7482
432 3 5219
394 722 5770
246 787 8953
583 499 2772
504 256 2992
627 117 9569
152 783 6190
236 189 4905
698 842 3016
419 489 5195
422 657 5885
108 1 7558
170 705 8665
828 493 567
667 605 1813
976 590 2214
330 678 3770
799 626 3574
425 136 8503
745 916 5782
793 134 4325
540 527 9771
179 155 5625
630 579 8418
418 359 1040
168 595 4352
918 195 4572
709 982 51
27 318 2225
210 275 7951
836 5 3885
360 410 3795
177 112 3720
527 726 2837
95 345 6567
569 617 3063
773 665 2405
444 525 9108
995 535 4320
242 488 5420
635 85 654
521 130 204
720 571 9329
861 39 5670
302 619 7122
705 950 1141
607 297 7883
262 714 892
684 465 1067
399 165 2738
811 971 3025
383 206 5391
404 969 2508
107 995 8649
146 212 161
644 68 9899
304 582 9353
290 27 1084
960 1 9950
82 642 1577
862 766 9034
917 897 3834
314 183 5372
575 259 9105
974 474 6670
111 798 8290
564 156 2168
756 640 5426
226 197 3749
411 208 6487
106 634 7197
276 815 4402
493 541 3042
5 627 2877
491 621 6423
908 681 163
398 551 4018
96 870 4305
492 181 7406
172 670 1436
889 239 7042
191 542 430
259 747 6826
785 771 5901
762 532 5431
706 921 3338
724 580 5800
994 729 4783
592 270 4421
754 30 5749
369 915 2711
769 859 9806
439 687 5934
40 10 8082
842 647 8911
856 966 8955
572 55 2723
364 706 7430
512 78 4380
972 784 6471
286 293 3916
651 244 7928
755 313 7224
717 895 3309
895 332 804
940 606 3646
794 16 3471
271 860 4821
445 457 4303
849 102 7229
993 804 6256
52 150 7696
417 245 4010
816 1 9434
655 4 3597
813 877 9440
217 160 9123
964 812 9396
958 92 574
429 984 9896
467 487 1496
294 300 9637
372 218 9701
558 157 7429
847 614 4070
195 162 4963
485 719 2735
132 214 6793
206 511 2392
442 80 7114
74 125 3263
447 184 2659
334 849 5041
906 352 6839
797 371 5967
368 56 5844
806 933 484
536 513 5790
598 547 7017
559 364 4786
375 202 3018
824 221 9624
955 938 8834
891 319 3379
832 482 5409
275 283 2430
963 24 9171
507 480 4532
88 196 8177
595 623 9744
331 581 4427
674 303 6024
613 97 5732
942 906 479
792 428 3452
229 484 9802
198 67 5442
51 291 2538
739 786 6594
307 550 4185
15 321 9651
437 972 6208
874 450 6844
381 613 1043
207 236 3046
393 698 9162
300 422 3238
352 421 3530
63 544 4951
59 141 6606
55 723 4667
696 679 4320
6 198 6230
396 534 3500
406 458 7699
105 434 1638
451 780 2281
617 187 6869
254 887 2521
671 961 6809
345 121 2964
999 573 6947
599 841 2832
991 697 8696
640 172 3778
466 834 2635
392 796 8497
338 749 9219
563 655 5172
49 522 1442
81 846 9755
169 74 1174
743 809 7649
818 683 6598
532 142 2216
738 508 695
506 989 2112
707 369 1806
608 699 576
408 137 7062
747 530 8411
923 456 5242
35 467 7734
166 970 992
988 943 5094
349 133 1784
866 284 8982
534 949 3726
947 241 5004
986 267 1502
68 607 535
84 360 4319
142 6 4801
984 105 3366
983 367 9366
759 624 8578
90 460 6001
224 502 4214
725 316 4148
875 419 1172
844 656 5655
317 703 3902
256 193 2346
192 91 3304
508 620 500
664 339 913
807 104 350
183 641 2611
435 107 2718
149 447 925
723 45 6024
28 12 7481
482 526 2518
77 171 109
208 251 8472
329 265 7611
193 930 8244
41 152 7453
800 901 1337
339 73 3247
297 910 8955
222 114 8223
683 875 7566
57 572 107
141 36 1588
600 589 6931
233 122 8684
867 443 3940
838 61 1145
511 148 2831
1 704 1464
357 35 3151
750 742 6732
663 690 161
120 170 6454
185 724 3583
204 524 1073
853 936 6803
186 700 2545
722 876 143
65 374 4079
951 554 4921
337 106 7623
150 553 6597
13 552 1381
265 752 6094
342 923 559
154 560 9625
523 289 9899
978 569 8247
1 96 2871
625 176 8853
591 481 6469
460 663 6788
770 750 8959
228 902 4409
772 365 71
937 308 3994
1 65 8348
410 977 7567
133 818 6824
654 408 6163
546 337 717
581 59 9907
557 227 6323
921 631 3523
643 113 9842
395 123 7396
370 469 6677
969 224 8738
164 378 3890
737 21 756
100 676 3658
888 650 1512
624 383 7352
954 651 5039
764 758 3957
60 545 4262
660 991 1015
539 273 3855
362 353 2509
642 702 3885
109 116 9059
639 446 8977
741 455 7025
371 734 4369
103 400 9737
957 361 7095
936 126 8362
321 346 8085
927 444 4661
612 79 1537
143 963 599
389 600 1729
928 310 7796
501 992 6922
61 555 5251
151 140 7637
243 148 109 26 297 739 693 623 585 278 527 33
