750 757 8
669 526 6049
515 329 5785
365 563 3903
685 701 8099
32 495 1070
508 61 2468
475 669 2115
731 625 4219
689 230 8995
272 21 2014
47 124 5048
636 604 2692
380 661 9133
727 578 9819
593 395 5170
189 589 9002
578 632 9342
187 56 3456
697 409 2572
740 679 4079
87 547 1417
177 486 2956
296 512 543
378 539 2876
100 388 8801
240 374 2271
210 609 6934
345 182 6511
705 348 5752
127 384 2932
496 667 9537
601 244 1800
465 219 8717
589 281 3440
395 488 6250
728 325 6138
509 165 2259
88 423 8364
191 566 356
677 440 1253
525 353 6730
718 199 1755
192 356 296
732 63 5862
285 187 7926
3 1 5465
163 576 4863
360 73 7267
746 201 5272
239 26 3786
452 605 1345
237 53 3041
617 370 3094
183 420 8239
649 431 5916
116 341 8246
610 240 6862
446 587 9201
364 265 4757
164 324 2613
308 202 2133
702 405 4293
75 252 764
533 602 7201
202 665 4084
432 80 7014
269 30 3338
351 271 6342
573 372 1729
168 600 45
524 211 7594
534 34 4810
312 322 8151
317 334 7889
199 363 7023
748 6 6076
428 258 9706
126 572 8237
78 595 3343
124 71 1329
102 690 2023
688 676 1039
247 2 4369
439 432 1468
320 743 5630
654 684 6637
491 626 9713
280 17 2491
624 68 5837
454 358 4469
552 410 5103
250 135 4321
391 209 5114
608 560 2218
591 197 1521
664 377 9197
354 379 5583
497 117 1210
42 115 5539
335 233 7312
184 113 7606
20 339 9484
558 309 2121
282 430 5757
212 443 3725
512 622 9144
52 327 8184
258 36 9782
4 638 7380
663 612 7878
683 739 1110
724 121 5754
390 162 8917
175 107 1831
8 349 7221
557 465 4546
594 473 4819
236 408 6934
334 129 3388
513 295 655
561 608 7754
267 347 8490
74 92 4976
227 529 2867
397 32 7059
245 593 2848
242 214 2064
349 15 2642
114 746 410
330 489 3954
369 476 9953
50 573 8015
34 680 9789
597 468 8425
10 5 123
662 681 3513
5 254 3920
633 558 8307
30 288 3294
747 502 7652
338 606 6184
347 37 756
622 683 3405
618 257 1452
71 732 8938
438 336 6978
549 116 2349
179 402 3756
56 96 3911
745 391 5736
666 346 762
431 174 1664
266 212 577
106 412 2089
459 155 883
445 454 7636
284 74 4937
712 688 9298
200 218 277
145 292 5346
565 158 3251
161 637 6581
346 725 9712
407 251 3039
57 712 1357
530 262 9835
81 708 2904
739 478 5277
299 400 4493
540 200 2549
243 407 2928
234 66 676
355 13 9656
566 169 2684
11 125 8480
485 167 8593
105 9 9661
21 54 828
185 91 2348
261 650 9923
165 184 6564
665 354 3110
744 675 7939
473 90 3492
374 29 1550
99 277 8821
442 554 1127
160 641 6486
571 249 8118
510 120 7755
60 232 8183
384 163 7720
128 239 4335
453 544 7895
86 531 7110
130 527 2044
679 730 4081
298 119 13
90 41 7320
569 278 8573
562 659 8914
400 172 6599
201 333 5600
570 579 8569
288 671 5634
253 592 4079
696 77 7162
382 716 1647
154 559 4907
171 470 5861
511 749 7921
750 62 7822
619 342 5322
637 152 5859
671 585 1313
39 549 6872
655 623 1031
140 243 8792
195 224 3357
190 127 9148
493 451 6546
12 44 7892
703 654 3219
289 275 7233
135 482 2138
639 565 329
691 493 9276
65 498 6218
107 215 6693
166 49 2947
35 439 1142
55 33 5606
625 403 5897
176 437 6741
95 357 4175
159 418 7882
276 653 820
692 337 7688
486 291 9528
216 603 2078
388 466 3548
422 24 3801
315 302 9899
500 633 8870
66 263 9659
435 416 7563
392 425 5741
409 660 690
213 122 6354
226 20 5449
260 406 6189
297 383 9252
605 467 9692
462 146 9408
642 45 2836
329 678 1829
198 475 9736
449 490 2111
221 436 4398
311 231 6428
604 274 1409
7 38 5539
182 414 2034
134 702 3657
722 1 8632
404 731 2560
209 717 1538
18 67 9451
265 70 247
53 267 7418
741 253 7880
150 247 146
682 22 1218
714 109 7778
483 286 9015
563 204 7228
257 580 1692
536 496 1107
471 520 4269
155 195 4398
450 624 2908
224 196 458
64 715 3649
77 422 8951
611 12 9865
54 306 6484
659 42 7132
518 575 5952
300 497 4946
410 415 1529
89 193 8731
120 503 2706
337 658 3420
111 550 7116
368 183 6362
92 381 2051
186 726 9675
572 226 4251
550 238 7853
583 453 6273
698 48 8020
429 206 5732
523 208 6419
322 685 5589
84 222 9861
455 192 1785
670 335 2817
193 371 1552
504 4 2892
80 487 7085
595 480 2301
336 574 2151
695 479 3894
59 225 5949
396 434 7453
58 89 3758
646 102 8784
14 285 4584
532 524 6061
749 552 3729
254 130 2465
461 46 4792
142 428 6434
433 435 2236
421 98 1907
734 741 9147
522 344 4286
590 635 7934
2 59 9750
406 642 8490
638 7 4206
295 108 7769
487 88 573
399 72 6976
180 245 3358
694 644 433
319 611 8761
244 649 2526
68 718 8336
411 599 8004
220 164 9610
545 535 637
323 393 154
603 229 3504
678 194 2937
332 205 3958
456 82 3613
248 557 1721
676 367 8542
701 456 6026
44 396 1801
73 627 1006
668 694 817
417 118 8235
721 674 3241
225 564 9075
271 149 3733
370 734 3878
729 567 3360
358 494 3482
279 242 8719
408 417 3918
505 123 7603
103 507 9291
484 594 893
333 696 960
314 618 9723
553 514 9653
96 724 9837
268 413 4410
162 525 7656
22 541 9446
341 147 1398
110 35 4161
379 404 9301
567 510 4335
83 111 8119
197 27 9266
403 154 6055
661 463 6660
205 513 5291
598 471 7855
238 55 4017
634 289 2459
640 213 2441
208 191 3609
672 282 1533
448 340 2526
713 18 7486
263 221 1245
418 505 6007
606 81 6204
151 362 5162
737 647 9961
553 28 1846
715 11 6054
174 446 7272
440 491 1568
118 261 5707
716 168 7108
157 421 2329
743 614 9714
249 655 2906
173 25 3727
24 321 3875
596 58 2206
467 328 8061
121 150 1993
555 452 1471
463 645 467
273 472 5004
112 151 6761
327 279 8321
684 207 5372
316 551 9219
480 14 7114
711 223 8980
561 616 7104
79 519 9639
501 31 2817
278 689 8348
441 500 1997
434 646 5372
115 729 9861
340 394 1958
212 574 7217
623 663 5914
693 517 9229
376 617 5136
443 136 7972
62 220 2689
521 246 7464
707 444 7686
36 619 5594
123 545 7542
344 237 1560
313 93 7799
287 636 5602
375 598 9904
304 368 5622
425 375 6068
494 477 1259
104 351 2382
393 361 741
548 126 6630
230 294 7953
717 643 7854
537 686 1961
386 134 1408
331 648 3844
517 131 4777
681 548 6107
33 735 5840
67 256 148
514 740 5967
577 714 4149
371 19 3716
546 514 1880
129 216 3378
599 373 8851
631 713 9852
218 682 2418
464 562 6314
328 170 3889
241 272 8011
405 538 3856
292 697 5448
529 315 2161
318 555 5809
97 710 1703
101 179 7782
516 185 8229
383 581 9313
641 1 6516
575 114 8969
98 97 2294
309 577 4468
539 319 3174
233 385 4254
40 588 2227
647 613 3369
136 530 5382
544 270 8333
492 268 9208
586 86 1881
207 181 4299
149 355 3357
472 87 5596
23 556 2530
228 464 3086
178 175 4446
281 733 8733
607 259 1855
219 293 7111
144 186 2621
401 248 9865
264 700 7318
579 668 4420
122 85 2025
430 568 9479
499 523 2474
538 615 9807
262 157 7707
582 305 1786
294 492 2674
153 448 3027
686 290 4079
427 308 3493
231 411 2552
629 747 4684
45 176 5719
172 376 5920
708 369 65
26 75 4051
206 250 1479
326 601 8297
167 57 4701
466 449 1187
72 670 3892
283 317 3582
290 283 624
303 706 4689
152 23 2315
460 104 2478
628 180 8152
600 143 1287
644 691 2342
366 640 1821
489 748 5707
148 105 719
91 424 7651
41 720 8180
620 590 6877
626 584 5357
627 316 6318
385 727 9550
735 571 4735
719 484 6748
307 299 3042
414 450 3638
109 483 1432
306 132 5112
353 133 5909
592 64 7848
564 140 9162
133 382 7388
612 433 6145
181 516 214
362 723 8574
214 331 6388
660 189 3795
415 100 5550
352 429 7429
16 441 6109
9 742 8027
325 651 1932
526 501 7396
27 518 6721
69 528 104
146 160 9454
203 235 7439
343 69 7755
51 704 3985
615 101 4315
49 303 9463
321 50 302
541 390 216
704 65 550
215 543 7050
359 326 3257
495 458 4187
85 459 4833
180 401 8368
356 664 96
277 631 2680
108 553 3881
38 721 3835
709 457 5176
46 138 446
363 3 8760
632 266 7916
528 662 4240
61 177 4309
402 76 1696
725 280 6701
531 188 2336
15 178 9979
196 144 4096
478 313 5408
424 312 82
551 485 9901
29 542 2846
667 142 4188
67 586 3885
451 666 3512
444 677 3651
76 607 539
614 217 3727
13 228 552
653 10 7588
609 318 6983
113 314 4738
502 596 8772
457 128 1702
31 301 1185
585 532 1451
574 296 1934
419 83 1371
19 210 2979
324 39 2379
169 583 131
339 728 7246
117 359 6618
275 137 791
736 534 8941
733 521 9670
519 139 9478
246 597 5271
389 744 117
490 401 4885
613 103 5352
635 610 17
274 616 7730
506 469 5892
82 546 254
643 698 1241
738 656 5894
559 365 792
488 84 4967
742 16 6445
700 392 4731
581 227 8301
255 499 7534
387 533 3502
436 79 6354
535 537 8719
398 582 1304
222 310 8287
543 234 89
188 386 4282
580 287 7017
675 639 6571
93 236 7879
25 345 9987
158 241 7362
137 343 6819
556 106 9656
413 504 6839
357 307 8441
125 591 9773
474 657 1724
412 95 145
131 719 9789
630 687 9453
48 736 6036
588 515 42
481 300 7046
286 709 1929
656 43 7185
211 159 8364
394 673 8373
477 695 1915
270 693 6665
70 161 5906
194 304 5416
479 269 9370
503 474 976
94 722 3072
458 419 4009
1 447 7417
648 8 7353
170 634 1025
361 273 3987
348 60 5232
229 442 1011
372 78 1348
645 455 8402
1 112 7019
259 561 4539
710 366 3195
251 332 6791
141 438 6262
17 399 3339
476 352 2931
143 570 2066
680 166 9374
235 509 9325
293 705 9111
730 360 1302
723 338 6509
498 738 3827
587 522 6026
420 297 4776
63 536 491
674 311 8283
706 298 6543
650 672 6212
43 389 5611
232 330 9614
657 511 220
350 256 3027
542 508 3319
301 652 1245
367 692 7013
616 398 4902
584 711 8607
373 540 4713
621 629 9655
468 462 1977
690 171 9251
426 145 2849
437 506 8767
119 707 1864
720 380 6187
482 51 8050
139 173 3929
447 156 5560
469 284 7374
576 737 9392
651 99 3213
652 52 234
377 461 3218
658 481 5590
132 94 1361
554 350 60
310 569 3873
217 445 7904
6 750 6271
256 427 9483
381 378 7517
342 628 6491
204 153 8861
147 320 7187
726 364 4087
302 110 5873
470 141 2088
568 620 9045
423 745 6937
156 203 1743
305 264 1022
560 255 2539
252 387 4591
1 47 6140
699 190 4402
527 426 778
28 323 4189
547 148 4683
507 621 2689
223 460 7914
291 703 426
687 260 5902
673 276 4500
37 397 3643
602 699 1491
520 630 5860
138 40 54
416 198 1715
423 111 338 394 707 266 252 611
