1000 1007 12
234 915 4795
354 554 3479
996 998 5572
363 438 6694
105 697 1429
709 260 1636
520 489 8994
203 345 3383
483 20 4792
207 314 8125
781 240 5989
984 59 8845
336 923 8736
509 445 5329
587 567 719
819 590 7282
364 759 8025
743 213 2661
127 836 5708
262 319 3316
620 654 280
297 463 754
371 450 921
388 224 4919
79 172 4945
1000 753 3037
357 975 2876
946 772 2394
275 399 9831
606 985 3402
428 81 2962
878 515 977
400 995 6880
755 193 8533
601 3 7670
912 418 4661
887 960 6521
638 72 6664
170 596 4395
857 675 1312
990 629 1140
472 588 384
575 609 156
136 409 9875
726 826 2064
547 363 7226
643 961 7156
469 756 89
642 679 6238
442 909 9215
810 299 9756
92 707 6517
855 362 9968
926 570 676
97 952 7787
675 367 1264
192 457 64
220 667 663
131 962 9
448 436 9894
19 612 4064
848 55 2970
210 560 870
113 755 7296
832 601 1503
687 87 8540
690 77 1956
776 556 8023
531 600 1555
699 542 6350
715 683 9334
333 552 9046
719 704 3085
949 690 5841
768 304 5273
854 889 5149
488 639 3066
464 70 8780
622 46 1589
646 912 5656
820 800 7995
232 292 1344
893 482 2172
432 820 7962
151 266 2019
804 47 9959
597 256 5578
499 39 2082
993 375 6973
318 848 5586
341 122 8327
788 448 1036
738 970 8556
903 545 9196
441 611 8331
831 541 58
498 288 4087
696 473 6638
616 922 4432
439 232 1993
358 493 9340
179 1000 117
71 546 1039
22 486 2424
815 434 5957
762 359 2663
386 742 7572
337 107 5374
931 528 1442
517 896 9160
648 664 1029
55 45 9436
411 702 6855
102 429 9553
510 706 3750
188 206 8873
233 536 5863
995 364 9327
982 592 7306
157 12 2835
1 384 4912
653 669 5632
362 819 3870
482 125 3467
611 676 1180
839 115 8553
592 133 9876
239 459 1618
789 547 1542
650 769 4307
212 294 9963
908 60 881
480 199 4423
845 83 7353
347 23 3305
662 150 379
391 106 15
326 289 876
484 857 2105
248 54 1456
665 569 6388
339 197 3133
898 500 7244
527 382 3242
793 355 9037
61 865 993
577 42 8467
534 174 4899
120 92 319
736 692 5772
294 572 7733
412 297 5230
324 671 7756
862 550 7955
902 19 5049
651 918 5287
712 334 2859
685 40 4924
559 934 3256
407 684 4400
134 537 9231
156 729 3218
667 390 5281
886 100 5
917 246 570
375 584 8585
109 573 6736
224 948 584
148 958 5812
226 221 8840
951 565 8392
910 151 8551
410 496 8324
458 469 5635
443 465 1793
573 381 7361
614 161 6627
194 549 6611
58 718 8611
189 946 3297
664 904 8734
885 652 6344
88 48 4878
104 318 2841
83 758 650
202 927 9926
128 183 8127
955 177 3508
308 491 1202
54 774 7735
107 385 4259
859 930 6784
921 90 952
897 636 9539
796 14 6788
110 558 7874
670 784 4475
582 815 3523
985 207 4809
299 250 6639
565 420 8714
221 919 3200
219 267 5189
759 933 7038
695 823 5186
29 754 3333
746 773 750
799 79 1812
415 175 6295
397 180 9360
47 108 5108
775 587 5029
785 341 2055
682 812 9986
344 634 7869
240 627 9056
405 575 6263
980 455 2348
966 478 2563
732 200 7464
688 114 82
447 394 3174
121 320 4247
765 306 7385
701 56 2712
273 814 1035
553 744 1610
805 752 3539
228 211 909
4 249 6419
686 849 177
590 647 9623
137 263 9618
420 415 1717
115 841 3012
385 533 4804
280 700 1402
756 959 113
455 423 2967
466 441 7696
453 562 5824
630 241 4427
474 38 9076
349 619 7879
621 173 764
323 725 6945
206 834 6934
274 417 7026
302 633 5644
290 82 5849
50 920 842
930 426 2077
671 606 9022
940 827 1440
1 760 9461
57 722 8085
438 244 8826
914 21 1071
155 712 7975
901 64 9735
251 186 3841
350 33 4503
536 768 5709
132 389 3458
3 324 6220
494 327 5072
514 802 4613
602 749 3973
568 356 5184
829 208 3932
112 740 8020
217 884 1007
313 296 4710
286 945 7096
235 728 5237
396 517 5473
401 813 392
674 154 8523
52 659 8850
277 238 6035
352 777 4371
28 309 6043
261 805 8111
919 969 9744
653 355 7483
977 222 3923
78 73 4180
961 103 6308
976 305 1345
950 316 2155
888 164 2394
8 680 5185
717 132 6657
925 801 8102
628 30 4995
733 8 9228
971 357 3173
100 511 5959
114 464 9552
816 311 8356
147 298 9890
978 379 7572
185 502 5715
424 11 4599
507 745 1019
383 665 951
581 440 6423
204 750 1410
516 743 5825
791 618 5273
530 347 7444
496 361 195
491 981 1315
283 265 1906
578 144 6290
398 179 5149
161 113 2180
899 62 6822
907 509 1457
991 58 3525
669 146 8976
889 351 3850
353 910 8709
462 307 1984
9 765 8304
150 214 3703
146 220 7564
247 392 1476
943 410 9662
679 499 7115
818 406 6184
215 822 5903
175 694 4686
67 22 8250
173 7 502
255 506 2056
34 644 5552
81 396 3276
379 863 3465
135 701 1377
130 804 8548
994 204 7260
270 648 7923
214 470 6215
44 661 9165
331 353 4213
874 483 1363
790 191 7697
162 446 1034
734 209 9171
704 894 1221
566 163 6361
201 845 9373
145 972 9929
487 344 8344
471 312 7676
711 153 9984
958 870 5907
301 858 5503
896 181 9645
256 914 9374
497 195 1686
300 543 1899
932 951 4059
222 18 6287
858 935 2400
75 548 6115
692 670 1839
850 842 2028
176 101 5931
608 719 3215
865 646 6927
406 687 3191
348 770 1137
923 655 3141
486 917 8707
367 625 1701
106 336 856
658 308 6403
504 264 2734
567 659 6378
154 878 3975
395 190 5446
238 978 5750
811 877 3904
345 561 3790
473 954 3425
393 50 3887
445 10 6048
838 348 8928
524 937 9883
144 993 5421
986 346 6965
452 658 1781
998 891 5832
126 856 3252
149 171 533
436 710 8298
539 938 5090
742 383 2560
237 360 580
560 433 4656
316 430 9486
454 281 3770
983 480 5792
56 25 8979
535 730 8829
725 672 7493
36 685 6186
554 516 1583
311 283 6578
433 37 2563
528 273 5558
46 686 2024
346 330 4665
780 717 5813
904 890 2165
556 4 4441
460 91 6051
750 402 4564
716 189 9720
298 370 5933
216 391 9985
475 97 6685
171 187 4065
440 272 2168
972 757 6288
965 350 949
187 762 6817
158 521 7729
252 867 9860
95 78 7396
635 748 2384
450 531 5698
312 614 7518
567 940 4527
637 501 1028
254 886 6346
365 943 8371
60 486 7213
505 275 7928
751 170 4949
2 727 6127
70 159 9837
729 300 3324
842 942 791
891 428 5649
390 326 5488
937 906 1584
184 80 1699
934 837 51
698 492 1303
580 984 7631
703 734 6387
663 844 7987
956 949 8048
435 540 4906
605 766 626
48 95 5348
570 269 1722
374 9 8354
604 508 5208
293 35 9118
481 471 7089
866 276 905
586 524 6635
103 248 7968
860 34 8284
540 331 9332
863 553 6338
502 29 5496
588 431 3611
613 551 1286
705 950 7974
981 63 3448
997 711 4609
935 626 5117
245 452 9096
718 427 6448
585 129 6700
62 166 795
557 280 6499
37 98 8002
376 693 4777
41 404 9237
770 795 2341
84 806 9176
744 855 4143
593 699 2966
332 709 4524
672 444 2216
546 535 7672
647 372 9731
512 472 7685
677 860 1112
229 461 6987
249 674 4319
495 498 9079
223 898 5270
988 568 2
906 885 5417
798 580 7117
526 818 3613
680 660 3054
314 302 1442
706 956 7060
522 735 4015
99 789 6558
823 449 2507
596 532 462
142 325 9609
584 337 3301
856 971 3312
334 794 7611
196 624 8078
730 130 2549
211 921 9951
549 559 7253
727 36 3043
634 723 9268
306 126 1776
794 953 1610
129 329 3291
771 810 7858
271 339 9295
338 152 4403
360 68 1196
710 290 9965
624 1 9833
285 861 2817
199 982 9967
963 376 1601
82 229 9933
266 598 9931
122 786 4655
33 526 7727
11 539 6990
319 112 5021
591 581 4284
941 595 9496
317 65 5482
826 862 245
182 279 9149
758 739 8794
936 901 7855
760 322 3578
373 44 7694
116 460 4157
278 932 830
39 432 7088
366 931 9776
545 223 8958
159 401 8697
431 897 3067
213 641 3167
979 245 7991
6 476 3821
152 138 4363
681 196 4308
13 5 5
892 732 3531
501 767 4274
852 645 1606
387 887 9816
108 967 4204
125 968 2612
957 212 7542
218 117 7545
722 405 7632
864 352 8177
257 582 3392
851 57 9465
418 26 8421
45 513 2540
169 566 4610
320 776 6275
200 783 6117
15 668 8655
465 908 6783
933 105 3299
409 988 5742
479 876 6559
21 477 8608
343 243 791
284 963 5977
700 158 1774
916 121 5133
636 872 6149
861 277 2488
563 86 9440
60 422 2505
246 425 6019
890 147 3713
231 816 462
98 271 5834
195 262 4268
96 374 9425
772 143 9727
382 157 8164
49 335 3408
461 99 7903
503 736 1556
86 202 2873
841 481 6324
884 69 447
25 74 7482
894 780 8950
812 503 2916
928 71 2489
419 868 5733
423 285 6214
205 408 8230
599 156 8643
942 726 1173
806 523 5372
619 616 971
797 407 9298
801 604 505
817 140 3471
721 447 1786
138 182 6296
31 698 5975
153 66 4156
477 964 9
968 713 6437
292 663 6341
627 817 628
844 976 5861
59 261 6067
868 84 8792
707 49 9269
93 603 321
683 883 6699
900 746 8493
913 270 6644
40 763 3497
417 358 2326
315 874 5594
77 973 6412
915 907 4814
63 977 7678
168 233 8977
837 576 9396
267 217 2672
304 643 6501
720 796 4767
236 487 9994
186 349 5799
973 205 5271
967 775 3464
413 741 7584
166 141 1567
918 821 5790
508 928 8091
929 925 7927
784 650 2226
422 737 783
421 397 4906
576 504 4439
974 216 6849
133 505 49
427 24 59
430 93 7169
748 365 3099
269 563 8551
987 557 165
579 651 6596
774 999 876
165 169 2110
463 139 9359
372 992 2042
610 387 6139
193 522 4688
444 178 1437
492 413 8810
909 259 1188
310 715 6203
85 597 8803
964 456 6986
879 785 7826
446 388 8618
243 983 921
335 236 5744
467 662 4407
17 6 9011
174 94 22
89 198 2985
626 902 9793
905 317 4927
303 830 7423
825 642 2993
615 913 1328
282 89 3833
895 467 6514
392 859 4426
883 76 2383
739 395 6678
35 368 7373
562 210 9610
735 41 5139
960 475 3084
66 681 1651
609 287 1277
836 791 7771
321 291 3087
65 696 86
437 544 8958
678 911 5642
617 375 5240
778 622 2296
645 75 3467
723 846 209
713 443 3216
253 237 5562
425 474 967
814 102 8579
641 131 5583
745 799 3951
416 621 4723
434 124 6861
457 879 7725
111 507 7716
649 251 8188
876 591 1557
924 228 4229
689 67 8966
782 165 291
295 230 7258
880 593 2690
23 27 6253
754 104 2396
600 677 5773
749 188 4255
180 512 3672
64 689 9895
693 831 3694
38 134 109
51 585 5205
871 419 9335
922 116 1700
533 974 7500
989 594 9153
920 253 8260
558 847 715
542 398 4714
537 989 9226
26 192 5645
515 803 296
787 442 9529
377 721 368
792 31 7156
529 632 7253
288 16 8083
773 778 1696
24 798 5162
198 793 8663
242 497 7013
948 720 5452
68 790 2272
786 400 9702
518 490 1704
403 371 1019
589 257 1827
329 234 5959
543 792 1042
369 495 1721
828 653 9652
118 176 1150
230 871 6925
177 286 5338
676 342 9201
264 148 776
287 88 4490
485 900 3812
944 411 1491
10 2 9203
659 714 3037
449 881 3487
1 882 5850
821 555 8917
140 268 3854
945 578 9357
402 788 6170
532 123 8288
633 761 1052
380 310 1331
123 941 6950
265 854 8064
550 564 3134
197 378 5573
783 110 4118
394 666 1190
225 888 6591
654 649 5944
190 955 7148
555 640 7632
574 733 7664
90 137 3151
763 829 5133
511 965 941
873 340 4840
561 1 685
43 377 1716
178 254 9329
652 682 4496
834 343 9558
875 525 4883
551 321 3885
227 13 3045
808 527 7084
91 623 2801
835 579 6898
809 620 6440
119 944 5322
656 479 5186
94 373 3844
208 52 6652
260 966 8487
813 128 8259
258 369 6138
296 1 4060
952 458 2376
632 991 7327
209 332 7002
327 118 8319
241 771 826
378 414 4634
470 136 2335
384 811 328
468 32 9766
999 851 9627
644 412 5167
598 17 451
18 751 1342
493 574 847
124 892 1298
702 43 7252
764 873 2081
141 53 5182
523 916 296
779 602 9164
612 628 4335
351 939 3545
927 313 1955
807 247 9656
164 781 5082
684 28 5798
953 807 2660
489 850 9921
322 536 4057
849 716 8797
183 838 332
833 994 6432
291 520 6123
5 828 7333
404 284 1103
847 929 6948
753 986 1966
938 484 9789
639 530 3627
456 227 8084
975 797 9415
500 468 8793
802 451 8534
279 293 7108
544 255 5991
325 225 6183
506 731 4359
356 905 8071
281 466 1365
370 439 1006
87 899 3586
595 903 2051
869 120 903
714 119 5540
80 617 1706
668 111 5984
101 239 7690
139 864 717
27 957 2256
74 997 1746
666 454 9513
655 924 2587
571 421 4529
731 149 1987
340 852 9920
741 926 1983
359 167 5286
478 315 1885
993 514 1771
694 258 8912
795 142 6320
459 631 1185
824 96 7704
623 51 4853
766 673 4645
30 599 3694
289 571 1036
603 135 9003
691 366 8116
572 586 8752
939 226 6361
625 494 1701
328 833 7154
538 231 7263
548 779 3593
14 218 8859
846 274 9598
389 825 1282
728 615 5928
263 657 1854
843 990 9379
583 703 5440
244 764 4440
163 835 3907
521 354 3779
276 605 711
53 488 5890
167 608 9064
342 893 8948
569 85 4012
361 747 7976
160 782 5267
777 109 1549
259 435 2031
451 678 6472
962 637 6193
992 996 2077
747 947 3859
117 393 5195
250 824 192
476 610 2610
640 242 1555
607 638 8245
867 843 6115
660 724 5169
803 866 1837
429 534 4973
594 155 4767
181 203 3118
73 695 900
191 386 2972
268 839 2496
737 607 2692
172 787 3763
408 219 2754
426 980 6470
947 453 4474
872 538 4995
969 688 5533
72 338 9773
368 235 9007
853 15 9860
870 328 5039
740 979 555
761 635 1891
800 518 7862
970 424 3099
631 895 319
767 282 1720
552 880 8293
911 168 510
882 875 681
330 691 6200
414 840 5106
381 510 6795
76 252 7720
752 853 6942
657 437 8120
724 738 2486
881 303 6411
399 127 5371
32 705 1809
355 215 8906
564 809 8062
525 162 5572
309 589 8012
307 869 883
697 145 45
661 808 3006
673 184 2768
305 185 6169
233 529 8364
618 583 8979
954 832 1207
513 295 5270
7 323 7221
42 333 5421
757 577 8368
840 416 7539
490 936 7140
143 630 3013
769 403 4401
708 656 7821
629 301 5564
12 194 9506
541 485 4615
69 519 3283
827 61 6448
272 201 9086
16 160 2121
519 708 2858
822 380 4457
830 278 3929
959 987 8116
877 613 8870
20 462 9500
133 334 32 720 111 631 792 653 749 729 851 101
