50 1274 4
1 29 4363
44 31 4582
11 14 6189
25 5 8753
9 17 7
37 19 6164
48 33 9298
34 7 1582
32 16 6276
35 44 1166
5 18 2855
48 16 4758
41 33 330
48 31 6775
30 4 2050
20 47 3421
5 43 7388
3 35 1237
10 41 2863
26 22 9047
15 14 490
8 47 1590
7 35 7403
4 31 7126
36 31 2308
41 44 2670
42 43 2482
8 17 654
3 29 8220
6 22 8556
8 20 1046
27 3 2582
42 35 9489
8 31 7234
48 5 7686
38 17 9495
15 35 9749
6 23 6983
32 2 1077
47 50 2376
48 1 4500
26 12 3931
11 23 7133
49 7 4830
13 35 7058
6 2 5534
42 11 8250
3 5 797
13 6 3122
33 14 1113
5 14 9843
4 1 3612
44 2 9054
26 33 3598
18 39 7089
32 40 1361
1 28 2619
38 9 9570
6 29 2015
6 4 838
28 29 8125
5 21 9412
8 1 9771
10 36 7613
28 44 2997
19 7 7456
28 17 3460
30 18 2746
13 27 791
26 46 4536
34 21 5121
42 48 5290
5 9 4818
18 33 8606
17 50 6471
15 18 8227
28 35 491
48 50 4721
8 36 9024
1 2 3613
28 2 2185
22 16 8866
39 50 3576
7 31 1238
19 48 2463
30 50 664
38 47 8951
30 9 5082
42 47 233
32 41 7317
41 16 2271
27 38 4709
35 46 3080
35 21 8394
37 43 2321
19 22 6076
12 47 2201
17 43 5780
8 23 5173
27 30 2991
42 25 6667
10 6 6646
34 39 4633
28 1 7837
38 14 1603
26 15 1103
37 6 6063
49 50 2093
38 43 2175
45 41 5086
17 2 2057
6 33 711
23 43 304
10 43 1984
35 14 8301
11 17 9118
48 21 2647
14 46 7251
42 46 4199
15 6 9231
26 45 919
16 21 2822
1 44 3939
3 36 3998
24 39 1215
20 33 2612
10 3 6425
32 4 3415
45 9 4743
11 22 1598
28 24 2758
3 46 7762
20 43 8243
1 38 7390
6 18 5598
1 30 6197
15 50 8492
27 6 8012
14 1 8289
45 40 667
49 29 9450
45 47 6698
12 5 7729
27 43 9753
8 6 8681
9 4 6029
10 12 8870
45 43 7680
12 22 9631
1 19 9421
34 19 3262
34 31 549
37 48 8594
46 16 3553
37 45 898
25 20 9808
14 4 6164
30 20 3675
17 7 9574
12 40 7258
27 21 1624
1 17 8683
41 31 5019
10 45 9866
9 1 6072
19 46 6968
32 3 2414
15 39 916
15 41 4980
49 41 7054
22 39 7934
44 40 4429
48 24 3751
15 33 5662
24 43 533
13 17 8784
8 35 1691
24 1 5754
46 21 2815
19 18 1321
36 2 1526
20 24 6076
8 16 8222
9 21 119
1 40 9628
12 15 5471
12 50 6278
9 47 2143
9 29 9145
26 24 2204
5 36 5753
3 7 768
34 35 886
27 28 771
1 20 6985
3 39 6958
48 40 7739
48 41 9398
27 49 4225
2 1 9070
9 31 6452
41 46 2158
38 21 9850
16 4 6554
18 2 4171
26 36 6734
15 48 5337
42 36 5861
27 11 2487
49 17 4503
49 34 3534
28 22 4013
33 31 579
26 29 8107
7 46 483
7 29 6558
49 23 3577
27 10 6761
5 2 8701
25 40 9074
12 7 8964
45 48 805
8 5 9841
14 36 9849
44 4 1575
3 41 3178
9 46 3158
6 17 5665
42 31 8927
34 43 3734
45 6 1086
1 7 1730
36 21 5891
10 50 7287
20 2 8284
45 24 62
34 22 4020
34 26 9972
38 1 2274
29 1 2859
34 36 4475
10 18 2159
19 20 3223
45 16 1405
32 30 265
31 2 3705
28 20 7962
45 7 3842
26 41 465
20 46 3014
20 50 2915
10 40 5780
7 16 3818
20 16 9107
8 4 1981
35 43 1745
35 50 8636
35 16 5138
1 25 7409
22 14 7563
1 45 5224
46 40 4847
36 29 5644
45 46 1114
44 21 2133
26 3 3927
10 46 7527
34 24 2505
10 37 251
27 20 6153
1 36 5363
20 1 1077
46 29 8311
6 44 8585
45 31 2481
28 7 8576
28 48 2289
49 25 442
8 9 2417
27 50 9106
39 36 9808
11 19 1683
1 9 4885
23 50 9977
17 31 7141
9 36 6865
12 45 1721
41 1 5777
19 23 8355
48 36 5482
8 43 9691
6 40 3578
42 39 328
28 15 5334
23 36 1043
7 2 8812
15 1 5613
39 14 4922
17 4 1316
37 22 5863
13 21 1074
22 43 6678
13 50 6939
5 35 9384
38 19 1614
6 9 5771
26 9 4311
11 40 3903
24 2 6212
42 30 3079
32 39 3008
9 20 2371
23 39 4761
48 2 4244
1 24 2348
3 48 1902
38 23 7461
47 4 420
27 40 4030
20 22 5815
32 14 5901
18 43 3720
30 23 5744
10 17 2580
35 29 9053
13 20 3138
24 16 1392
23 29 1017
26 6 8059
12 9 9059
45 1 6879
19 3 5484
23 18 5737
32 38 169
10 1 1220
26 14 7350
23 46 5939
23 14 5530
9 2 7604
17 21 8503
12 33 8609
13 44 6963
6 24 873
1 48 9721
8 25 1207
34 1 9572
45 20 7974
8 44 8667
23 3 9992
38 6 2003
1 4 833
25 1 5892
10 24 2074
28 47 2928
18 21 4824
32 8 7479
48 46 6065
22 46 6215
18 40 8495
13 4 476
28 4 5273
16 2 1726
14 31 5959
35 36 7361
39 21 1894
32 11 3530
14 2 1063
50 31 7833
11 18 9060
42 40 8666
28 50 6335
34 44 4020
25 21 5629
27 48 3559
11 45 92
25 23 3187
26 40 3131
30 1 8066
26 17 8205
47 36 9474
34 48 6420
35 24 9037
3 14 5365
3 20 8494
12 3 8316
39 46 188
34 30 5972
23 5 732
8 7 2754
9 50 818
47 43 1207
37 31 4379
11 3 2543
27 16 3518
23 1 1739
37 9 4437
38 12 7047
50 1 2801
49 26 8621
32 12 2458
17 29 7819
32 46 1307
20 36 2829
11 7 3447
8 42 4865
22 44 2921
50 43 6633
19 2 4347
5 4 986
38 3 4837
8 24 3820
23 17 7405
15 4 225
10 7 5537
12 30 2250
13 28 8540
9 40 2076
32 23 4573
7 36 9271
8 21 1182
39 2 5391
36 46 6830
23 21 5560
30 21 7933
38 16 347
19 24 3650
13 30 8721
7 41 3745
27 46 6451
39 31 7341
18 24 6203
24 40 621
18 1 8647
17 1 9031
45 14 4067
1 6 9864
6 43 1951
22 35 7051
42 14 562
6 21 9288
31 40 8239
25 31 734
23 33 3045
27 37 8463
49 9 6270
9 41 5294
26 25 3354
22 1 4697
34 6 9867
4 29 8976
38 4 2230
3 24 5257
19 16 5805
42 9 4141
32 19 9541
32 18 2503
25 14 7791
46 31 8262
25 33 6248
45 15 593
49 43 5602
49 16 2450
28 26 1213
27 34 4249
9 44 7832
48 35 1631
37 30 464
32 28 6135
34 8 8681
3 2 1025
24 50 5422
28 23 6919
37 25 1758
46 2 8466
8 45 1733
32 35 4379
20 39 3760
45 44 1438
25 46 5428
19 14 9978
45 35 413
22 2 7657
32 6 5234
5 50 2570
1 35 1798
17 47 1126
14 44 5072
11 43 5940
27 8 9387
42 45 7671
11 16 6532
37 44 4989
18 46 6472
30 14 4096
34 29 5589
6 35 4304
1 42 5726
50 16 6052
5 22 438
41 36 758
32 48 7076
42 50 2211
11 30 4028
13 39 8834
23 20 677
37 23 5760
33 4 9564
7 4 788
5 24 7197
37 21 4991
5 44 765
49 24 3961
37 7 2648
34 47 2350
45 29 2882
35 40 797
20 44 3475
18 7 7954
8 11 6736
28 31 2862
18 36 1976
28 21 9619
37 39 4202
13 45 8448
37 42 66
38 41 9790
34 40 9103
28 39 5791
49 5 2193
26 11 5892
34 11 2900
28 30 5620
30 15 8102
33 47 6927
22 24 805
48 22 5130
33 29 2686
1 31 369
28 6 5917
37 47 6234
13 31 5359
32 44 3033
27 26 6546
12 4 4358
47 14 5382
7 22 9428
34 18 5154
13 22 5209
26 30 3733
37 16 8241
38 31 4422
30 44 2060
47 24 4211
9 24 8623
25 17 507
32 10 4276
18 14 4764
15 16 5961
45 25 66
6 20 6956
32 7 1852
38 22 9317
42 22 2575
18 41 6306
45 5 6243
45 17 3380
13 46 1435
8 3 5280
15 2 3748
18 47 7352
24 14 7865
47 44 5458
36 1 384
26 23 4411
38 7 9816
42 7 2118
1 27 190
12 21 1321
30 29 3678
45 33 274
10 25 9562
27 39 8099
15 5 2333
34 9 3772
25 22 3073
37 20 9192
37 8 8048
23 24 4188
32 43 5152
28 5 4465
5 41 1143
6 1 7004
13 49 134
15 44 69
30 24 9661
38 35 6376
44 43 9800
1 43 1095
27 24 1656
25 19 9899
10 16 8446
15 36 9520
42 15 5357
13 24 5182
6 19 282
32 42 1524
27 7 3651
45 2 6823
49 1 2844
38 45 7328
33 44 7096
10 21 8757
17 14 1778
34 2 9429
12 11 2529
19 40 1202
49 3 8620
22 29 6928
3 47 5389
23 2 123
13 3 7744
44 29 6531
25 29 3478
21 40 7877
49 15 2951
37 3 3138
28 19 605
28 40 2751
32 37 4233
34 3 2260
23 22 9001
24 31 9030
32 49 8131
12 43 709
10 38 4211
37 29 4765
27 12 2232
33 36 4213
11 9 1587
37 11 5076
32 26 7892
20 40 8683
16 31 184
49 35 9669
34 23 4463
11 47 9064
42 20 870
34 38 9434
22 40 5991
30 36 2610
41 40 9556
26 18 87
19 21 5492
26 7 9386
38 29 4315
49 40 8443
19 41 2523
18 35 4919
19 9 7545
49 8 6755
34 28 3530
48 43 6545
11 36 5785
25 6 1661
46 4 7254
38 20 6347
42 4 6425
42 16 5837
50 44 6912
11 4 4363
5 7 7264
43 29 4803
28 3 9397
13 23 7448
26 19 824
18 44 211
25 43 6511
49 36 8045
11 29 9644
28 45 8854
27 25 655
1 11 5552
12 19 8940
19 44 6146
37 24 4937
35 39 9606
3 22 4588
12 48 3811
48 20 877
19 17 8484
49 31 566
32 15 4406
25 39 1381
18 4 2702
25 15 6066
30 43 4986
10 14 5400
18 29 8842
45 22 822
37 33 2311
32 9 9557
42 18 8086
37 50 7114
17 39 8953
31 1 1885
3 18 7937
1 21 9164
26 20 8395
10 35 5981
11 31 5159
42 2 7248
42 24 6635
13 16 710
11 24 2539
34 41 9133
35 47 1998
5 39 8497
19 29 72
36 50 5809
38 24 9373
38 26 8556
1 50 2726
20 31 3778
39 40 9936
49 45 5427
23 48 6196
6 16 1273
50 29 826
28 42 1389
38 37 2094
38 42 3137
17 46 945
4 40 6531
10 48 6602
22 47 9898
42 29 8415
38 30 4538
9 7 5413
32 50 3162
1 10 6870
27 14 571
6 14 6761
1 15 9857
25 16 7633
35 1 5652
7 47 8989
23 41 5982
19 35 4148
19 31 9060
33 16 8142
13 48 3520
25 47 7615
7 33 867
37 15 3649
15 22 3902
49 28 2645
38 46 9844
49 38 5174
13 42 3471
26 50 7585
14 40 3620
8 40 2959
41 39 8529
27 2 150
27 41 9560
28 18 4778
41 35 4917
28 36 449
17 41 6542
49 48 8078
15 24 3670
13 12 7113
27 35 4838
13 32 3526
24 44 1097
32 36 489
14 21 2514
23 31 7078
7 40 4636
6 31 7926
7 50 5220
1 47 4507
30 33 5540
49 37 2438
47 39 4508
8 22 5794
15 40 5083
37 5 4351
7 44 7319
32 20 4905
42 33 8287
37 4 938
32 29 4215
49 20 3168
12 25 1088
1 34 126
11 1 4297
8 12 2356
27 47 6926
7 43 839
20 14 433
10 42 595
46 1 4303
41 21 1622
1 49 4121
17 22 5399
9 33 2111
47 1 2986
49 46 8828
17 35 3098
30 7 911
27 32 399
34 20 3957
30 39 2803
38 5 2837
13 29 8464
45 36 8596
3 16 4271
26 39 9166
49 39 5914
32 17 5527
13 47 7453
9 14 3204
13 41 9741
48 44 620
3 43 643
16 43 9866
11 5 4916
11 41 2998
28 16 6791
26 16 5754
12 29 3430
34 10 3737
34 4 56
49 30 5051
8 18 7857
49 21 1806
32 34 3513
8 19 843
48 47 634
40 2 6611
1 46 8105
14 43 7384
12 20 567
21 4 907
42 17 6572
37 35 9030
9 43 5854
10 9 842
10 33 8195
50 2 8120
19 50 6368
23 47 1999
25 4 1323
36 43 2460
34 25 2618
27 19 1965
30 47 8677
39 43 3886
13 43 4962
13 7 1819
32 22 5991
7 1 4743
13 34 5556
20 35 6047
16 40 6145
23 40 3412
47 2 4204
34 16 6010
12 14 606
23 16 1189
23 9 8972
38 11 8711
49 22 8573
21 2 9538
25 7 5969
13 40 5144
3 50 4919
42 44 1823
49 42 2338
9 16 9465
9 35 9942
32 21 5057
38 25 7816
25 48 1264
45 18 7517
25 24 433
45 50 3228
47 29 6193
6 47 670
5 47 4541
11 15 8012
32 24 6661
22 21 5635
32 33 9919
20 21 2707
6 50 8131
49 12 3330
49 18 3262
14 50 4140
40 1 288
10 28 4451
24 29 3111
49 14 5350
47 16 3023
38 39 9000
11 33 1318
12 39 4518
17 40 270
36 4 3140
3 4 6855
27 36 6087
44 1 3081
10 15 1912
1 33 3902
36 40 4344
13 2 5780
12 44 686
49 6 3923
38 44 1972
38 36 1356
34 33 4815
20 18 6335
15 17 8016
18 16 6801
27 9 2605
26 43 7074
45 21 4932
3 44 5935
10 8 335
45 39 5423
8 15 2574
27 18 1137
26 21 4886
19 4 7923
27 5 4159
1 41 3885
33 24 9240
30 25 5029
5 17 4155
37 12 2380
9 22 1883
48 4 241
39 29 1812
41 4 146
40 29 494
27 22 2508
7 21 5925
33 35 1179
28 9 2782
39 44 4249
49 33 2534
12 24 7597
1 16 583
5 33 549
28 14 749
32 25 9540
13 10 3974
26 5 2032
40 43 5474
17 36 4309
30 2 7455
11 44 4399
13 11 5445
10 39 2340
10 47 2321
37 36 5956
21 31 2576
38 2 7912
6 5 984
38 28 6730
7 24 6643
22 36 9218
42 21 3322
45 4 8455
30 22 9364
1 8 167
30 17 7314
10 5 5288
33 40 1346
23 44 95
16 44 5888
37 41 3879
15 7 7691
25 35 2823
25 9 780
25 36 4792
34 46 2362
26 35 4753
1 37 6823
34 12 4187
34 14 5413
33 39 4277
41 50 8585
22 4 7210
48 29 2968
45 19 7257
8 46 3165
26 44 5544
12 6 1520
17 16 500
13 37 8625
42 19 8163
42 23 9717
6 36 8299
12 31 2969
15 23 5432
6 41 8465
26 1 282
12 18 7072
17 44 9810
27 23 376
32 45 2959
41 14 41
19 5 4419
9 39 5781
37 18 7172
38 48 9210
18 17 4494
30 35 8276
48 17 6032
8 48 8680
15 43 3689
28 46 6661
37 17 7264
48 39 7250
35 2 9628
6 39 872
3 9 414
33 1 5171
13 25 2392
12 1 7265
10 30 148
34 37 554
5 40 3333
48 18 8446
27 45 9874
3 21 5117
18 22 6910
22 31 155
21 29 2188
34 42 3072
37 46 6882
37 2 1498
3 40 9464
48 7 1300
8 29 3631
48 9 2987
4 43 6861
15 21 8124
5 1 1262
11 20 2893
26 48 6804
18 50 1302
42 6 9553
28 25 419
13 18 8551
8 50 5532
10 20 1291
41 2 5316
15 46 703
13 9 3682
10 22 8932
17 24 7202
50 21 587
34 45 2265
34 5 5647
36 16 460
15 20 3733
25 3 8908
32 31 614
15 19 5920
28 12 8331
1 23 3847
19 33 3769
27 33 7794
27 15 5147
13 26 7399
12 41 7132
38 33 2007
8 41 1875
47 46 8394
37 40 1251
13 5 8678
27 1 6047
25 2 7155
9 18 9096
47 40 950
5 20 2687
38 15 6738
13 15 2617
10 26 9741
30 46 419
7 14 1549
42 5 6942
41 43 1005
24 4 165
3 17 8940
12 17 7816
8 2 3897
50 46 7847
34 15 4781
27 31 6168
32 1 6178
49 11 8628
12 23 9936
21 43 323
14 16 3774
19 36 3687
3 33 7455
41 24 2132
4 2 5561
13 1 2200
33 43 9735
20 41 590
39 16 8246
30 6 6889
2 29 6037
41 22 5547
20 17 5927
34 50 2775
16 29 8164
1 32 5667
17 33 9545
13 33 9712
26 2 8960
30 31 6902
50 40 9876
27 29 7899
49 10 4717
27 17 124
25 41 5746
50 4 9498
6 48 6291
18 31 8275
30 40 8125
23 4 6226
19 47 8597
11 50 8250
1 12 6264
37 1 6051
12 2 6733
10 29 8176
30 41 4602
1 39 6467
12 35 8765
24 46 9200
13 19 9708
3 1 1154
10 44 4746
43 1 5634
28 8 280
39 1 2909
30 48 7653
33 2 9824
11 21 2620
22 50 6612
13 14 6725
25 44 8847
24 21 863
34 17 1442
12 16 8970
42 3 2960
11 2 7291
26 42 5260
1 3 1234
49 44 5415
5 16 7838
30 3 9830
30 5 16
20 29 453
5 31 2233
38 18 6748
11 25 8629
19 43 3186
47 21 9567
11 6 3745
21 1 2385
31 43 9274
42 1 4898
42 12 7131
49 4 1259
41 47 5177
19 1 39
10 2 8911
3 31 1353
49 2 9011
33 21 1875
45 23 8077
1 13 4209
47 31 9089
42 41 5870
13 8 3179
13 38 2048
48 14 3160
49 19 4790
15 3 3281
49 47 4926
26 31 8979
12 46 9462
36 44 1293
28 43 9432
22 33 8046
15 31 8041
25 50 4412
23 35 1232
1 26 3959
13 36 8156
11 48 9968
27 42 9584
1 14 9406
15 29 7098
12 36 842
26 47 4582
45 30 3489
1 22 6105
41 29 2286
20 7 8851
30 16 4331
1 5 363
46 43 3059
2 43 3419
33 50 2584
28 41 2589
24 36 5466
19 39 2096
26 37 3731
5 29 5098
35 4 3373
11 39 2709
16 1 911
38 50 4666
27 44 8492
11 46 8957
23 7 9058
25 18 2903
31 29 6540
15 9 3016
7 39 1059
38 40 2859
6 3 2599
11 35 6816
45 3 6309
10 19 9792
27 4 1397
8 30 9797
6 46 5896
37 14 35
30 19 4999
1 18 226
15 47 397
20 4 4409
8 33 9996
10 4 9332
26 4 6998
32 47 5461
26 8 1427
38 8 728
28 33 6910
10 11 1152
6 7 9788
39 4 7821
33 46 5817
46 44 8280
10 31 3129
14 29 4874
32 5 1182
5 46 6020
28 37 4241
8 14 8592
28 11 8878
8 39 3191
35 31 5407
10 23 5186
4 38 21 18
