50 1274 4
11 1 5733
41 17 10
32 33 626
48 17 9128
48 40 7192
12 1 4231
7 14 9319
36 20 639
6 1 9545
6 17 977
38 33 8
27 24 5033
1 34 7349
3 11 3316
34 44 9545
46 42 3379
46 14 5823
15 17 2191
1 5 6287
4 1 1451
1 8 9133
35 48 4415
46 22 9306
34 26 9420
38 41 3252
46 9 3799
6 25 2534
30 22 1606
28 36 2674
47 26 3578
33 48 2594
34 36 4759
22 15 3587
45 9 9571
6 29 238
50 36 7130
45 12 3802
1 47 9556
31 16 7768
45 10 3346
1 4 6884
34 21 7776
5 6 4730
49 15 584
39 35 7443
13 36 4275
8 37 3962
43 23 3265
32 21 2817
41 45 6600
8 2 1067
26 37 1949
1 7 7366
12 37 372
5 23 7720
30 26 6970
28 31 522
37 25 6605
39 15 8575
34 4 3196
27 22 182
5 33 7521
28 29 4306
30 17 120
30 1 7091
39 19 4543
18 6 7250
30 25 892
30 3 4098
3 7 1369
27 19 589
13 4 7333
10 19 5496
4 40 5319
49 13 7916
43 29 2938
41 22 5945
34 20 1877
18 43 6202
30 41 8761
50 27 4829
45 40 3620
35 29 7061
8 28 2194
1 25 3991
8 17 4780
49 28 9163
30 45 865
18 9 7737
37 2 7738
18 7 4060
6 22 7918
4 12 1610
28 7 8365
6 37 8038
3 14 8700
30 38 2907
13 22 5287
46 47 5944
10 16 3356
50 26 3007
30 24 2884
38 2 688
5 11 8503
13 29 4554
1 33 4955
12 25 1440
41 19 498
30 11 3183
20 43 3994
44 23 5610
35 42 8011
42 22 7613
49 7 2670
32 44 205
1 19 7956
2 25 3802
4 22 5719
21 27 8820
11 19 1538
48 44 3456
36 7 9231
47 48 5807
13 10 5065
27 10 3947
28 12 3844
34 16 117
35 43 3205
28 40 5482
47 42 6060
47 44 6560
11 15 8489
1 38 5295
49 17 3599
27 43 6991
13 47 9849
8 1 8553
32 1 4782
20 11 346
18 29 8087
46 5 8775
7 16 2308
30 14 6098
46 45 6388
8 31 1329
21 47 2654
13 1 4343
36 9 5130
32 15 8372
6 26 3162
5 13 3019
18 12 8180
13 37 2392
32 47 5178
41 13 9596
3 29 2690
49 20 9021
7 23 9712
38 12 5894
49 11 855
47 43 2123
47 29 2453
32 37 5695
3 33 7418
14 24 2403
21 31 2685
38 7 7266
49 36 7307
49 9 7466
18 37 3963
50 39 5393
36 17 2593
43 40 6270
37 23 1490
18 1 8980
13 35 7599
31 12 4143
24 29 3322
6 16 9080
33 20 8867
13 24 2835
46 43 8451
28 43 7046
41 44 1578
5 37 3628
3 1 6641
46 41 4267
5 7 9000
1 24 6353
38 9 160
6 10 9854
45 25 8475
1 23 8964
21 42 5548
8 6 2244
46 32 7718
30 35 4584
14 29 9509
50 20 5024
36 16 8402
4 44 9824
8 14 6768
45 24 994
34 23 6093
12 9 4610
36 1 6325
38 43 43
8 7 5104
31 9 5998
38 6 9123
4 9 3970
50 40 5184
9 37 7573
9 40 1015
16 17 6761
14 23 1200
41 15 7656
41 16 7379
36 15 6551
32 25 360
26 40 3890
18 26 6405
49 1 8834
41 31 9205
31 10 8304
3 22 7430
16 1 6922
7 1 9240
18 2 3290
6 34 8297
18 24 3993
24 23 3113
46 20 5064
50 16 1338
26 12 5558
46 18 9673
12 23 7662
23 29 5600
36 33 4777
1 18 3659
48 15 4722
34 35 8746
36 31 8842
28 17 2294
18 21 6113
49 37 1954
35 44 9845
45 42 3768
41 43 5684
12 14 6396
21 15 4127
20 37 5925
49 22 9152
27 23 9312
49 45 5129
38 35 3807
4 17 6741
32 3 8402
21 25 3046
7 48 6383
11 14 6698
1 26 3390
14 40 9495
20 22 8113
18 14 4727
26 10 5052
5 14 7786
5 4 2388
18 40 652
21 2 8914
35 22 2398
8 42 1725
3 20 4011
5 2 7591
14 43 371
41 35 123
45 11 5896
12 24 215
41 25 242
13 2 1579
30 50 2962
26 42 4368
1 10 7503
10 23 8465
6 12 32
21 16 8983
45 2 2272
36 2 3124
13 19 7384
7 2 1669
39 22 9506
40 17 433
18 15 1411
31 11 5353
37 1 8546
18 35 6137
18 10 6756
30 37 2683
13 34 4877
10 40 7407
31 1 7948
10 15 7274
35 25 9132
48 24 1958
5 17 1217
21 12 5854
6 43 8433
10 14 7112
18 41 2420
20 2 8674
30 33 5043
48 10 5382
39 42 9394
13 3 8897
46 39 198
38 15 5777
31 20 7880
42 44 8821
32 26 8900
25 14 1615
18 20 490
31 2 4758
8 12 2048
33 15 1900
36 48 110
5 3 6945
21 44 4388
6 11 6865
36 14 9627
2 15 9264
48 23 624
49 29 7574
11 23 2890
36 12 6107
9 29 5883
6 42 4106
7 11 1960
50 45 4315
18 42 7569
6 47 4379
45 21 9341
48 1 2611
9 14 6112
47 14 8734
50 41 1508
18 27 6310
23 15 4510
41 20 5739
45 15 5130
22 25 9761
7 43 3705
47 15 1971
27 47 4518
39 7 2104
41 47 222
5 21 979
47 1 9048
2 14 4610
26 48 7844
37 19 5026
41 2 3873
38 16 4819
30 10 8951
28 47 3114
33 1 925
13 7 1186
50 37 3571
26 17 9236
11 16 1852
42 16 1140
46 10 3614
26 11 1192
18 22 102
42 40 9726
28 4 9925
28 6 7961
45 48 2387
18 23 786
38 36 3699
9 42 7516
22 44 6899
34 33 3756
27 40 5839
41 36 1416
8 15 5859
38 37 6060
27 15 2395
3 17 1259
38 24 669
33 37 6590
1 35 6284
28 19 894
48 25 7760
10 43 1587
50 47 359
33 12 8684
22 40 9124
5 1 3930
13 14 4271
30 4 975
35 11 5069
50 21 7884
1 31 2167
27 26 1522
47 16 3961
28 25 8443
42 25 9483
9 48 6347
18 47 5581
1 44 9533
34 25 215
8 39 2479
5 41 3288
36 29 6053
4 26 3894
49 31 9147
8 11 8464
49 5 2640
12 2 6757
6 14 9133
38 22 5581
11 40 9392
18 34 6378
21 23 3340
46 29 978
18 25 6736
4 2 8375
7 9 101
37 24 665
49 21 2645
38 20 1076
13 33 2085
30 16 6881
5 27 9594
38 1 3607
35 40 841
5 12 8036
39 2 9441
5 44 3540
35 19 3616
28 33 8973
32 2 106
8 38 6094
20 40 2261
4 47 2510
41 3 6340
39 26 7759
7 37 973
1 30 5331
6 20 867
4 31 6457
6 36 912
18 13 258
32 20 2834
39 12 603
8 33 7588
35 14 5922
30 27 8978
37 29 4040
8 27 6586
36 3 7974
20 1 1467
45 29 5023
28 20 1206
2 44 1060
21 20 4981
36 40 8399
41 12 9096
29 1 4421
13 31 1938
4 37 9063
7 25 3393
16 24 8395
32 14 1509
2 17 2005
46 40 904
38 11 7848
18 16 6115
50 33 1876
28 32 3178
27 44 6981
46 17 8333
5 31 441
4 33 3591
20 17 7518
21 14 1044
11 43 1178
32 17 3439
10 1 6373
2 16 5217
35 2 6377
7 42 698
1 21 6684
5 48 7751
33 25 1904
27 14 4095
39 21 2731
21 17 302
12 10 9542
30 21 7151
1 28 8591
39 36 8605
35 1 6895
46 44 6985
35 7 113
3 10 5252
35 31 7888
36 27 4312
21 22 7718
12 42 6115
4 42 3841
5 39 4699
27 16 799
4 27 4282
47 19 4641
45 17 8317
16 15 5325
12 20 5818
28 24 8107
25 1 8049
8 41 7386
47 40 835
25 19 8746
28 42 421
13 9 8585
38 25 649
39 23 4516
50 19 1315
26 15 950
31 29 4057
45 16 4817
30 34 9540
16 44 9013
46 26 1712
46 25 2876
22 16 5477
48 19 6963
37 17 763
34 48 6140
44 1 4680
3 31 3230
8 25 9981
31 42 5730
13 17 4028
6 24 4262
44 17 370
31 33 8696
45 37 9586
18 11 2539
4 21 6803
49 34 7634
46 27 6277
1 50 3989
32 29 2731
14 1 6697
25 17 2574
25 10 3380
1 16 1212
8 20 240
3 37 681
30 40 1621
47 33 5057
46 3 6573
30 13 6985
41 24 6768
37 10 9448
5 42 2462
4 15 82
3 43 6563
21 7 8601
28 11 1113
30 48 9792
19 23 8581
28 48 3195
48 29 171
50 3 9194
22 11 9916
22 2 8867
40 1 5131
26 20 8807
28 34 2021
28 2 2764
11 44 5083
8 10 6009
3 16 1847
43 1 1779
18 8 4934
7 19 5226
5 19 9343
31 37 5174
18 28 2258
48 43 963
41 4 230
6 3 8830
42 48 7947
19 40 3349
34 29 4630
9 44 6760
33 14 9782
20 23 7544
6 39 1713
22 17 894
32 19 3687
25 23 6645
38 48 4088
1 32 3857
5 36 5839
9 10 356
3 40 9075
21 37 969
50 42 9162
5 34 1095
46 38 85
50 49 4244
12 15 3456
26 14 1931
13 43 6022
39 31 8389
43 24 3508
13 12 5364
1 2 3562
9 1 5765
8 47 2678
37 14 143
35 3 947
33 44 6977
28 38 3491
16 40 1928
32 27 88
8 21 3272
50 10 9471
5 40 1800
9 23 518
2 29 3157
39 20 4797
9 24 957
49 42 7013
28 13 635
34 40 1312
18 17 6088
24 15 7955
1 42 473
49 41 3534
1 22 8039
28 10 1068
20 44 3341
25 40 6321
8 45 3442
5 35 1730
37 15 9828
19 43 8805
34 37 1643
20 25 1945
28 21 7835
21 43 8138
21 26 2891
42 20 1163
38 3 1628
13 44 1170
5 16 1250
32 24 1252
36 37 640
19 15 9402
4 48 8121
12 11 3796
33 9 4198
9 19 9077
28 3 7160
38 42 1184
34 3 6741
21 1 9599
41 1 9138
35 27 3565
30 12 9485
50 48 3529
50 9 4633
20 10 2825
6 15 9849
34 7 8074
32 40 906
45 34 9677
46 7 3230
27 3 8901
34 43 1621
20 19 7416
41 33 7038
12 22 863
13 48 8578
16 23 5017
3 48 2032
24 44 9828
1 36 6268
42 10 9023
41 27 5581
31 15 4388
16 43 2818
28 44 6130
32 12 9817
8 24 6329
8 4 7313
3 42 6557
46 48 2280
39 14 6450
48 16 121
8 34 1764
4 32 9978
49 4 4753
50 18 940
33 40 6179
27 17 9178
3 15 1846
44 40 5855
34 32 2408
9 11 746
32 10 3827
13 39 6175
34 12 7783
38 21 1041
46 36 4753
31 22 2799
5 15 9424
35 16 932
37 44 5419
32 16 8446
28 27 6512
45 33 6158
36 47 7615
4 14 2641
7 20 2326
13 32 295
50 4 6305
18 38 8882
22 14 2574
38 47 9106
45 3 5355
6 13 689
4 10 5436
2 23 6459
7 40 1629
5 45 1614
32 22 5637
26 16 9826
39 47 7468
6 27 4396
46 23 571
1 43 7646
1 49 570
36 35 4705
31 44 5038
34 31 1674
38 45 3855
35 32 4461
34 10 2605
34 47 9273
36 44 2906
30 6 5468
50 8 1783
21 19 6872
18 48 4460
30 23 4108
50 1 7166
34 24 764
42 23 9342
31 25 9740
42 1 9870
8 9 4696
8 36 428
49 6 1657
19 44 1154
1 11 8408
49 3 3270
32 31 3142
46 19 8233
1 17 7089
1 12 7537
9 2 5155
5 25 1086
42 17 4459
17 1 9859
48 11 6123
9 16 6132
4 39 3714
48 14 583
3 26 8737
12 29 9338
14 16 9840
43 44 556
2 10 7472
42 14 6711
46 6 5016
31 7 7932
50 29 3876
5 20 2131
42 43 7273
39 11 3615
7 12 8352
31 19 1968
49 44 395
50 35 8
30 28 9473
45 20 5154
38 40 3277
12 43 2615
49 38 3387
12 44 6717
44 29 6503
6 23 8541
7 29 7802
35 12 961
49 27 4752
41 48 3924
35 17 3445
7 22 4817
11 29 858
6 33 8533
37 43 4154
13 15 697
8 32 9088
22 43 7978
45 43 7407
30 49 455
30 7 5909
30 2 1283
13 26 2586
26 9 3181
49 12 1249
46 35 937
6 35 1500
21 48 1643
36 23 7297
31 17 7324
1 14 3149
4 35 573
46 21 9938
6 44 6535
19 24 3642
6 21 2793
14 44 1427
5 22 1443
45 27 105
50 23 6178
27 2 1719
13 25 3549
6 40 994
29 17 2576
10 29 2081
5 28 1500
32 11 3273
33 22 7521
28 26 9477
6 48 679
45 31 7975
12 19 5385
9 25 1961
4 3 560
49 10 4917
36 22 9562
38 26 7849
34 15 6416
33 24 7556
28 35 5145
1 46 3739
45 1 704
34 27 2069
42 29 29
50 6 7238
9 17 5710
23 40 2821
35 33 5017
38 32 3505
21 29 2925
32 48 7546
33 19 5223
18 45 2826
4 23 4892
13 23 4150
28 15 1258
19 17 2743
46 33 7422
49 16 8778
20 24 2219
20 48 4453
37 22 3105
50 28 3955
14 15 2765
10 17 16
50 2 8871
47 25 2326
25 44 7864
38 44 1638
25 43 9882
34 39 9360
36 42 1728
30 42 585
10 44 1429
3 9 8108
20 16 4175
46 31 3490
13 21 7280
33 43 9191
22 23 3346
35 21 205
21 24 3088
6 19 4920
11 17 9382
7 10 7979
46 16 9070
26 22 639
33 10 721
8 35 6491
6 7 9417
47 20 9291
36 26 7295
6 31 8873
19 1 3245
30 36 60
39 9 8888
41 11 8467
45 4 2385
5 26 6752
8 5 6456
26 25 2266
47 11 2463
33 11 4536
50 22 9203
49 24 243
26 44 2643
26 33 3377
1 48 3733
42 19 9923
50 38 8919
49 26 3430
8 19 6479
35 15 2006
32 42 8350
49 47 5860
28 14 6337
3 25 7419
15 1 2850
8 44 7057
35 47 261
45 19 8618
25 16 6348
31 43 7556
45 14 7490
50 43 5944
46 12 7615
27 42 6378
27 33 763
4 25 6351
50 11 3129
50 7 3570
3 44 8617
48 2 1943
8 3 8105
49 33 4171
46 34 2186
24 17 748
45 32 7547
18 32 2270
28 9 670
1 9 6465
50 44 5699
41 10 7148
1 29 4822
47 22 4048
26 29 9359
39 10 1158
30 9 7818
27 11 2208
49 43 4567
5 38 4431
11 2 826
18 31 914
33 2 8338
27 29 8315
46 8 3209
28 16 2304
31 24 4692
40 29 323
30 5 8654
47 9 4172
39 48 3893
46 24 3622
41 26 6115
38 23 1997
5 9 7792
7 24 4652
6 45 2744
5 32 1690
47 23 6921
4 11 9765
45 13 4506
20 29 2619
1 20 6912
34 11 9328
46 11 3019
33 23 2622
1 6 6837
24 1 7188
33 29 4830
36 32 1403
46 15 1618
41 42 5655
45 36 8668
21 40 6307
27 25 321
39 40 1877
49 48 8610
38 19 1365
47 12 8551
50 34 3616
6 9 5536
34 2 2443
39 25 7237
4 19 8002
26 23 792
26 24 1381
34 19 2653
24 40 3535
36 10 3070
19 16 5925
1 27 3300
18 44 7576
25 24 8544
39 43 6563
30 43 3255
21 33 7914
25 29 9185
49 14 91
20 15 5101
7 33 4014
26 1 7846
39 16 3071
1 39 6020
18 19 6513
27 31 9377
3 19 2692
42 11 4741
37 48 4339
49 25 4056
50 14 3292
37 11 7954
27 1 5944
5 24 2086
8 48 1542
34 9 297
9 15 2877
4 20 2922
50 24 2950
34 1 6412
16 29 2344
1 40 8874
3 23 6063
18 4 6271
18 49 3769
6 41 8977
8 49 5877
41 39 1682
1 13 8161
27 7 2319
13 42 3135
9 22 8526
7 26 164
37 16 2557
7 15 897
50 32 6677
47 24 8285
41 40 3589
10 24 1417
6 32 2623
9 20 3996
23 17 1060
39 33 6928
50 12 9939
34 22 3146
5 47 8470
32 23 236
11 25 6022
1 41 7743
27 12 9537
36 24 8785
5 43 86
13 40 4762
41 23 4847
2 24 2708
8 29 4883
5 10 176
39 37 8584
34 17 2916
36 43 8336
41 32 903
38 27 6050
11 10 3214
49 2 1066
38 34 8606
42 37 4110
38 4 4094
35 37 6891
22 19 4050
13 11 5511
35 10 5865
19 29 8046
45 23 2922
41 14 2793
28 39 4336
4 7 6067
2 43 1262
45 44 4571
1 3 8441
46 1 5356
30 32 459
31 48 7225
45 39 5442
22 1 5221
38 31 8424
41 7 4501
47 2 6455
3 2 8599
35 23 3085
6 2 9370
32 43 3286
46 49 3987
4 16 5420
47 10 2851
30 18 1404
32 7 377
41 34 6961
30 29 5498
4 43 7267
33 42 7362
9 43 7360
12 17 9484
38 39 1759
43 17 281
7 17 2276
11 24 6095
31 14 2700
45 47 9889
26 43 7017
48 22 1140
12 40 5244
47 7 7476
30 44 4716
23 1 7037
46 28 9048
22 29 3139
4 36 1538
45 7 5502
47 17 8089
12 16 4622
42 2 4871
1 37 7727
13 16 4960
28 22 6642
50 5 577
50 25 6363
2 1 7019
22 24 3889
30 15 8212
38 29 637
45 22 1251
41 29 5571
43 15 120
46 13 9361
14 17 5852
31 23 8747
47 37 5455
33 17 8551
18 39 8635
3 24 2472
21 3 6042
20 14 231
18 3 9947
8 13 757
8 26 7267
36 21 5346
49 39 248
41 37 5156
46 2 847
49 23 8336
36 11 6129
8 40 2069
36 19 2414
46 30 7440
8 22 8711
30 19 2991
18 5 3803
50 31 2081
13 27 3231
35 24 8366
49 40 9069
21 11 833
22 10 3937
8 23 9189
44 15 194
38 14 6140
28 37 4287
27 20 5648
34 42 4690
28 23 2922
35 20 4471
39 29 7083
39 44 9504
41 21 769
41 9 7839
46 50 6770
27 37 6114
7 44 8086
39 1 8278
30 39 6960
26 2 2774
39 27 4406
2 19 5381
47 31 5187
3 47 8198
49 35 4091
27 48 4529
30 31 2000
13 20 2523
39 17 7760
5 29 6717
31 40 1591
4 29 8592
30 8 653
45 35 7131
46 4 5137
8 43 6792
33 16 1418
42 15 785
27 9 7833
15 29 691
50 13 1607
38 13 4915
31 26 194
35 9 2376
45 26 9106
38 10 3315
6 4 8489
46 37 7191
32 9 1592
21 10 1801
18 36 6316
1 15 2350
30 47 7181
25 15 7855
39 24 547
30 20 7623
50 17 8735
1 45 8898
49 19 145
34 14 2846
35 26 5614
36 25 8087
8 16 7790
18 33 2619
28 45 5218
12 48 2926
4 24 9410
26 19 6635
28 41 62
38 17 3595
3 12 7325
49 32 1669
19 14 4861
50 15 7518
42 24 4044
40 15 3966
2 40 832
39 3 2532
28 1 7509
39 32 8776
37 40 4332
21 9 3824
41 14 46 45
