50 1274 4
23 19 1706
12 34 3283
8 11 9654
20 3 2675
50 7 2651
8 1 4671
20 50 2313
2 5 5075
27 33 4159
31 48 4567
26 15 3239
35 45 4269
49 12 4823
49 5 8368
49 17 8244
27 34 8504
46 30 8816
39 27 1337
13 8 475
6 12 9337
21 15 1820
38 40 4416
46 15 2107
1 24 1833
40 8 818
23 29 864
48 44 206
1 48 6764
2 45 7385
1 41 1538
16 14 1178
23 17 5443
38 41 4820
1 47 831
36 4 4469
39 12 7471
29 22 1854
20 9 3133
20 4 2545
27 19 2364
20 25 7700
2 25 2135
45 4 6632
2 24 8874
31 17 502
9 36 1228
13 30 7377
32 33 9318
47 33 8916
30 44 4203
2 37 5006
27 6 735
1 44 8619
26 23 7112
29 8 8920
22 4 5788
50 37 4327
26 47 9125
22 34 8903
50 21 8064
46 32 662
16 22 80
10 18 9858
23 5 1833
50 19 911
39 19 4326
13 16 9303
38 30 9116
39 41 7459
22 15 8200
9 16 1479
2 16 1510
45 30 334
30 33 8110
27 36 383
17 22 836
50 30 9337
19 21 4111
9 23 6505
50 47 4604
27 24 8313
5 11 1510
28 3 5339
41 17 3283
48 29 4973
16 27 610
46 16 9071
46 3 9299
32 30 9734
21 12 4325
35 4 7362
6 37 6747
35 15 4405
38 32 3571
1 6 8579
2 44 1667
25 1 7897
42 4 4234
28 11 782
28 21 1707
17 21 8785
31 50 2260
41 29 9568
41 42 9118
9 43 6721
26 5 6302
48 21 6305
48 16 2410
35 49 412
23 14 2809
9 3 7013
2 9 8724
46 22 670
13 22 8703
48 11 2007
1 39 5642
38 44 9312
45 1 7429
9 44 1293
38 12 5397
49 7 1753
42 19 5006
43 25 2143
29 11 2509
10 34 8577
48 10 7074
38 6 4175
43 21 6473
16 15 7659
46 14 4956
40 25 4531
2 43 6443
31 33 3567
47 37 4098
32 29 5560
31 32 288
5 29 399
36 12 8217
13 41 9049
48 18 7162
39 4 1025
2 42 6061
38 47 5885
10 33 1695
12 25 4764
40 12 4243
43 22 3688
45 12 427
31 45 1671
46 47 4980
26 20 5824
8 4 9776
35 30 9986
48 32 4318
35 29 2284
31 15 8562
26 32 7743
10 43 2811
42 43 5034
26 29 5401
13 49 7766
50 33 5916
26 22 8195
2 6 7685
40 41 13
32 7 107
32 36 4324
15 33 6763
13 4 8323
48 12 3372
9 50 3924
42 8 9347
50 36 9432
9 12 9808
31 37 7393
34 1 547
38 27 403
9 48 1081
47 27 974
14 44 2073
5 6 6060
36 24 3149
28 37 8200
23 27 2397
47 14 7466
13 15 484
38 15 958
38 13 5209
41 43 3294
16 21 2343
23 37 6961
42 1 7411
38 49 8258
1 18 5156
41 37 5095
2 35 8270
2 18 5262
23 15 5770
40 44 1384
38 28 9936
28 16 9141
39 49 5307
33 1 5634
42 37 8573
9 49 1467
39 29 3027
50 42 5471
13 50 1869
9 28 459
2 30 2796
43 34 293
31 11 2870
13 21 5944
23 47 8493
20 16 5267
47 32 3410
2 1 5328
47 44 6224
41 32 4970
45 17 8621
50 15 4919
17 7 8282
31 5 2383
23 33 3176
13 17 3437
27 11 3830
28 33 7798
39 36 5050
20 27 9599
39 33 9181
9 11 4985
30 34 8740
44 37 840
26 4 619
16 32 3664
3 1 2306
18 25 9997
17 29 5486
19 36 526
47 21 6807
29 44 8282
35 11 818
41 3 9676
20 11 4225
17 43 5662
16 4 1294
29 36 3986
47 18 989
48 15 3870
45 43 8955
18 44 5961
46 45 8788
16 5 7237
31 10 8344
49 32 8315
9 29 7025
2 14 8525
23 36 6112
35 3 2075
19 17 8123
50 8 1645
47 25 3411
48 33 3214
14 34 2484
27 15 381
16 12 6877
21 34 1141
42 3 6729
41 8 2363
17 18 1666
40 47 3535
31 8 6996
20 12 8835
40 24 3211
39 17 1220
28 4 849
41 4 4504
26 11 5206
46 8 1837
1 27 4725
35 24 512
50 14 4150
16 36 3512
13 11 7748
41 33 2493
2 22 1827
1 9 1125
19 29 1017
38 14 7938
32 1 9551
39 34 5491
38 5 5934
31 19 2961
14 24 8705
26 14 8417
2 49 9694
32 8 1933
3 36 9557
26 1 6422
42 44 647
23 32 7574
50 16 9957
40 33 7642
13 3 2761
16 25 9519
15 34 5214
39 10 3609
40 10 374
20 46 419
2 4 1797
5 24 5099
17 14 7282
29 37 5946
35 25 8610
38 23 5030
38 50 4790
8 30 436
40 43 2506
46 1 2158
26 30 4726
27 4 2056
23 1 7649
32 18 7011
22 37 1368
41 44 2705
21 4 5428
48 23 1061
32 11 4637
46 12 1336
28 34 7483
42 34 1636
16 24 5262
1 5 3791
19 18 9277
41 18 8022
29 34 3309
13 40 4490
41 25 7982
31 12 3682
45 6 1260
45 11 9778
21 30 8780
5 21 8542
16 18 2076
20 41 3742
15 24 9923
42 7 6865
19 3 529
44 25 2428
27 3 5375
11 1 5254
30 12 4483
17 6 9375
24 34 2265
20 47 5850
49 33 2079
46 37 4044
16 10 3263
19 33 3067
23 11 1731
14 33 7097
12 24 4702
43 3 6992
13 25 887
32 22 3979
39 18 1365
27 44 547
35 19 4820
9 45 9346
27 32 4228
7 44 6080
39 22 5476
45 10 9360
36 11 973
31 14 3903
11 34 3101
6 3 895
43 37 767
11 33 3629
10 1 9674
5 25 2493
12 33 5235
32 15 508
43 11 1867
28 22 3851
21 3 6357
40 36 3945
2 27 7894
12 1 5971
9 17 7012
31 6 5976
5 32 3067
27 17 1713
28 49 2968
18 24 305
26 16 2043
35 36 4332
10 3 851
10 17 6863
50 25 30
23 12 5079
35 48 9294
28 7 1857
1 22 4438
2 12 6618
45 37 5759
46 49 3890
45 47 7512
18 30 2877
9 7 7518
14 21 3537
39 8 5370
39 15 2752
49 1 4044
25 34 7236
28 19 6602
23 30 6752
2 32 7533
13 39 847
14 6 2723
38 42 4544
46 40 6823
26 37 2141
19 30 2608
5 7 6142
31 20 2446
29 3 4651
20 24 6825
13 6 3296
27 22 7865
7 22 6854
18 4 4726
47 36 7158
28 5 5062
46 11 5515
16 6 3775
16 44 820
16 33 9404
46 7 7638
49 22 3697
8 15 6922
39 32 7526
10 19 5418
39 16 6025
23 50 1569
48 6 2653
20 33 8979
29 24 8320
38 31 6537
13 36 9825
28 27 7394
23 4 1080
29 33 2999
31 49 9535
12 4 3688
9 27 9140
48 3 8332
38 8 4690
31 1 5965
38 29 7979
38 2 2554
49 6 9170
40 3 2705
31 35 6063
28 43 584
38 4 8219
43 44 6189
28 14 1403
50 6 3975
38 43 3826
9 19 1451
7 6 896
7 33 7703
38 35 3220
3 11 3272
50 22 9271
2 50 2225
26 13 2250
17 24 3942
34 4 8761
39 3 8427
21 36 1336
28 8 9841
35 21 1425
10 30 7222
28 44 9880
49 3 6917
18 6 1905
23 21 921
45 21 9233
13 12 9883
45 32 3474
46 10 8402
38 10 8939
35 37 5888
28 29 8985
43 8 7158
20 18 2076
22 44 6740
32 21 1132
1 46 2253
20 7 4542
40 42 8379
2 7 9955
41 5 7762
50 5 8002
1 29 9225
26 25 9986
16 47 252
45 36 9518
2 15 8746
5 36 5030
32 3 7205
9 37 4938
35 13 6454
19 14 778
2 36 1169
40 29 9722
39 45 2682
13 24 2089
49 4 8954
45 25 8917
18 12 1914
26 27 7356
23 22 7855
1 34 7801
16 43 2692
48 25 5012
49 43 6228
6 4 5783
20 36 2495
13 10 8480
1 25 325
40 14 7225
47 29 8434
17 30 4438
8 22 1579
2 48 4010
17 11 4423
35 28 1830
10 8 3528
39 47 9520
50 34 3211
7 37 7084
36 15 810
42 14 9664
47 6 7862
1 28 1978
8 21 9386
40 30 543
3 25 419
41 22 8339
42 36 9459
17 25 8684
26 10 2046
41 6 7314
35 34 2837
31 29 1090
26 42 8677
43 7 9064
27 37 6872
38 36 7524
20 34 7544
45 18 3548
16 30 1100
9 21 2329
13 27 7985
35 47 2678
32 37 2691
14 30 8759
49 34 859
24 33 6218
14 11 8279
9 6 4069
32 43 3301
32 25 5440
40 6 85
2 11 7514
22 24 7417
43 36 5822
48 17 8057
14 3 4187
26 46 512
43 29 3867
20 45 2871
40 11 8910
46 25 7532
41 21 2059
46 29 9999
33 34 2561
27 14 1122
24 1 3222
5 3 6436
13 47 5017
2 19 3122
28 17 7535
2 13 7346
26 48 1106
49 21 6565
50 43 36
35 39 6217
50 18 7423
23 6 2605
19 43 847
40 34 7844
40 32 2257
20 30 6286
47 42 7928
10 21 9771
3 33 54
45 5 101
27 30 4179
48 43 4241
21 33 612
43 1 4397
50 24 3463
17 12 9521
13 18 8281
48 34 1873
23 8 5871
14 37 841
8 34 2994
22 11 5445
26 41 7276
13 37 8011
38 24 8566
31 43 1162
31 25 1708
7 4 6023
20 29 7726
45 7 8095
14 29 2239
29 25 1501
26 17 7051
29 12 3085
5 22 9344
38 25 5659
5 18 5722
19 11 3623
1 33 1781
5 37 5776
18 1 75
23 18 2311
31 21 6368
19 25 686
26 21 6708
20 39 6182
5 12 6559
43 15 4988
31 36 8054
10 29 8781
3 37 2180
24 37 7399
46 18 4225
31 47 5807
13 42 1761
29 21 9142
40 4 3320
36 34 9820
1 49 5165
50 4 1046
1 30 7914
35 22 3755
42 6 8898
45 15 1316
48 4 6840
48 27 8241
20 22 6975
40 5 8913
26 12 8215
26 9 8755
2 10 4688
24 4 4641
27 12 1066
13 14 7407
13 46 1678
49 19 4125
9 8 3588
31 7 8236
46 6 5464
43 24 7993
35 9 3369
49 44 3995
2 20 5392
20 40 3945
41 10 9801
13 7 7152
48 42 3087
18 15 3120
38 22 6972
27 49 8251
43 6 517
11 37 1237
38 34 2005
15 37 9414
21 44 2553
6 36 5196
20 44 4006
10 7 5879
28 12 4109
35 50 8572
1 12 4633
40 17 5148
30 4 3212
9 47 2050
31 24 2555
29 30 4890
21 22 2526
3 30 6142
42 11 9477
18 34 7989
47 11 4135
31 3 2845
17 37 1983
45 33 5878
31 4 6790
2 40 8135
19 24 3029
16 37 6228
32 12 7607
12 11 10000
42 29 830
2 47 8123
44 4 7589
27 8 9186
1 36 3889
40 28 141
20 10 4382
41 19 7894
20 35 6019
10 11 4842
50 3 6466
18 22 7003
13 43 9989
47 8 6029
38 33 9053
41 14 8895
7 21 918
18 21 7930
37 4 5037
5 4 395
2 8 5919
46 17 5523
31 46 9591
35 7 4253
1 38 1400
27 25 2732
14 4 2388
8 3 780
41 16 8959
45 44 6346
31 30 7132
22 30 9788
23 41 4468
46 19 4720
38 39 8974
13 33 8356
17 32 4860
10 44 9707
17 1 2602
46 5 7230
17 15 4548
45 8 5419
42 18 4232
41 36 888
30 15 1447
36 25 9636
8 33 9783
5 30 8717
20 6 7566
11 25 1171
2 41 9111
15 25 9836
31 44 3045
46 21 8701
50 32 4088
10 4 796
39 23 7785
39 28 2827
21 6 1575
20 23 6743
38 11 9172
1 45 5058
39 25 2883
20 1 9992
10 24 9777
26 43 1856
1 43 4699
50 11 4636
38 19 7914
6 44 7300
38 17 8217
28 24 8813
27 10 9070
38 21 2449
27 43 6052
49 8 517
46 28 8436
49 36 5834
32 14 9233
40 18 6001
23 16 3356
35 43 4695
48 24 5836
9 18 2752
43 14 9747
1 7 6276
41 49 3547
13 19 7531
38 37 9102
2 28 1474
23 42 626
38 20 8274
11 44 6531
47 22 3508
39 30 8265
42 21 2660
31 18 1715
18 8 2963
36 33 7295
22 25 9628
26 44 6615
35 5 1864
29 15 8440
47 4 5684
48 7 664
37 33 4491
50 12 2552
49 10 9099
46 23 6677
42 33 8136
5 14 1452
46 44 6384
13 9 2830
30 24 3639
28 42 9136
16 17 2577
10 37 9914
12 37 9034
13 44 6459
46 50 5368
48 19 6859
9 24 7084
13 32 9993
39 5 9742
32 24 591
10 5 4609
9 10 2401
5 1 2305
33 4 7571
39 42 6047
28 10 8284
26 45 537
16 29 7910
18 3 3075
25 33 2573
41 47 8573
39 6 3918
22 33 5124
28 50 4024
26 34 594
3 12 3260
38 26 5475
48 45 3329
35 6 2441
43 33 9113
6 30 8816
7 14 1369
28 1 5379
47 30 4202
23 3 7828
44 34 746
25 4 1060
7 15 4911
13 29 738
14 36 7153
46 36 1854
26 49 5346
42 5 9553
41 12 510
28 41 9268
41 34 5600
18 36 8794
10 22 6157
47 19 9861
18 11 1868
39 21 8729
42 17 4786
41 30 5785
21 11 204
1 20 8809
38 18 2730
50 10 9815
7 34 4283
32 44 6059
39 40 2256
20 43 9747
49 37 1226
2 33 9976
13 34 5125
45 22 5427
9 22 7803
6 1 2222
41 7 2839
48 22 9066
45 3 2959
7 29 9991
39 11 7271
23 40 4656
35 8 9544
31 34 7780
39 7 276
42 30 1495
9 42 2925
49 14 6432
47 34 7707
20 37 1145
35 41 1512
18 33 2492
46 24 6929
44 24 1715
26 18 1300
20 5 6011
2 34 7882
39 46 5582
7 1 8421
26 50 6489
44 33 1681
17 36 9646
16 7 6464
1 19 6805
9 5 1425
1 32 619
14 18 9027
9 14 4263
27 29 6036
21 1 8337
19 5 4253
47 12 9658
23 24 9345
19 6 148
30 37 7437
40 27 9620
25 37 7994
1 26 6714
42 24 2403
50 17 5701
27 5 7858
14 25 3914
14 1 4544
23 49 1138
28 30 1980
47 43 5844
27 21 7148
5 34 9861
19 4 7777
38 45 1920
28 45 2701
14 22 9457
49 24 7918
1 13 9165
23 45 2614
42 15 9342
27 7 6135
38 7 1640
18 29 9956
39 14 8522
32 34 6328
9 1 4208
48 50 8179
35 1 5672
31 40 708
48 40 5615
36 30 5291
1 11 5053
1 21 8680
46 34 7693
10 15 753
49 42 6537
27 18 7958
29 6 1649
35 33 7675
14 8 9938
2 46 7492
50 44 1174
35 32 6150
19 15 1620
1 37 9446
26 35 8851
50 49 1077
42 32 7363
48 14 4367
26 28 42
16 8 3056
35 12 501
27 1 1681
38 16 3011
6 15 9022
1 31 4360
49 11 3570
42 12 7200
7 36 32
3 15 4277
37 1 9166
20 49 1674
10 32 9330
10 14 7846
11 4 5719
47 1 6434
30 11 734
45 24 28
49 15 8082
40 49 4760
45 27 9965
31 42 1925
28 25 2286
13 5 2467
9 4 3545
48 36 8083
41 27 1317
49 25 973
45 14 5445
39 1 5683
45 34 1014
47 17 4852
46 43 2535
19 7 9046
5 8 7862
47 15 7908
19 32 3405
5 33 7783
40 21 1459
20 15 9788
22 6 2060
49 18 624
8 24 7814
12 44 7741
46 33 4821
26 7 9884
31 23 526
20 19 1907
23 44 9911
16 19 4960
17 8 6666
7 30 6228
17 5 6884
39 43 5303
38 48 8694
15 1 6780
27 42 3385
35 17 6362
1 23 7752
2 21 5181
48 5 8396
21 25 5117
46 41 32
31 13 930
1 50 4162
6 24 4245
40 50 8837
29 4 3919
9 34 2028
50 1 295
13 48 58
25 24 439
2 29 7270
15 11 7871
26 19 4531
38 46 8443
35 16 4106
40 19 5056
7 3 6701
1 40 4017
47 7 15
15 44 9718
36 44 6596
45 16 3251
26 39 5021
40 7 1641
6 11 30
39 24 4757
16 3 8002
50 45 4134
48 1 9938
48 46 6397
43 18 9250
23 43 6321
4 1 3678
39 48 3412
9 46 6918
26 40 8866
38 3 7330
10 36 8945
1 42 5512
43 30 3739
23 7 5735
40 1 9133
1 15 1610
5 44 265
16 11 7575
9 41 2067
41 15 1672
39 50 627
38 1 2435
20 14 8039
43 4 345
48 28 9030
2 39 7641
40 22 1717
31 2 670
3 4 7670
35 44 6473
19 12 5023
31 26 1803
31 28 2762
47 10 7771
22 36 7405
22 12 9083
8 6 1448
31 9 816
26 6 2352
5 43 6665
9 33 4497
22 1 1296
46 42 2176
9 15 8235
28 18 3382
20 28 1309
17 4 6196
20 17 9998
28 47 5235
39 37 8263
48 41 1669
41 11 5862
45 19 697
38 9 6059
40 16 2558
42 10 6079
7 8 3699
26 3 4274
26 24 3100
48 47 7721
16 34 746
35 27 8123
8 12 9523
43 12 9860
47 5 5893
23 34 6927
2 3 8942
26 33 3693
39 44 4094
31 22 7645
9 25 357
20 48 4942
50 27 5292
19 22 2533
45 42 3177
45 49 8673
31 27 193
45 29 5724
20 21 8670
15 4 5427
40 37 3986
26 8 6690
8 25 7640
7 25 1035
19 34 9101
17 3 197
41 50 7113
3 34 2799
36 1 4470
23 25 212
9 40 519
20 32 1568
16 1 8334
20 13 6394
16 42 1427
17 34 579
35 46 9672
13 28 6720
8 44 623
3 24 118
35 10 4364
20 42 7331
6 34 5059
35 18 9655
31 39 6215
14 15 4587
22 3 4679
28 6 6407
35 42 311
5 15 9700
30 25 8186
7 11 648
7 12 6389
10 12 5825
1 14 1682
1 2 1841
30 1 2374
41 1 8794
42 25 4640
1 4 3195
23 28 5358
1 3 1510
46 27 4762
2 26 43
19 1 4255
48 30 2540
17 33 6973
18 37 279
1 10 9259
11 24 7595
1 35 396
16 49 9974
7 18 1278
19 44 1806
35 14 5980
42 22 7492
32 4 6393
10 6 658
48 8 251
44 1 3055
28 32 357
6 33 8436
1 16 3702
31 41 3098
17 44 612
29 1 1736
41 45 4938
39 9 9337
47 3 6881
8 37 5929
2 17 2532
47 24 2238
40 45 3791
49 30 7293
14 12 8633
36 37 8045
21 24 6185
19 8 5605
10 25 4675
46 4 1795
48 49 9552
21 37 5070
41 24 1769
26 36 829
32 6 3228
8 36 4100
23 10 4672
50 29 9620
6 25 4758
37 34 4922
35 40 9026
49 29 1466
13 45 9709
28 36 9079
31 16 4563
9 32 6673
3 44 814
15 12 5853
35 23 6009
19 37 4047
47 49 1781
13 1 8540
9 30 2636
48 37 5571
1 17 2185
2 23 1268
40 15 9968
7 24 4721
1 8 6873
13 23 4642
20 8 6515
28 15 2776
26 17 24 47
