100 5049 6
19 93 8502
78 75 8484
55 30 868
69 70 3238
75 95 6056
8 59 8009
27 62 5928
77 31 5770
64 76 2953
63 13 8108
40 8 3658
76 3 4737
58 64 6681
98 74 2786
26 80 76
90 31 7421
85 76 6853
67 22 690
7 28 6381
84 94 5686
60 28 3371
41 16 9076
24 3 8015
98 55 6113
45 96 5045
6 56 8336
88 65 2100
86 46 8258
44 85 770
54 43 6448
67 87 231
10 20 5623
70 24 1283
69 66 7450
42 95 8861
26 18 3690
4 16 5459
8 1 4788
35 98 5811
42 86 4763
58 96 2895
32 86 9468
38 24 9499
70 50 5928
64 27 8605
40 20 9574
73 3 3348
58 77 1810
88 71 6616
88 8 6080
35 82 7495
68 23 9986
11 46 1508
25 86 1861
69 61 2451
85 72 6552
36 23 6549
25 73 4550
35 75 1161
54 28 3670
53 81 7349
56 86 7744
45 66 9292
92 95 4983
38 76 5193
54 49 8152
11 70 5024
52 49 7003
11 75 9292
7 62 834
88 49 1766
98 73 8538
1 73 6653
57 10 7616
19 50 4465
63 86 5258
28 93 3542
32 13 4164
39 22 7067
25 51 157
27 78 6596
92 29 913
68 1 6494
95 62 8103
4 19 2773
11 78 8944
35 16 1006
35 90 5673
44 76 9845
74 51 2167
84 91 9342
26 51 7193
36 15 9910
78 61 8634
26 27 8527
7 86 1454
7 73 3137
1 91 3550
26 23 8457
92 87 8780
30 75 4383
1 29 6574
32 45 7318
1 32 1036
38 62 4189
48 45 8134
57 14 2645
84 69 4082
18 83 8650
7 24 9711
63 79 4238
18 62 5245
7 89 6975
90 85 732
16 73 3347
9 51 6099
97 55 6027
57 79 4352
8 80 1772
42 22 5872
30 20 2870
41 31 1113
11 88 9416
38 87 2779
71 2 6098
42 59 7943
98 61 585
98 62 9235
6 59 1492
20 83 9041
75 73 4366
41 70 2227
70 96 1966
42 39 1683
90 58 9614
36 98 2506
1 93 9817
4 87 2258
97 70 6588
54 53 4818
14 22 8320
30 82 825
1 6 62
18 94 5294
15 70 7908
1 68 9760
12 20 1392
70 80 3935
11 25 4111
56 2 9515
19 62 6158
57 25 3333
57 2 628
17 10 5573
54 6 2463
75 13 3077
4 69 9867
37 5 3047
97 48 8663
1 67 1359
56 13 2087
29 73 3029
4 75 9937
47 82 404
44 23 4711
56 10 9550
90 36 2910
63 67 879
74 46 8159
79 87 9497
18 14 5696
37 86 6478
25 60 321
76 20 2109
11 1 8123
42 91 8229
35 19 1868
51 59 5866
87 1 8515
1 56 2331
1 76 5381
28 62 4672
27 5 5663
25 18 2360
16 28 6596
60 95 8125
16 71 5436
86 100 6463
19 21 1172
1 60 4099
58 28 4173
88 45 9610
9 29 3479
21 79 4109
41 52 14
28 72 8189
11 26 3658
68 28 2923
84 96 5420
72 43 8168
5 83 2419
78 92 1115
15 79 997
70 49 9091
30 1 9576
39 33 5471
40 64 3671
57 60 1443
46 5 1336
77 29 8537
47 71 3773
42 92 3068
37 75 3208
86 66 9435
11 91 1779
78 49 6156
23 72 3912
48 14 3567
45 60 2618
35 9 1435
1 43 4017
61 60 6790
8 66 1044
90 2 7495
74 33 898
79 62 7409
70 71 2035
6 91 907
41 64 6683
66 1 7454
25 78 5426
14 33 5453
36 22 4921
92 72 6422
4 21 4544
10 73 4496
57 15 1892
16 36 4566
23 73 2290
10 51 9579
79 95 3103
94 89 6063
54 82 8999
1 87 2662
30 43 1849
57 1 777
14 75 8817
27 55 5760
68 45 695
25 77 7786
70 62 7194
98 27 4711
31 87 4575
25 81 4590
49 81 8557
98 94 1824
27 52 1998
11 20 6944
31 38 2730
92 91 5033
60 51 4397
96 82 8155
34 28 485
58 86 5669
26 10 928
42 66 5028
37 21 6516
78 79 2819
1 47 5946
6 23 8806
86 10 2398
71 91 9048
38 92 1220
19 94 1396
4 38 8061
63 14 3068
18 100 8524
14 72 3230
47 68 5180
10 28 5571
78 83 1015
68 89 8725
65 5 281
68 83 5590
19 100 3314
88 20 5190
47 50 7413
32 96 1664
15 1 2133
17 80 6495
92 2 6696
32 56 2881
63 55 1001
60 72 7180
42 72 4902
17 66 1929
55 49 8560
59 85 1417
17 92 4747
46 12 4505
95 3 6574
1 46 3496
26 59 9904
36 50 7793
68 5 1243
35 28 4316
27 19 861
25 68 6119
39 71 7545
32 88 6040
47 5 1689
88 61 8560
100 66 4764
46 29 8321
32 77 4149
31 73 4430
41 86 3510
57 89 7913
69 42 2445
7 14 1994
38 30 4407
36 18 9140
34 66 4875
37 58 5408
36 9 2671
40 72 9776
91 59 7336
47 9 7582
71 22 7544
40 44 8434
32 76 8438
27 8 4118
67 38 8282
30 14 8341
17 53 1910
67 81 9524
58 71 2657
67 79 9122
41 78 5642
78 93 201
74 13 5161
23 34 3682
41 24 5112
21 62 6277
41 11 2003
96 91 9260
94 53 7058
24 1 1864
4 46 7173
70 73 9502
35 58 3858
47 63 7931
97 56 4993
1 51 5084
17 96 3338
54 75 7663
22 33 1211
90 75 7025
44 34 1597
46 52 8754
37 97 1811
23 21 34
89 20 2871
88 33 92
4 90 4727
4 50 1133
47 23 9615
42 65 7383
25 12 254
57 30 1609
37 3 3935
88 53 1767
42 48 5290
57 86 9047
11 99 4395
77 18 3644
89 99 4658
52 43 1452
15 50 5508
44 83 8182
35 91 953
47 18 5717
48 70 6113
7 2 2297
34 80 800
94 95 5802
98 45 6311
11 28 2010
4 24 2827
17 8 7907
37 38 7115
90 60 989
39 89 7941
30 59 9986
41 43 1080
37 99 2667
72 83 7470
77 30 694
7 88 6401
38 49 7723
61 75 8654
65 12 6687
94 93 9489
76 81 296
35 4 2085
51 76 235
41 45 3939
67 83 3095
73 2 1686
90 76 5798
4 66 1276
12 80 8990
46 82 1514
36 46 3740
78 13 1286
79 72 8665
92 34 9542
1 19 7597
15 61 674
16 56 8720
84 52 1855
52 51 7789
88 81 9708
40 83 9795
75 28 4126
8 29 787
86 94 8813
21 75 1595
44 17 7832
65 68 1565
27 87 5669
73 66 2838
82 43 4604
94 80 1510
74 91 3133
86 85 6688
78 29 1744
82 93 3423
4 92 9782
33 81 3430
70 53 9221
74 80 7410
16 86 8771
65 89 734
36 30 1149
9 52 57
56 93 9399
25 66 7042
62 93 4005
77 1 6424
48 23 5761
75 85 2211
97 86 564
44 46 5468
34 71 8358
6 18 1041
14 59 2606
6 58 7170
97 83 2635
8 34 438
98 81 5087
44 8 4656
84 14 3275
37 24 9690
19 61 6165
71 20 2759
34 13 2729
1 14 7908
74 5 6181
85 81 2511
30 71 1337
41 48 5401
10 79 6272
4 14 108
11 60 2487
1 89 3772
15 13 6516
73 99 8237
13 72 814
41 77 6872
40 45 4660
22 50 6574
34 22 9082
86 43 1576
48 88 8394
26 20 3791
42 23 2616
18 96 999
45 2 961
84 15 1603
11 36 7788
41 14 2399
88 30 6258
9 66 7414
84 33 2088
45 72 2422
18 31 6524
57 26 4816
39 85 329
48 86 2705
74 52 3678
78 39 8018
26 48 4457
100 81 9949
56 60 4477
23 52 6943
6 8 3721
8 83 7344
31 71 1531
84 95 886
56 46 4215
17 39 6191
19 9 7459
98 12 9648
86 29 4118
46 33 2204
68 94 9791
61 20 6733
24 81 9555
44 39 751
26 63 4687
69 77 3694
11 89 3149
86 23 944
52 72 1108
41 68 1588
32 93 3365
38 5 7631
1 41 6403
89 13 46
42 34 6687
97 27 81
69 91 8063
74 31 1144
32 91 6381
82 3 2539
43 87 4438
64 10 6453
32 59 9882
86 28 5969
39 13 7338
67 89 448
71 72 8511
19 72 1149
6 19 6447
63 74 2628
26 93 9704
32 25 6237
30 13 5712
32 18 9258
44 49 3339
44 70 399
44 47 2952
77 45 2839
58 100 1342
26 39 411
41 1 4426
65 78 1059
65 87 8041
98 87 7181
86 87 7456
51 83 1080
37 68 3613
31 96 5518
62 20 8575
90 20 6345
39 34 4408
10 14 3012
12 62 2798
67 51 641
82 87 8980
56 87 6487
10 12 7440
54 12 3842
49 33 3987
55 100 238
7 96 6469
23 85 3691
22 66 2827
64 85 8533
97 94 2948
77 21 2517
71 46 8931
51 22 5899
40 74 5356
7 58 6624
6 62 6309
48 74 6133
37 11 4034
46 76 702
44 13 3313
73 1 1489
55 46 8133
6 36 3277
18 23 3358
53 29 6707
41 99 9622
26 94 7765
40 41 9718
54 86 2419
48 53 8405
69 87 5050
57 49 5257
4 64 2196
60 73 8891
47 10 5596
27 22 2434
32 72 1712
43 80 9286
90 87 5260
16 68 244
70 83 8585
61 22 7776
25 80 5526
93 1 4484
63 59 9483
69 81 8501
48 3 7144
1 27 5616
41 88 8887
67 9 4197
100 12 5280
19 80 375
11 12 2329
55 72 4909
21 34 3733
17 71 5387
27 70 4530
97 99 7849
22 72 5105
68 49 3300
58 94 2606
48 33 6506
6 45 8556
13 66 4801
40 79 1748
15 31 4151
95 80 7234
88 60 3459
76 43 9788
48 89 8845
28 1 54
64 79 8373
69 93 2973
56 43 5579
47 67 9208
9 85 2455
60 33 432
11 3 2703
40 77 4422
92 51 9318
31 24 6900
98 79 6054
57 5 6044
1 66 5580
100 59 962
36 86 9776
81 2 967
9 30 5491
17 72 3977
8 13 2423
23 94 8790
30 29 6582
42 5 5280
91 89 3697
42 67 1382
71 80 7027
1 44 4200
1 69 4968
19 70 486
56 18 3987
67 66 164
86 89 6891
36 96 8711
77 95 3136
26 99 8822
11 13 7918
14 13 5591
27 68 9253
41 49 621
12 93 6364
42 75 8570
15 22 3872
85 87 2417
4 82 4613
64 24 5803
89 12 9730
88 34 741
4 100 6769
47 74 1572
44 91 1069
38 91 5543
7 99 6713
7 31 7650
50 24 822
14 85 410
48 72 5383
95 59 7849
32 63 961
37 78 6702
47 55 4686
57 42 1299
59 1 6866
37 71 1576
48 51 10
9 96 6353
97 22 6749
10 2 4279
35 73 1943
96 52 6001
70 75 4899
93 80 4659
57 75 922
50 87 5122
70 45 3427
53 22 1887
41 87 925
17 55 3157
37 63 2627
10 22 4045
100 20 4728
11 23 3695
25 15 9588
18 91 1441
52 20 7696
50 43 6761
90 93 8202
90 70 9430
78 50 961
37 9 5514
96 66 6132
14 87 1998
14 1 6812
36 33 9349
97 91 9926
39 9 3173
74 24 5701
74 71 6674
78 60 7452
70 30 3996
9 22 2675
47 48 8702
99 1 5006
69 20 3596
17 100 3824
7 45 8432
65 59 5482
47 12 1100
21 45 1588
60 93 4460
35 43 5144
60 13 2668
69 73 4506
32 43 4731
74 18 460
71 81 8553
32 100 7844
48 5 5013
78 43 7983
21 49 8804
64 17 526
98 46 466
25 33 802
57 83 3689
5 52 9814
11 14 727
4 55 6862
74 43 1866
41 100 7400
57 27 665
6 31 2213
40 19 6426
27 18 9366
72 93 7218
16 21 6374
97 33 9541
35 7 5650
55 24 1855
57 71 640
15 74 3589
4 56 2667
6 10 5784
69 14 2608
35 51 3524
22 93 6866
38 51 9419
97 14 2077
97 19 4709
8 81 4431
51 80 6411
54 55 9865
37 93 4956
14 3 6876
36 2 666
94 85 4997
6 78 3041
57 9 7744
24 99 1858
23 61 1258
88 93 5143
11 51 8874
92 50 3471
70 95 7921
77 14 4591
34 29 688
54 10 4294
37 100 4132
54 13 2689
41 54 2500
63 1 1123
57 7 2630
63 2 1518
46 83 3258
65 79 5237
23 92 5042
6 30 6476
97 60 4656
62 1 7118
47 31 7536
43 99 5438
14 50 3528
32 52 7400
37 30 6746
32 1 6755
31 30 8065
57 93 1742
95 87 9795
35 38 5808
97 74 9951
42 17 1052
54 44 7303
35 100 8824
23 100 874
25 67 1575
26 100 3414
48 24 7914
56 23 5868
75 83 3897
39 29 602
56 62 4719
64 8 1372
16 65 9583
54 17 6237
10 96 981
32 99 4820
69 74 1278
36 39 7456
19 18 5827
55 28 4747
51 72 1344
91 62 7616
37 84 8274
14 49 8743
32 17 4361
6 39 1380
17 50 3160
90 71 6102
85 49 1174
35 49 5319
17 22 2404
60 43 8577
61 87 8973
90 50 1227
44 18 9451
35 10 547
6 86 993
32 51 3716
91 73 6414
40 98 1241
68 12 4317
63 12 1133
48 2 8964
44 82 3900
74 22 7369
40 75 6297
26 19 5071
77 80 4998
90 12 104
60 49 7249
65 73 9744
81 80 1447
54 99 4864
65 96 4369
68 75 190
64 91 9225
69 60 5748
75 62 9701
9 91 1678
60 5 3273
47 62 5019
16 1 4082
35 97 8201
23 87 3992
18 5 1660
42 13 4003
95 12 4538
42 36 9004
63 49 7718
26 21 7304
26 25 6597
4 70 2035
12 66 4788
63 24 1912
7 27 2286
98 24 8508
37 89 8208
91 99 3708
68 95 3505
45 51 8312
42 25 956
58 95 9600
77 46 9758
25 43 2171
6 38 3968
55 95 6299
18 71 7747
6 5 9715
88 1 5999
57 67 9425
12 72 9339
57 90 7370
32 46 9858
19 22 7539
77 60 1361
11 74 1517
90 26 1542
34 72 2250
67 82 6873
94 12 9259
38 59 5905
1 4 3469
6 53 7645
35 26 692
26 66 5380
25 87 6282
7 17 5551
4 32 9940
9 2 9989
98 2 5407
56 73 8251
41 65 7296
16 70 5006
65 3 4360
4 51 9467
64 5 8973
46 2 659
45 99 7213
67 49 5039
86 76 3009
4 36 2989
19 76 4377
41 93 378
64 72 2846
70 38 8268
56 59 8090
48 73 715
38 34 9809
6 32 340
42 50 3939
6 83 9067
18 28 6244
98 19 3759
98 75 3064
88 79 3288
88 82 9138
33 87 9345
97 67 8838
7 74 9077
79 28 9334
79 85 4245
6 33 3679
97 66 2981
32 27 9250
10 50 8039
16 72 8799
47 99 4575
65 92 5049
98 65 2364
54 42 5965
19 52 4409
21 30 5352
10 85 6694
33 82 4787
8 20 4550
23 1 4961
86 75 2876
66 20 1616
86 92 4769
47 69 9567
61 14 5554
56 66 187
93 99 2163
64 77 9312
70 34 3250
18 93 5450
4 48 4801
33 73 2595
35 5 639
88 9 230
98 49 8280
15 87 4883
57 23 260
26 33 1260
17 38 485
15 65 8298
18 60 59
69 88 1411
1 94 9698
54 60 2422
38 14 7375
41 20 4107
21 22 4125
78 71 420
40 22 5245
88 18 5026
36 24 5380
97 75 4472
44 33 6641
94 71 6500
100 82 4039
18 86 8546
84 67 3039
71 29 2553
56 82 4209
40 99 2640
33 80 8002
50 33 5362
74 62 1586
90 99 8640
41 32 5591
35 70 9865
78 5 9875
21 46 2202
97 95 7477
48 85 6711
84 78 6852
39 1 3887
48 77 8121
63 99 6549
92 53 6308
70 91 1847
70 67 7007
100 43 6784
23 62 2267
79 43 2251
27 31 1810
77 39 3998
18 87 3075
45 49 4802
16 8 6850
49 43 3465
67 53 3348
85 1 9888
17 3 6017
15 23 3908
14 28 8879
39 24 370
17 28 9269
7 22 465
14 93 9009
37 96 1211
16 13 329
98 96 5235
70 20 3413
62 3 4157
8 45 1945
56 80 264
19 17 8043
86 50 6417
17 9 3164
64 18 702
87 81 8264
16 50 171
4 13 7486
47 100 6882
42 93 8773
65 31 9295
42 19 7231
68 79 1847
47 93 448
58 85 4080
34 5 5311
74 79 3795
90 52 319
58 78 7679
58 63 7703
10 81 9198
18 39 8048
89 43 6971
1 57 6014
36 78 3409
46 87 4534
99 2 6342
84 70 8643
58 12 7946
25 83 499
96 81 6940
100 49 4561
84 11 4893
68 76 3356
93 3 7724
98 5 5595
27 34 7971
6 60 4246
41 76 3080
9 95 4852
16 82 3019
38 95 8726
65 1 8435
41 8 1217
32 65 9173
78 91 2514
7 48 2880
11 61 9320
37 41 9185
27 76 558
11 48 3374
70 55 4734
44 11 4958
32 49 6696
52 28 747
23 33 8366
27 17 1229
40 39 3440
67 100 3360
40 86 5526
54 46 290
5 81 299
79 52 86
11 82 5183
64 86 3655
17 94 4162
27 10 777
36 73 1625
8 67 8407
18 43 208
84 64 2829
16 39 7777
41 7 5285
18 1 1263
23 29 8994
53 60 809
48 92 128
27 85 8225
45 52 128
35 29 9312
74 76 5134
59 80 9853
38 66 397
35 55 91
97 32 6549
65 95 1143
63 73 8456
44 2 4129
32 80 4583
16 61 1816
100 1 9655
48 95 1224
69 18 8466
8 10 6092
56 92 6406
46 79 2120
74 82 253
7 42 3534
17 76 97
57 56 8660
38 73 3741
15 2 9277
19 1 2788
39 96 9025
48 13 539
25 82 8133
67 75 9834
78 23 7018
44 72 6357
23 46 6313
80 2 2682
90 42 1491
41 2 6166
50 99 3078
63 80 7933
53 20 9066
44 59 573
42 62 2741
36 10 3194
44 32 1507
69 86 908
96 33 2848
90 45 2730
7 64 9373
26 60 5292
78 95 9136
7 63 7845
61 96 5544
74 93 2669
58 80 7941
40 27 4203
46 1 2762
32 81 3569
49 20 3343
63 50 8138
75 66 459
71 51 1475
64 95 4323
61 5 7476
10 34 7832
31 79 636
57 12 157
29 99 5674
55 2 3153
94 82 9587
92 39 9958
26 96 2218
100 3 159
35 17 2698
69 100 1763
29 81 1665
60 87 3605
67 12 963
60 29 4394
55 29 2978
64 83 6254
96 83 9881
78 21 822
25 96 1797
15 77 2550
64 20 5114
56 75 2352
7 91 1663
78 28 8682
38 12 5694
94 34 9800
16 94 9140
7 83 7168
21 2 4123
1 25 2967
26 78 1351
78 76 1110
90 9 3124
34 85 3376
47 45 4262
22 20 9062
60 79 3334
23 66 2831
59 99 9220
54 71 6031
64 3 945
35 87 7236
27 39 5988
21 83 1907
85 99 7981
45 29 8965
71 28 4512
6 48 7862
29 79 6138
1 84 6309
11 29 6763
84 61 7603
91 95 5012
86 5 8425
26 16 2636
41 33 7057
1 42 4576
37 57 1775
15 72 576
15 10 8698
57 69 1093
63 96 8279
45 83 6159
35 13 568
59 62 1654
54 20 420
39 45 9629
7 52 4987
65 24 9602
70 22 5200
37 94 7370
26 77 6899
88 17 2435
32 24 3357
48 32 8805
15 99 6768
47 28 8673
17 49 9669
68 13 4629
37 14 1162
68 52 2329
11 62 7743
7 13 5116
61 100 7340
35 40 2519
32 8 7751
90 10 748
34 51 7094
86 22 5877
57 17 1323
74 53 2144
82 99 6969
86 53 9601
100 71 8302
77 68 7537
35 42 1255
65 52 5074
98 31 7165
6 55 2593
61 28 1027
90 6 8717
70 93 6314
79 73 7925
23 79 7503
100 87 9670
19 60 3082
70 72 4270
36 91 4694
69 7 2750
92 20 5250
35 95 2207
36 55 5078
37 15 2992
44 1 7322
58 61 2417
45 75 5510
51 33 5072
14 5 3164
76 99 8956
96 43 948
37 88 838
74 99 1099
7 33 4269
31 91 439
19 89 9400
71 14 1805
9 1 8045
64 14 825
84 24 5321
55 10 6989
72 20 1852
56 81 4037
74 19 3303
97 80 9776
5 1 7892
56 14 9324
67 61 2857
35 53 2161
94 20 370
13 73 5606
14 51 7411
100 85 2576
44 78 7035
49 24 6754
21 59 9898
31 22 9451
78 46 8616
63 92 1321
6 66 8966
43 66 7571
37 85 2269
10 5 9804
77 93 8669
21 53 2889
42 79 6594
48 55 4420
48 25 4693
38 72 990
62 99 5245
68 34 6365
35 41 7978
26 55 3448
9 76 6754
16 100 7632
28 82 3223
61 83 4645
32 20 6956
49 87 2432
64 2 3157
25 29 7325
52 66 4389
4 10 6919
97 53 6252
69 98 1424
32 3 3673
15 5 6149
43 20 7226
8 43 8640
92 5 7470
6 81 2544
15 38 6210
64 88 6090
74 61 2347
68 81 1230
69 38 8978
92 81 5292
32 12 5649
23 83 22
31 3 6281
69 27 7245
14 80 6386
90 74 610
91 24 692
8 9 9491
8 14 8242
87 99 267
32 98 4135
83 1 1549
14 73 9050
26 98 3644
11 17 5225
75 1 3438
89 50 562
79 20 1476
42 12 4861
84 81 586
89 72 3977
39 73 8439
40 67 9225
57 13 7798
45 76 982
78 22 5434
21 52 3887
74 34 9680
37 98 3015
84 71 9216
30 66 4971
41 96 8664
88 43 9237
84 39 7603
75 59 2260
42 58 1974
64 31 8212
86 73 2952
70 52 7817
11 100 2805
25 31 9570
42 100 1951
90 83 4353
78 1 8619
48 61 1946
100 24 9577
17 87 2056
68 72 2508
27 61 7405
65 19 3269
54 32 3093
4 73 1381
74 12 8059
10 30 8670
4 95 9178
47 88 9040
6 98 455
37 12 9416
63 30 8719
52 82 3470
41 59 8631
54 23 41
31 46 2133
28 66 4219
98 76 3995
25 22 744
37 47 2544
70 94 2206
51 82 3695
29 91 360
1 72 1363
64 49 9616
26 42 8663
57 54 5715
25 17 8234
40 11 608
88 52 1644
23 51 6642
5 80 9467
9 20 9048
57 41 6262
75 72 8912
7 76 6780
23 95 4320
42 88 7581
54 83 5957
68 38 3359
46 3 8035
35 80 1724
90 11 8429
31 5 1504
19 81 354
7 93 8469
91 12 9988
32 21 924
65 93 2463
55 3 732
40 1 9819
98 70 1020
27 33 778
79 51 6531
44 98 2382
21 51 6746
41 36 5193
1 10 4449
38 96 4979
40 54 2152
44 21 2444
8 100 7972
26 22 1619
25 74 7843
41 89 4233
98 82 530
56 95 4622
65 53 8552
58 65 8110
90 62 6930
71 5 1910
78 34 2496
42 89 8653
63 19 338
56 12 352
26 5 9006
36 59 5158
21 13 6691
8 62 6281
7 65 3972
25 46 3774
40 24 2451
95 33 4992
84 30 4552
37 69 8981
48 62 3725
42 43 7649
15 53 525
51 62 4525
20 81 2627
44 7 2677
37 6 6968
10 59 599
44 68 4295
36 77 4810
25 10 1183
64 67 1176
6 50 9431
70 82 9735
1 35 5637
16 15 6360
94 66 7996
30 34 8132
30 24 1364
35 56 4686
11 85 8483
32 29 6721
40 34 6195
88 46 5174
39 95 3001
65 45 167
23 82 8947
38 89 1804
1 16 5158
1 58 9850
65 28 784
7 3 5234
37 10 3850
64 33 1309
16 25 9759
30 79 6477
57 74 337
69 46 6726
77 65 3427
41 75 983
35 99 7888
64 61 961
91 3 2158
26 17 3670
29 87 695
18 13 7794
44 9 6382
31 14 5043
10 99 2277
1 34 7745
16 62 9728
12 22 760
58 39 4466
100 89 5922
57 66 2285
1 54 7466
94 81 6088
86 93 7583
97 50 5621
41 55 7597
91 80 3785
15 62 6405
58 10 2831
91 13 7634
35 61 4065
1 9 2589
57 16 462
75 82 4401
22 87 5666
1 52 240
98 33 5383
27 77 3553
38 21 1201
69 78 3892
16 55 7223
98 9 8247
57 44 1685
71 75 3604
16 75 9641
23 38 3961
69 72 1348
31 89 9368
19 29 1072
57 94 5813
9 3 1642
39 60 9708
46 91 9631
34 89 4081
46 62 7291
74 30 5251
98 92 8030
84 80 7427
48 79 8007
96 20 860
15 85 1412
53 80 2071
29 22 9800
13 99 8226
30 93 2823
88 76 5465
35 44 8465
68 39 4557
54 34 5370
85 83 6017
36 71 8448
58 51 8944
9 62 616
97 81 132
54 21 2547
69 2 256
77 5 445
11 49 246
69 94 5976
57 96 1516
6 12 2411
69 6 3969
31 83 1224
36 81 8393
38 93 4401
18 80 4866
69 82 9995
90 91 2430
67 2 8644
92 22 8002
35 48 9641
87 93 55
32 71 6424
25 76 5792
45 12 8280
44 62 5599
32 85 1257
7 21 3097
6 20 155
9 14 2978
4 79 5465
1 80 8603
37 26 1921
56 51 2432
98 72 8734
30 83 819
89 76 2688
15 52 9178
16 46 1064
97 87 5015
94 59 7046
1 39 3474
84 32 5335
14 79 8269
28 76 8218
8 94 9735
15 80 9486
88 94 8213
34 52 2165
69 51 8129
98 18 2566
21 96 8157
71 96 8183
28 12 8989
57 33 3949
71 52 2815
1 55 4587
11 31 1557
95 66 5911
71 79 4742
47 2 4534
5 79 7727
30 80 9696
57 45 2806
42 98 159
15 91 8429
23 13 3624
31 72 9198
36 89 3959
40 65 4687
78 86 4212
58 3 1004
4 7 4513
90 16 9546
19 3 5624
55 34 9082
11 71 5632
54 11 5109
92 66 7294
65 67 7796
7 6 3237
44 65 9859
68 99 2305
82 20 1419
37 16 5200
90 56 6253
58 23 585
36 85 6138
78 12 7809
62 43 6495
30 85 7231
97 44 8694
11 56 574
82 81 6926
42 94 1499
26 91 732
40 12 1707
98 80 1474
44 77 9929
11 94 5665
76 87 6160
47 95 492
65 18 3020
19 87 7024
32 74 37
60 66 8643
98 8 6106
1 61 5668
42 99 3751
41 27 9751
52 50 9816
30 72 3339
46 80 9610
77 9 2120
47 27 4757
36 64 1161
42 31 4724
34 12 1694
29 12 7298
87 2 8884
48 49 8188
37 4 881
16 64 7577
84 98 8761
40 91 7806
44 28 5427
40 7 5844
44 75 9512
63 18 6900
35 3 5772
40 59 1528
29 82 9411
76 80 6263
77 3 4547
89 22 2787
94 52 2651
16 2 3189
69 19 5244
59 93 4671
77 71 3291
32 83 4994
84 62 838
11 32 6629
59 50 955
75 50 2957
98 20 7738
31 50 2115
71 89 4032
63 72 9431
63 43 5765
52 85 2915
85 62 3970
7 78 6645
69 89 6843
98 21 2731
41 73 802
40 29 8621
48 36 4926
57 81 314
67 39 5520
21 93 698
60 89 8193
74 3 1282
84 85 3312
15 66 2740
100 73 4068
36 74 5963
10 92 5928
49 80 5663
89 3 633
84 21 9219
44 15 657
14 29 1470
97 43 5847
15 96 1611
96 62 778
1 74 3584
54 62 78
37 42 1161
9 13 3014
41 47 2194
54 14 4075
30 87 6984
54 73 5190
74 14 7269
78 73 6066
40 52 5991
17 13 5889
41 66 7343
55 14 2656
45 79 7760
69 12 8040
44 3 849
89 87 9041
18 3 1352
91 81 3588
68 67 9461
67 29 3666
30 91 5867
39 20 5123
28 20 650
24 20 1437
5 72 2131
90 49 8471
94 5 3636
26 50 94
90 73 5600
53 14 3571
86 13 6523
18 68 6760
65 99 2937
27 73 8716
25 61 7186
69 56 6272
41 12 3905
62 82 4454
100 95 8689
54 16 6247
91 51 6694
27 81 6031
46 51 8903
58 49 805
57 51 4071
7 77 6103
35 33 6197
1 18 1774
65 43 6042
14 24 5657
62 24 1791
21 9 8260
53 85 7132
48 63 2440
56 85 9697
84 10 5614
74 96 7262
97 2 9684
76 2 5707
43 73 2861
1 20 3254
16 5 8581
41 95 9620
63 91 6190
26 13 3648
7 23 3157
25 98 8813
4 72 7552
48 76 7610
7 18 7501
37 90 151
40 100 655
35 22 3532
90 29 5405
22 82 1459
47 96 3954
56 50 1507
65 86 7655
88 73 2079
26 15 3900
31 85 9664
77 53 3869
55 62 2159
66 3 3147
5 3 2660
69 1 8207
56 15 8760
32 73 9921
61 95 7890
57 85 819
46 24 9133
65 80 7496
58 98 9399
7 80 8752
19 13 37
78 96 3047
58 29 1908
40 33 8850
45 3 6950
58 68 5869
41 10 6350
90 24 3452
4 81 2875
31 75 6233
44 6 8856
58 27 4333
7 87 186
30 96 6714
79 81 8339
16 53 8616
8 50 613
29 76 4354
84 13 8836
62 22 9124
57 88 7500
17 31 1495
33 43 7330
54 7 6260
84 55 7767
71 59 1572
60 52 3430
90 15 6899
48 38 9067
53 51 9180
29 24 2002
40 82 9103
86 99 8578
47 17 261
52 59 7952
67 60 1880
23 3 6129
47 49 654
90 55 5331
4 59 5355
31 52 6886
10 46 539
79 3 6039
91 33 3424
78 66 7252
61 13 4378
41 53 8391
28 13 4217
55 71 8731
44 71 7227
67 1 3340
39 28 6231
53 76 8721
47 76 669
8 86 8842
98 30 2840
44 14 2240
32 60 8623
90 100 9738
53 49 7658
63 46 4154
67 50 1740
68 91 6761
51 43 2732
29 52 2000
84 79 1064
94 49 4611
94 79 4481
54 95 1717
46 14 6293
77 91 9835
47 22 4955
97 39 6831
4 62 5874
71 1 4730
1 71 435
7 19 6603
19 2 3120
16 67 4651
52 73 1685
56 33 346
40 18 7990
12 73 7915
64 15 5419
26 29 5010
100 51 3108
27 45 8258
40 92 3602
51 13 8082
86 24 4347
77 87 1259
97 68 2236
79 93 2438
58 62 4371
54 58 4967
11 86 790
6 26 5435
33 3 5929
45 20 5270
29 2 3503
5 66 8573
78 53 1456
4 3 8457
63 81 1756
4 30 3681
6 75 9538
17 89 2190
25 62 283
64 38 9010
79 1 6840
40 95 1968
44 92 9355
16 18 1181
13 81 6234
36 56 1125
4 41 2542
45 91 5694
69 53 5734
74 29 6143
94 29 3775
25 13 81
6 72 3754
67 24 2362
94 13 8870
17 99 8124
38 20 3680
15 51 9659
44 64 9910
64 30 9608
7 32 1280
11 6 3413
14 43 4533
47 14 2736
38 33 8221
27 46 6288
33 93 6416
40 80 7759
35 52 8477
93 2 3051
12 82 6768
26 81 1668
33 20 1370
77 13 2474
22 49 9200
47 15 3955
79 59 9951
29 1 1741
85 82 9648
67 99 5684
36 1 4236
64 21 9775
58 91 2116
56 38 4341
4 23 8488
56 19 986
58 82 8816
71 13 2168
44 63 644
68 30 8726
63 65 8127
49 73 1924
63 31 2138
96 72 2659
98 50 1011
100 45 358
84 48 8946
44 74 3778
6 71 4468
1 12 7422
42 46 6828
41 30 7587
79 99 9089
5 33 4549
70 43 61
98 22 4640
88 55 8504
44 80 11
4 98 2733
35 62 4503
92 49 2046
70 10 6968
18 55 629
13 24 4162
8 28 7660
1 48 9117
78 62 5147
40 48 6475
57 39 7636
63 77 2142
53 12 5200
22 80 5762
86 82 417
13 33 3689
88 68 8421
86 3 1427
17 83 399
33 1 7366
28 59 5205
56 94 4866
38 85 1140
38 71 8384
68 9 2453
34 3 6580
11 63 9285
53 79 8865
84 29 1220
78 81 4140
6 34 5227
32 66 3952
65 85 4994
67 52 7272
18 53 7271
70 59 5623
97 5 1433
39 53 4930
32 94 1091
70 9 2931
64 81 7756
37 43 5078
48 1 1425
41 19 2956
22 83 839
77 23 1841
32 70 6644
9 59 9259
97 100 9620
60 76 7042
39 99 2977
59 22 1176
45 62 8260
45 5 4116
44 88 5911
27 59 712
37 70 695
67 76 5195
17 85 5928
11 68 1914
70 3 9334
49 93 1154
41 74 5865
40 66 4328
21 55 8425
39 66 9487
92 1 6302
46 28 6210
5 76 4416
56 78 3744
65 82 5492
26 46 2172
19 92 8821
64 68 3268
7 16 1479
84 75 9659
36 29 5109
22 1 4474
25 30 5270
64 93 1080
11 55 7868
98 95 8246
52 24 2255
52 95 6127
63 53 2361
71 53 8165
87 3 3190
44 50 3055
34 14 9712
30 53 5469
98 66 1321
19 46 5397
47 65 6622
92 9 3537
1 75 9724
36 28 1398
24 2 3024
27 71 2377
19 85 3959
71 33 7439
41 22 6120
14 62 9451
88 10 5962
41 80 4940
27 9 2718
21 82 3792
17 61 951
16 98 4178
63 93 8266
42 16 6220
15 95 1609
92 80 2485
35 15 817
38 43 3863
75 49 4963
64 66 3177
6 95 8380
11 18 4504
24 73 2583
57 58 4443
88 28 9972
57 36 3903
82 1 9839
11 34 2945
35 2 7440
63 9 5915
26 95 4342
18 20 463
15 43 8291
34 95 8301
92 94 4253
58 81 4411
83 80 4103
40 16 6567
52 83 5702
29 43 6820
13 43 358
53 93 3004
56 30 7350
92 99 4975
17 24 9223
47 46 8958
1 85 3811
39 76 6391
11 98 9173
97 21 8773
5 43 9567
36 75 7552
74 78 3276
58 67 8502
48 66 8346
77 76 9599
90 27 2404
46 85 8184
97 7 2543
1 99 6195
73 83 4098
36 70 3237
67 20 3009
17 86 2389
63 75 1537
53 1 3614
37 8 3151
39 14 5639
1 82 180
27 83 5204
85 20 8810
68 100 6889
25 49 8208
37 34 6159
45 50 8216
37 91 3782
62 73 5117
27 99 2026
97 61 173
52 75 641
54 29 799
90 63 6091
4 31 8192
90 61 426
16 79 4592
47 38 2889
97 88 6377
44 42 3348
61 2 1072
17 52 8919
7 72 5894
8 76 1522
18 75 2155
97 77 8903
22 73 262
7 92 43
11 58 2516
76 83 3412
86 79 2033
38 46 9047
70 66 4967
41 98 7195
77 96 5935
87 80 9526
38 55 3353
25 20 4150
88 91 3308
6 99 4821
53 95 2528
28 43 9832
58 73 5461
76 72 3326
34 93 2274
54 48 4
63 82 103
97 34 3218
72 33 2892
42 74 6479
30 52 2917
64 70 316
29 85 1750
74 50 8810
6 65 1837
100 28 3904
32 89 4064
47 20 2098
4 47 299
79 49 2931
36 53 1861
4 91 8683
63 85 1977
78 45 6827
1 79 5877
95 81 4264
13 12 6353
78 2 5582
4 20 4765
17 33 6012
18 33 6754
31 76 7292
34 50 2195
65 81 8567
77 17 6969
1 7 4468
67 85 8570
27 28 7072
77 22 7685
18 30 7814
29 50 9902
42 8 601
35 59 4481
96 14 1651
9 87 5763
79 24 6317
58 21 1907
27 30 9826
13 2 4766
58 79 2205
100 76 2757
59 83 6626
57 92 887
55 82 1085
52 99 9804
42 73 3116
35 21 1700
98 23 2508
2 1 8697
7 30 2817
26 2 4871
36 13 1802
88 86 6460
9 60 7065
5 49 368
76 73 3429
15 71 1533
11 76 5290
49 1 6852
79 33 5569
53 24 3103
60 12 6753
33 2 2522
40 50 3935
48 91 8404
98 3 8284
15 12 251
32 67 310
28 24 8109
64 92 1368
4 26 8866
54 100 7217
46 72 7993
42 52 6104
97 42 4654
39 59 4148
58 31 9219
57 22 6353
84 57 6656
92 76 4267
23 49 5521
88 13 1526
1 11 6069
66 93 1981
16 51 8591
91 75 6436
97 85 5409
84 56 6475
75 99 1725
84 47 8612
94 14 8395
41 71 1179
97 30 5364
64 82 916
79 80 5113
47 94 3767
12 2 9199
37 72 1715
84 99 4076
23 53 3660
88 77 3082
54 67 2941
59 73 876
1 70 7426
47 51 9045
64 74 5529
44 36 1574
40 93 4615
6 14 8234
84 44 4581
85 66 8882
56 22 106
26 67 6106
11 8 1302
64 23 2086
31 86 1048
37 95 7737
1 36 3846
56 3 3874
94 72 5814
96 22 2457
12 49 2269
54 66 3344
64 51 7821
63 76 3184
71 99 4809
17 82 7939
68 22 2383
67 21 6523
4 99 8367
30 99 6042
16 12 5957
32 39 7659
71 83 3269
40 88 9734
72 99 3055
88 51 5150
94 50 7659
1 59 7670
70 14 9735
28 49 2239
69 32 2903
38 13 9840
95 85 4697
15 73 4204
84 6 1926
62 33 5744
77 10 1940
98 86 2123
65 21 5970
82 80 4105
45 24 4580
41 26 8238
47 26 7449
35 8 8752
47 73 1421
68 59 2257
19 68 3042
37 56 3803
41 17 5131
52 80 1408
4 94 6196
49 3 1087
54 27 9067
86 2 9465
55 66 7173
40 3 2121
6 94 4614
54 3 4831
15 89 6142
19 79 4348
78 59 3422
13 83 9044
86 1 539
44 53 8118
30 33 9599
21 50 8816
84 12 213
67 14 7891
6 74 939
97 36 6182
18 45 1995
19 73 1870
76 82 4419
77 34 9443
13 50 6973
77 59 2192
26 72 1699
1 31 14
23 20 2346
16 14 3182
37 87 1422
18 8 8542
27 51 4268
38 2 6840
29 13 4358
90 80 7792
54 93 5312
23 22 8971
78 55 2623
18 52 1454
64 22 9670
58 8 2396
53 91 6849
1 28 208
38 10 513
29 66 6448
8 95 9024
91 52 7077
19 23 690
47 13 6314
37 79 9611
98 28 2684
51 3 8183
97 76 381
18 81 8479
17 2 5155
69 10 2572
96 59 6529
55 75 5168
72 49 4918
65 20 9710
79 75 2941
58 93 9811
4 22 330
1 53 9780
63 39 4168
23 24 8121
4 28 5092
14 12 9490
27 75 7095
46 66 2897
41 23 9159
15 8 9490
55 51 6097
25 36 5718
16 48 6354
76 93 2544
44 27 1093
92 93 9783
74 95 9585
32 61 7406
56 74 9393
59 87 2269
70 92 5588
100 46 9773
45 1 747
65 34 7094
61 99 8697
9 71 7275
34 20 8614
18 2 9966
42 96 6985
7 10 1554
100 14 9776
41 46 7314
4 86 1334
8 99 3943
44 99 1786
48 78 2777
36 94 9784
70 8 8881
9 28 5673
5 95 8942
9 79 8370
7 82 1769
6 100 1011
44 58 1076
67 95 665
77 82 2104
4 6 858
60 99 249
46 75 9509
65 51 250
6 89 8869
59 49 1449
64 9 6374
57 6 9615
4 27 4894
32 50 5070
84 4 3242
44 24 3507
11 30 5035
88 87 226
15 24 5061
58 13 1162
17 59 3891
64 94 2746
44 56 1456
79 76 5676
68 73 5522
68 46 1239
65 23 908
98 34 7546
1 81 6532
52 22 9278
78 14 5666
56 88 7543
36 51 6705
64 29 6330
74 89 5998
42 55 7562
54 30 2931
90 81 5506
32 75 4163
97 93 8151
72 81 3306
60 81 6888
98 1 7766
23 93 8200
90 3 8310
13 49 7359
18 76 1706
23 28 3344
56 9 7584
57 97 3118
7 98 858
47 7 7826
6 3 5863
11 43 2313
65 76 9853
27 2 1384
36 3 3552
20 1 761
71 49 5281
7 25 83
67 72 6390
21 92 947
7 55 3977
6 24 3094
63 5 3628
15 86 9974
35 69 7007
58 43 2910
33 83 1832
8 22 1169
31 23 1061
78 3 5137
4 85 4408
91 2 5178
95 51 9688
41 9 2717
88 66 2536
69 83 1394
54 26 2413
65 33 6471
77 50 4511
10 93 3270
89 1 4296
97 63 6726
30 45 5582
63 34 500
61 72 4461
26 75 5485
18 89 1260
26 68 9742
31 80 1920
1 8 7649
84 9 7040
42 3 5896
61 53 7094
64 98 667
63 70 2222
54 81 4100
64 80 3577
96 28 4053
94 99 1620
48 98 989
40 30 5541
53 62 6028
18 92 6166
25 59 5229
84 40 8744
68 33 8701
55 61 2974
35 83 7508
41 28 5171
79 12 3836
15 60 777
69 11 5818
47 59 561
61 1 2711
94 28 6317
9 46 5022
97 59 8195
44 43 3929
97 1 1115
14 82 6466
47 21 1577
97 38 8154
92 14 2362
11 53 8671
30 22 5172
72 66 4583
92 24 9122
78 52 8748
74 67 4987
1 30 742
4 33 6088
98 88 527
17 5 3121
41 6 2253
57 95 2107
39 80 8216
60 3 7305
61 71 5080
65 50 5724
6 46 8827
7 85 8916
66 87 6500
40 43 4644
5 89 5828
1 15 5562
74 17 7313
40 14 7201
18 29 3757
78 87 1241
85 22 8315
74 72 6574
53 83 9169
14 52 2820
44 73 8935
63 17 4191
56 77 7992
38 53 9869
86 21 3313
38 94 3091
37 22 1207
42 53 406
19 99 9179
90 54 1734
16 59 3526
21 66 7783
7 79 192
31 13 8093
97 31 5088
14 2 5272
28 73 3816
16 22 3914
56 34 539
6 76 6668
40 87 8558
5 28 2718
37 53 2229
61 79 2222
16 60 9919
17 67 2337
31 43 3462
67 71 4585
63 21 8911
24 43 2630
57 18 3757
6 29 4197
42 20 6821
50 49 1748
56 39 418
69 45 6485
42 1 1190
84 58 1624
35 25 6890
41 61 368
58 89 9709
36 92 6767
11 59 4503
40 73 9901
38 45 4859
58 72 9590
45 59 1524
94 62 5027
58 19 3503
8 49 8414
48 30 1694
57 100 8412
61 3 1131
11 87 3922
19 55 6985
71 60 7401
35 18 2611
34 82 446
57 28 1986
84 22 7873
7 26 9428
12 43 2094
57 61 2069
84 53 2600
95 20 3841
56 29 2486
69 5 9084
35 60 1382
54 76 462
5 24 2325
56 20 1750
69 50 170
32 92 9091
51 99 2604
67 96 6422
16 30 301
86 55 2193
55 1 7945
96 99 5327
1 45 2047
21 61 6358
68 96 3372
40 94 459
53 50 7489
34 46 3646
14 66 7443
44 45 1241
66 81 6256
55 43 4241
100 92 3226
73 80 4128
92 28 20
64 55 5319
37 25 2548
74 68 2619
96 76 5511
97 72 1386
42 81 8054
27 53 6893
42 15 1847
68 8 6730
8 71 4994
48 87 2016
64 63 2172
65 66 7597
19 34 8438
23 60 2472
35 78 6141
10 91 2734
77 55 4151
90 96 8187
14 76 9092
46 13 7522
89 82 4997
48 10 2932
59 72 1167
18 34 8792
50 2 4172
4 44 7422
100 53 3032
47 58 3750
46 50 7901
45 53 9403
61 52 5420
100 50 449
77 38 2021
86 49 7283
92 83 1834
84 2 6426
82 2 527
77 8 32
46 93 3155
26 8 5520
70 89 2047
38 100 5326
7 51 9468
55 79 6836
40 46 4149
18 78 5608
1 90 5922
40 47 8299
27 50 146
92 60 1365
13 87 5821
25 88 5143
66 2 4296
37 83 3339
7 61 3934
15 49 4819
40 51 761
74 81 3317
40 55 4920
38 80 5013
45 85 2719
10 75 6692
6 77 1813
36 99 1091
92 62 3974
67 46 9998
63 28 7516
100 93 4500
56 31 29
61 93 7022
62 72 6371
91 66 8428
35 86 2347
37 44 5838
11 2 1615
97 89 6495
13 62 7797
31 70 7536
47 92 1146
100 52 7942
14 81 8900
77 67 3318
97 90 3084
58 33 9547
10 76 6656
32 62 3369
36 80 718
55 91 3768
37 32 6685
55 83 5637
36 34 8781
88 59 9403
55 9 2328
56 91 6945
96 13 493
34 99 2653
37 13 6943
26 45 4360
50 93 7152
98 43 6971
27 82 1381
86 34 3522
71 50 1750
75 24 79
34 2 5711
70 2 3365
86 12 2926
35 36 3507
86 80 900
32 5 4071
97 71 1449
10 39 6152
45 87 3740
58 34 884
78 82 2050
98 10 395
6 67 4253
44 87 2767
74 94 4163
48 15 7289
70 100 4756
32 23 9295
60 22 6692
37 54 3435
54 9 2591
7 59 3536
55 99 6088
19 28 9533
55 80 4248
31 81 9591
8 39 2856
9 89 5628
81 1 3113
89 66 4605
69 96 5707
70 51 5175
61 34 4321
36 60 8632
78 68 8682
54 96 5221
42 70 9054
26 3 6482
25 27 7724
17 43 2793
36 61 3717
41 18 9773
1 50 9539
98 85 7969
27 88 8892
56 53 53
9 93 1610
100 30 3647
100 96 5699
68 20 8301
69 75 7081
21 14 8290
90 47 8188
24 83 9520
23 80 4174
48 27 2435
91 49 9111
70 13 7029
96 29 4415
23 9 8575
65 61 7986
19 39 121
9 81 3749
4 54 2306
84 43 5104
78 38 2430
77 78 3878
97 9 509
87 83 5263
53 3 1601
19 82 9653
21 28 8980
90 69 7726
9 12 9191
16 38 3300
64 46 6617
92 13 5596
88 62 4909
58 46 263
85 12 1294
84 74 9561
25 8 3695
16 20 9583
11 83 4101
44 95 3215
26 71 3757
48 59 6535
88 83 2325
84 25 7137
84 86 949
57 87 899
23 99 1474
53 89 7421
17 14 999
10 1 3780
37 49 8876
69 76 3429
96 51 7657
96 73 9384
37 29 5043
53 99 5610
44 66 5388
68 50 374
12 81 3335
94 45 4579
90 66 3674
16 78 9951
56 76 174
77 70 4934
65 38 6565
37 80 7819
5 87 847
16 83 259
35 20 7402
84 5 4947
69 71 9825
18 38 7510
44 86 7833
40 63 8501
74 60 998
91 79 8782
100 94 5751
19 20 2472
26 38 2554
47 19 6750
48 65 6251
68 43 1430
84 38 6530
55 81 259
22 2 7165
54 89 1572
58 56 5868
25 79 2553
84 88 1946
28 95 5554
16 92 3483
100 9 1971
32 78 5504
61 62 8
17 18 3256
91 20 8420
36 68 7826
35 81 4102
84 16 8679
53 87 5227
98 17 5400
98 15 4855
40 10 9088
69 30 3233
58 92 3356
47 61 6438
88 21 8366
53 72 9106
36 67 8909
48 96 919
54 72 5855
41 81 1511
37 51 8700
8 87 2384
45 33 1769
32 15 5865
60 62 308
44 19 3989
4 71 4769
15 30 8605
12 33 9542
98 29 8251
90 65 575
15 34 1398
25 50 8258
37 36 182
100 13 9817
84 92 6083
35 46 4284
65 30 4847
35 66 7662
27 100 6035
54 15 9702
42 14 3101
25 91 9267
74 70 3057
79 83 9538
26 74 7632
77 89 8514
97 96 8446
32 34 4903
23 91 4369
76 49 6308
74 38 3602
56 65 3104
31 49 4429
8 12 5818
47 80 9763
15 19 4769
36 87 586
88 12 8367
86 30 4310
14 20 5188
4 1 5293
37 52 2059
53 43 3445
39 81 5475
23 39 8228
11 96 5880
74 87 6110
30 95 3074
21 81 3541
29 93 2144
67 92 2775
55 45 6641
41 67 1411
55 85 2183
42 83 2531
54 18 5394
54 74 697
96 80 976
18 24 6648
34 24 1417
65 94 3636
95 72 6602
6 49 872
35 64 8064
38 83 2419
44 94 635
67 43 9184
19 96 9357
71 87 5353
17 29 3493
18 79 4544
74 75 646
48 20 1904
16 49 4341
42 77 6120
35 50 131
65 13 220
42 78 8581
94 76 3204
51 85 112
11 16 724
58 5 2331
48 93 3104
69 49 8486
64 45 865
7 50 5634
15 14 3880
25 52 1561
53 75 2962
45 80 527
40 6 9329
94 22 6597
71 62 7128
36 82 6553
61 33 1012
74 10 5899
44 52 3539
84 28 195
29 49 1607
31 29 8891
58 74 39
35 12 6150
16 29 9536
21 94 1942
7 70 6842
86 62 2007
88 75 8424
54 8 3413
77 43 587
70 29 7980
97 45 3524
1 62 7663
86 52 310
10 80 6628
16 63 6148
21 20 7526
25 70 2261
58 30 6379
96 85 5439
47 24 5222
32 14 6906
84 34 4767
40 56 8170
75 2 385
10 24 7671
55 22 9181
41 38 2635
29 80 1209
42 18 9375
47 25 4241
15 18 100
69 13 5766
64 52 6743
15 33 5987
13 20 7707
7 67 3584
42 21 4346
4 96 2483
44 100 6997
75 87 1284
21 1 462
16 10 6872
54 22 8946
84 100 7123
44 12 3499
54 52 5094
9 99 4648
58 20 2112
42 80 1472
34 49 86
23 96 7333
75 20 4729
29 83 1205
23 45 5503
78 89 1466
41 69 8875
27 21 4683
16 33 452
49 99 6436
41 91 410
43 2 4693
57 20 6535
70 99 6175
76 50 7787
56 28 8873
25 63 233
78 70 7722
48 18 3218
97 73 9067
40 61 1070
94 73 4502
54 68 9528
42 24 7942
86 72 9799
98 60 3002
40 68 1440
79 2 1244
30 76 7650
69 23 3551
73 81 2716
63 29 4087
91 50 7236
36 20 3796
97 69 1643
4 49 9090
6 64 1613
73 93 6870
18 51 124
27 12 2065
56 45 3305
74 23 533
21 39 3109
41 92 9839
23 43 3059
25 71 895
97 51 5063
78 99 9644
53 28 8616
4 60 8281
18 67 8710
42 71 9686
57 63 9134
71 24 4590
16 52 7627
54 36 8932
74 1 7591
88 96 5418
30 46 176
15 28 1592
13 3 5321
5 2 9243
94 75 2031
38 79 8908
57 50 9390
40 78 3673
68 61 7997
68 80 1003
48 82 542
19 14 8120
11 93 9419
16 31 3846
36 17 8653
68 21 2527
27 43 36
59 43 8063
67 28 3421
48 29 5099
75 80 7706
40 85 8388
52 93 9731
39 49 2768
64 96 4425
31 92 8864
68 55 7357
96 24 8403
1 77 4147
18 59 4947
69 85 3821
32 19 674
9 33 2891
51 12 5493
26 24 9916
37 64 4921
77 61 4400
48 100 5658
8 89 8593
56 96 2396
32 38 3012
98 52 5487
10 49 515
98 71 2430
72 82 5684
17 73 5519
68 10 4956
25 3 5720
97 82 9934
86 95 4728
52 12 818
62 87 3991
32 22 9467
47 86 548
38 52 6758
26 62 3892
77 81 5763
72 1 4114
100 33 2294
64 50 9909
84 41 5413
97 16 2466
35 67 583
94 3 4655
9 82 7958
8 30 6850
11 73 9575
63 27 8709
36 5 2507
85 43 4519
14 99 7456
94 33 5518
67 93 5
18 49 4323
70 5 4299
28 51 5689
83 93 6193
88 23 5606
17 91 7760
37 39 6126
78 31 333
42 63 4929
54 25 117
95 2 6152
10 87 5476
71 73 6874
55 5 6395
57 19 7590
44 51 7340
25 45 8688
31 100 3850
43 3 9104
75 3 7506
85 73 4432
11 5 3758
24 66 1815
43 83 7634
20 87 3332
85 50 524
51 87 140
36 83 4202
7 34 4331
94 30 2010
65 8 559
40 62 8653
90 34 2660
65 9 6247
58 70 4846
44 89 8266
37 40 358
35 45 971
83 2 4950
40 31 5286
96 93 7439
94 60 1101
68 3 7113
46 81 4313
9 34 7495
27 29 4702
54 80 8004
89 2 2535
4 97 8551
40 81 7107
58 16 40
47 98 9335
18 12 864
97 78 1854
6 87 6968
65 75 547
97 54 8729
39 3 3459
64 43 4748
77 92 9412
51 2 1820
35 77 5306
65 83 8064
31 99 4480
48 64 7904
40 13 9261
86 91 2745
48 60 8261
63 10 232
19 30 7694
36 8 9898
7 100 7670
16 66 5147
90 88 7010
61 66 8334
35 63 2641
18 61 1711
64 65 6337
47 91 5175
15 100 6614
89 83 3443
35 57 1566
100 34 5948
58 36 658
21 91 9772
77 75 9267
35 23 1204
57 48 4852
17 70 2725
42 33 2304
98 67 4263
89 49 897
31 2 3961
16 32 8679
84 89 5376
70 87 8217
64 56 7939
27 20 4472
67 55 6477
1 100 8170
35 65 2165
68 93 6375
16 34 2192
69 36 7311
48 43 9736
86 83 6877
5 50 6304
68 92 7799
91 87 3214
48 28 7830
69 48 4412
40 23 3008
26 88 9396
76 12 6711
12 87 3666
15 29 5519
79 66 2329
84 36 1221
26 32 370
52 81 1405
32 79 9876
98 89 985
56 55 2301
61 91 3837
84 90 9663
57 70 4028
98 59 2053
30 73 7601
6 2 8499
39 93 4881
14 91 2123
75 22 7016
27 89 7607
57 43 4314
8 85 4326
26 1 7343
44 67 1190
17 75 6981
74 65 5141
36 93 755
39 83 4811
19 83 5904
97 41 3763
30 89 558
88 50 8966
56 99 3780
61 85 6076
57 29 1294
74 9 5000
60 75 2797
28 3 2698
50 20 4876
23 2 3781
21 24 4999
1 22 5064
57 99 3443
100 83 9026
45 82 7116
78 10 7396
88 70 3877
75 12 1996
35 76 9518
16 89 892
88 80 5955
32 36 3831
44 93 1569
39 82 3297
67 5 1372
91 43 8550
36 31 4789
8 96 2127
48 17 9712
79 22 7044
92 12 2241
23 14 269
98 39 6009
63 22 6020
27 38 2696
67 3 7302
8 53 7371
100 80 5492
56 71 9999
4 57 8598
26 43 5625
9 5 1349
65 62 3661
64 19 5419
69 33 6727
41 82 776
58 76 2814
85 3 603
44 55 9124
58 75 2331
13 22 1494
50 81 5078
98 78 2513
56 98 3062
41 5 4726
17 68 237
72 87 7963
10 82 5866
28 87 8715
37 7 7674
30 12 2909
29 59 955
63 33 7942
68 2 8917
97 10 3326
43 1 6989
61 12 6218
6 27 696
37 31 2481
8 92 2568
18 10 5646
38 28 4457
31 82 269
100 99 9306
86 38 9875
32 64 6995
85 24 82
70 86 9041
14 89 7597
42 38 5557
72 80 7723
4 11 5442
5 85 6986
36 76 6588
18 82 4855
58 45 1711
45 89 6824
25 64 2818
58 59 7576
40 69 5538
68 82 6843
19 24 6836
98 51 2844
6 25 1137
7 66 5752
6 42 2521
54 33 8125
56 68 8321
92 79 9568
53 33 605
85 80 7240
84 20 5213
77 100 1413
10 61 7508
77 72 4519
56 5 1288
63 62 4502
84 31 952
41 58 6680
96 50 8450
36 65 6508
77 86 4402
26 30 243
37 76 9845
32 82 989
56 89 5098
63 94 1555
55 12 4164
84 26 4267
56 72 5482
31 93 9701
64 59 7461
69 25 2317
97 47 8896
20 3 8597
20 93 4420
86 96 1416
95 50 6722
57 8 2740
13 93 984
97 52 3678
7 12 6331
52 3 6196
48 50 5091
84 72 3839
26 36 7066
41 79 2730
31 12 4692
11 21 8017
8 51 9409
6 80 3142
90 44 876
19 91 3810
70 12 9736
49 2 720
4 12 1151
63 61 1185
26 73 8626
25 53 5314
41 29 5451
40 60 459
68 60 1367
61 43 9264
16 19 2775
15 45 262
90 30 7860
27 3 3546
57 53 8030
58 87 933
44 81 6285
97 98 5365
97 28 4611
45 81 8968
44 5 7912
74 49 6053
11 79 2806
47 56 4978
34 79 8782
48 34 7497
42 27 2994
34 91 4542
34 75 6990
88 85 222
7 46 4703
76 1 6726
26 85 941
61 82 5853
95 76 7910
59 20 9567
56 61 1167
85 2 9713
15 27 25
7 75 2533
96 3 5328
11 52 9152
1 49 9146
31 61 3187
67 94 2697
75 33 7175
15 55 4120
96 89 5334
39 50 8891
17 78 5082
63 71 4301
17 20 6803
16 91 1134
92 43 3458
92 96 1780
57 78 6267
52 62 954
45 14 1125
58 14 7160
90 79 4296
42 64 1346
58 83 1862
28 99 7373
98 14 8639
90 82 7715
53 13 1634
98 99 8205
59 24 8881
63 52 7698
61 89 4581
7 8 7765
5 51 3025
42 61 84
84 42 3262
31 55 6212
61 30 2781
39 72 437
69 92 6683
91 72 4466
31 94 5679
54 56 8116
69 58 5118
39 79 2481
68 70 5601
8 93 8575
54 45 612
64 89 8219
55 13 5880
61 59 8089
48 83 5378
47 16 175
67 86 9434
4 67 7239
25 34 7547
77 79 4424
5 62 4953
67 23 9181
37 19 2628
61 39 185
67 34 6878
5 75 3561
6 79 4301
62 50 6255
37 67 3644
44 22 7563
88 31 8818
32 9 2776
60 1 4351
59 13 5500
77 49 3593
57 24 29
30 3 9967
35 11 8710
65 49 2510
65 72 5567
21 89 3636
8 33 9473
61 29 3785
47 42 9516
27 24 7561
84 68 9162
54 1 9690
1 86 3347
72 2 6400
35 85 3589
21 60 7770
38 50 7705
92 52 9121
56 21 6750
54 92 7889
54 31 2350
11 92 310
86 33 2190
23 81 8604
98 53 305
27 66 6104
96 95 7421
26 89 9433
82 66 454
27 23 9272
35 84 3025
58 53 482
11 67 9238
34 96 8087
31 62 9343
65 10 1156
48 94 1722
68 53 8816
25 38 4940
10 29 7589
95 89 2728
91 93 4101
41 56 3631
98 91 6074
84 7 6853
40 53 7219
48 56 3844
46 59 4557
47 43 2691
6 93 593
49 83 8797
69 34 5040
74 2 7254
42 30 7338
60 83 9996
7 38 3910
18 46 3441
4 77 3768
58 55 3342
70 85 3894
28 22 3040
73 87 2719
46 60 4376
15 68 8629
5 13 7157
69 99 70
64 99 9785
54 88 5230
55 33 8885
10 60 4724
94 83 2819
35 30 1613
96 87 5177
17 34 6449
41 39 4038
39 51 8381
7 60 19
97 8 7881
25 24 2937
21 71 2709
26 12 4825
39 75 8085
4 25 4100
42 51 2078
39 5 5423
77 28 447
54 38 5988
37 23 8863
44 26 4215
19 5 5681
7 20 9109
11 7 3606
90 98 8399
30 50 9836
1 88 2234
86 45 1907
91 76 9905
41 42 8370
11 38 7137
55 92 5142
36 79 9446
90 32 9955
35 1 3106
40 9 974
6 28 2755
10 100 7143
55 50 9354
47 8 2773
67 62 1376
94 2 2290
77 51 1833
94 96 6200
89 93 6726
4 18 2284
7 68 4630
40 36 2148
39 62 9083
92 71 617
60 2 7363
23 71 3297
21 3 2649
40 76 2823
40 32 3254
6 9 7400
41 25 2658
63 23 1839
29 51 9306
10 89 8914
47 83 209
46 73 6442
88 78 4055
69 16 6006
12 99 6396
84 23 3512
91 22 6979
55 53 5502
21 12 7007
90 95 6332
81 83 4626
97 26 8382
41 15 4973
4 17 6458
37 73 933
61 49 1698
47 64 5094
37 46 5562
8 52 198
100 79 4176
24 80 2530
51 66 7560
36 66 3824
54 61 5179
38 1 382
56 100 7077
92 33 2578
63 60 9391
98 13 5267
30 2 1883
12 50 8304
35 93 5475
77 94 4677
11 22 8711
4 61 1480
11 72 7424
30 62 2222
34 1 4810
85 93 2926
40 28 5580
47 77 1141
25 55 7551
97 11 3961
10 94 6113
56 79 361
67 10 4894
69 24 4163
71 3 1806
6 61 455
31 39 4360
68 85 5981
81 3 9337
31 59 8271
55 52 6156
27 49 4515
32 33 5004
90 25 9584
22 81 3444
54 5 4394
41 62 4850
15 76 1678
6 13 9049
11 24 6677
47 52 2706
64 87 7759
81 93 4508
31 28 130
78 80 6333
8 38 9318
84 18 3055
55 20 1912
10 52 6810
54 77 6957
95 43 2225
37 77 2923
57 77 7317
16 93 7118
57 38 3437
7 1 9122
88 38 3924
44 48 7796
74 88 1454
42 68 9612
57 91 2418
1 95 7609
34 76 4126
44 60 7421
7 9 3544
55 76 3921
59 2 1814
37 61 8394
6 68 1951
16 74 7214
90 28 1422
92 75 4656
30 5 1325
9 72 5929
7 95 4785
71 66 7657
92 3 1598
90 19 4191
84 73 5920
10 33 8408
25 9 1148
1 33 8144
77 20 1330
15 39 4816
26 92 1613
22 43 1118
10 3 290
58 88 1889
41 34 8913
61 80 1743
36 21 1500
70 33 1330
84 1 5704
13 85 1978
25 94 5102
26 56 9247
47 1 5898
71 45 6915
69 65 3992
74 28 4200
57 32 480
15 92 5413
63 89 8856
90 43 1804
69 3 7694
57 76 9992
19 43 5812
40 97 9291
60 91 535
27 65 1732
5 82 7698
56 67 8034
54 51 6227
86 14 5379
30 49 2849
56 27 7840
26 83 6496
27 79 9490
15 46 9728
98 100 5408
69 79 1233
16 9 7579
64 60 3089
61 24 3288
47 39 9556
47 32 8190
1 78 8886
89 81 1806
10 95 1456
37 28 2878
18 22 6005
58 66 1936
51 20 4642
25 1 1212
48 80 91
40 89 2335
26 79 7556
4 2 5903
29 62 1626
48 81 8090
30 81 7634
20 80 5675
96 1 2475
50 66 212
14 83 1054
71 93 1675
54 85 8051
41 44 7549
90 21 1165
19 10 4130
63 38 9309
90 23 2397
16 81 1709
71 82 2397
84 17 2036
41 63 7616
7 94 6939
18 70 921
4 78 9421
69 8 8394
86 20 150
36 45 1778
48 99 6681
64 39 4792
97 79 9341
97 15 6772
37 48 3478
23 76 6896
90 17 9026
77 99 1455
70 28 1337
32 55 3011
97 13 7130
95 49 163
25 93 3222
44 20 8183
52 1 1838
62 80 1273
19 78 5731
4 9 3002
42 2 1754
16 45 5039
92 30 1750
63 87 9814
31 66 3788
69 67 3785
45 93 7430
30 60 726
6 70 4705
35 31 3202
28 50 5471
23 12 1207
48 31 1331
79 82 8504
54 64 5998
67 13 672
16 27 1627
65 100 5827
51 81 3919
61 73 652
95 1 7282
31 10 1608
5 59 3662
11 50 763
20 99 1770
19 49 6883
8 23 8945
23 30 3607
46 95 4507
57 47 1027
89 85 2960
23 89 2613
91 1 2418
4 15 4709
38 9 2426
55 87 2557
21 5 8493
21 80 6207
38 60 3282
6 52 9550
37 50 5761
63 45 5104
88 29 756
28 83 7091
90 94 3607
88 24 3105
97 20 7762
39 43 1585
4 8 8931
69 59 8033
54 79 2236
77 2 2564
54 65 9640
51 93 2249
90 68 3326
11 95 7761
89 33 5484
65 71 8622
54 91 1368
89 80 6342
1 23 6001
52 76 679
57 98 8954
61 76 8418
4 88 5388
69 55 7732
26 34 974
89 24 232
38 22 3938
70 76 607
69 31 9781
25 19 6050
25 39 2062
25 75 6888
74 8 3141
36 38 2021
59 3 6344
63 88 902
53 52 3605
62 83 5275
11 81 8934
56 83 2193
41 94 4190
32 53 4925
37 74 4441
58 52 3868
55 96 2686
16 24 6276
97 12 8841
75 89 405
56 8 2618
23 55 4841
97 29 1083
27 91 1571
91 82 9610
25 95 2822
88 3 5654
77 24 583
29 33 3054
76 24 9592
68 86 7541
19 33 9186
84 54 5641
14 60 5955
9 80 6074
74 59 5133
19 67 7975
64 13 2417
78 72 6035
1 96 7931
21 72 4043
48 39 1320
55 59 123
35 14 4585
27 14 2597
78 8 916
71 12 8452
1 97 5282
1 3 7191
94 46 7292
58 50 2038
8 61 9808
24 82 8485
17 23 3120
86 61 7731
7 56 8094
84 76 5942
83 3 3384
63 100 5029
36 12 8995
32 68 9327
46 99 2569
29 89 4532
31 1 1320
86 39 8523
71 85 6957
35 24 6452
21 43 2849
37 45 9374
55 94 8838
54 98 780
72 3 9768
58 60 6510
26 65 902
77 62 4352
70 60 9106
74 20 8169
57 82 9155
52 87 739
25 72 5360
100 2 2799
35 79 2776
19 71 1519
57 72 1283
31 9 5895
84 46 9249
97 6 9376
16 80 8188
58 15 8985
88 72 4404
41 72 3534
61 50 8311
92 85 3325
35 74 8066
46 49 5982
41 90 8199
9 49 5022
27 86 2434
27 67 1048
88 67 747
19 8 7623
26 76 1827
8 21 515
84 66 4132
18 73 9080
41 85 1218
31 53 9589
78 9 7249
57 62 6725
40 38 327
16 23 8960
6 15 9523
39 94 3102
77 66 478
42 28 805
26 61 5349
88 95 6079
19 38 180
39 91 3536
52 89 1415
70 39 936
54 2 3422
6 17 9725
90 14 4260
94 24 1487
16 96 2059
4 52 2458
64 78 2860
34 53 4492
90 7 3505
48 12 3607
44 25 2114
77 52 1683
9 53 473
8 55 2598
84 27 7115
50 73 8042
69 68 2186
47 79 715
4 39 4766
15 17 8865
64 12 9674
3 2 4288
57 59 8318
37 55 6503
56 24 5092
35 88 3666
66 83 2581
35 71 1624
32 31 3554
90 78 3995
11 64 2559
25 89 6975
97 49 72
97 17 3170
42 9 4813
47 34 2130
26 49 5627
45 28 4024
67 59 2973
9 24 5484
38 39 7630
90 72 1438
69 62 3518
10 62 4454
37 35 387
57 21 632
55 89 2496
15 75 2573
21 87 1346
61 46 7261
7 29 1437
53 59 7371
82 73 7901
67 80 6106
41 13 3874
40 15 9344
17 21 9772
25 100 2806
11 9 7319
40 25 9677
11 33 3153
60 24 9877
92 73 3003
16 17 3224
56 63 3046
25 5 7815
77 19 1705
53 46 5025
84 19 1838
35 96 1029
21 76 508
6 43 5820
72 73 8818
58 38 377
78 33 273
100 75 9205
84 51 1009
54 59 9120
74 92 8129
16 87 8706
97 64 2733
17 1 5917
75 81 6077
42 29 6985
1 2 2022
90 59 6302
4 76 6328
11 27 1793
56 52 9107
1 13 3647
8 79 7821
51 73 2259
72 24 9875
54 69 823
15 94 1834
28 80 9273
96 12 4989
69 15 9890
70 1 4297
29 72 3179
25 21 918
47 36 1156
19 86 8998
60 80 6088
35 72 1532
31 68 5622
38 3 5292
31 60 8892
64 28 1094
78 85 3420
64 34 7598
54 24 3826
84 8 9336
7 71 26
44 69 7162
64 53 1357
46 89 6327
8 82 3489
46 20 9502
57 65 5433
95 99 3487
26 70 7322
5 91 4044
17 51 3362
16 88 8145
40 2 5877
33 66 8986
69 17 3133
21 73 2119
44 29 3282
54 47 6311
88 19 9388
4 43 789
84 77 1660
80 3 5475
53 73 2320
92 59 3634
85 33 766
78 67 1212
50 1 1079
46 22 537
37 20 8809
75 43 1256
35 32 9872
90 48 8834
96 2 8417
39 12 7581
50 82 1512
15 88 1905
86 71 7082
3 1 6944
7 49 1744
84 97 4403
8 72 7339
10 66 5105
1 21 2547
26 14 9568
1 24 4090
9 83 2032
66 99 1686
39 52 3723
27 72 4694
97 25 7425
44 10 4511
6 88 2706
37 92 2900
48 8 3182
58 2 2691
35 92 17
74 45 4393
68 71 3769
42 60 554
4 80 9553
90 64 5024
61 51 6777
47 29 4738
37 66 3440
19 45 4357
44 31 6249
92 89 1696
44 96 7790
14 95 9545
37 81 3439
45 95 2193
11 42 6883
48 68 4895
42 85 1091
98 93 6450
88 22 5336
77 85 9474
65 70 4487
15 82 9058
28 85 4168
47 53 1912
48 19 9920
65 39 3225
16 95 1163
78 100 3102
25 85 5915
27 1 1179
34 45 7494
8 5 9683
25 28 8084
42 76 3399
8 2 4706
82 83 1213
28 89 8136
5 93 4497
95 83 5569
65 17 4385
52 13 6192
11 19 9711
47 72 281
58 25 9631
33 99 1903
19 66 7163
15 93 4525
37 65 9345
88 89 9965
97 46 6213
41 60 8819
29 95 4451
97 58 5270
38 81 2986
50 83 2714
75 51 1542
18 21 2562
33 24 3876
11 65 4643
23 5 8476
90 51 1407
22 24 8488
59 82 8158
35 6 5842
58 1 1886
39 2 9215
47 78 7054
90 67 22
6 21 3711
56 1 8975
91 28 758
26 82 9902
100 60 8685
29 20 1038
6 85 5884
38 29 6939
27 92 4552
92 45 6761
36 52 6283
24 87 4516
17 12 2973
1 26 5101
44 30 5319
19 59 4594
39 46 4438
100 29 4384
16 99 6135
53 66 6999
27 95 8260
76 33 7129
47 81 5474
21 33 6018
47 70 5617
28 81 9983
68 29 1859
40 4 3854
17 60 9197
27 74 8913
48 9 3875
69 52 2907
70 23 4239
69 28 984
37 27 9161
58 24 2923
100 62 2021
94 51 5044
51 50 9861
26 64 2925
31 8 8156
57 73 6143
36 63 7440
68 24 1128
25 23 7596
15 20 9110
96 60 2074
74 85 2033
4 83 3494
11 39 8208
96 5 5384
73 20 8105
74 55 5337
54 70 857
74 100 4122
25 56 7305
40 17 7192
1 17 2332
32 87 1158
46 96 6388
8 73 7596
64 1 1385
22 3 5647
4 45 1834
54 19 2368
90 89 4807
21 29 4756
37 18 741
15 67 6202
56 17 968
35 47 3665
71 76 4358
37 62 3463
4 89 1104
69 43 5485
66 80 1058
68 66 6566
11 10 7558
46 43 9442
62 66 6411
45 22 2118
4 93 4825
50 72 4515
76 22 3806
43 93 2034
4 29 4988
8 75 1110
63 95 9225
100 22 7319
42 10 8619
76 62 1964
90 39 4915
37 59 3
18 66 7610
7 15 3100
52 2 2371
40 70 2416
53 82 7856
57 68 3111
84 3 8618
45 43 5175
1 37 6775
55 60 2975
97 24 8637
41 50 4230
100 72 4811
71 95 9694
35 68 7147
23 59 8721
84 60 5488
61 45 3557
8 91 7190
31 67 312
4 63 8071
7 5 995
24 93 8697
36 95 9410
88 99 8456
59 12 7921
11 45 6729
47 11 7074
31 33 9885
64 75 7995
17 81 7077
96 79 3846
47 30 1094
6 1 5799
67 45 6262
45 46 5301
63 68 8909
40 26 1231
63 83 6828
78 51 2035
10 72 557
90 33 5464
67 91 2616
86 60 1719
57 80 1510
92 82 9763
88 92 6791
51 89 6997
97 18 3319
69 39 3980
7 39 3660
59 89 7742
38 75 4974
54 50 2357
84 59 7151
70 61 9781
65 91 6629
5 29 231
19 75 6855
41 83 2865
34 62 4577
18 85 3931
1 38 6711
27 96 2023
42 82 6081
11 80 9324
68 62 3675
60 20 1341
4 53 554
65 22 502
44 16 3375
61 94 7462
15 9 2318
44 61 2342
26 87 9180
40 21 3827
15 3 8456
31 45 2323
1 64 7175
48 52 8127
13 80 6302
26 9 834
11 15 2220
6 96 7628
7 53 9542
90 86 9370
1 5 7408
40 49 6171
12 83 5953
25 65 4262
40 57 5387
95 73 6881
59 66 4544
16 3 2097
8 3 8903
10 43 624
5 22 1420
54 94 8930
5 99 1964
23 50 8325
41 51 5783
12 3 1690
88 5 2138
59 76 8100
42 56 4032
84 65 7670
65 29 8278
6 82 8839
6 92 9992
50 80 1804
74 73 6965
47 60 6293
50 3 8990
95 22 9184
64 62 3920
9 94 8531
4 68 4906
48 46 1328
9 43 1053
44 38 7210
17 62 1941
94 87 6440
95 24 4090
63 78 6485
58 22 8536
65 55 9345
25 99 3460
27 13 6308
88 39 8274
67 73 5424
12 24 984
34 81 4056
62 2 3465
42 45 3122
58 9 8508
74 86 3848
84 49 791
90 53 3137
98 68 2687
70 21 782
69 64 4941
10 9 6003
57 11 7074
15 63 3930
11 77 5187
19 31 7346
64 71 2460
91 85 6444
84 82 5025
19 51 9865
4 34 3653
31 21 6965
99 3 6304
21 99 7742
70 46 9801
67 33 1191
69 95 7086
18 95 3261
23 75 3850
34 73 1711
10 83 5036
19 53 4834
32 28 2119
8 24 4852
78 20 7955
80 1 6978
55 39 8700
47 3 5097
55 93 114
79 50 1386
71 43 5878
86 59 5054
48 67 7388
6 51 9303
6 73 8983
97 62 8926
26 86 3000
58 32 7795
69 22 5369
52 33 8024
47 33 7659
42 87 9021
69 29 1341
7 81 314
48 22 3115
26 28 1141
90 13 7856
10 53 6552
86 51 753
6 16 1706
25 2 8263
17 45 2140
38 99 6539
28 33 6733
4 74 6992
36 100 845
36 72 3710
61 92 5691
95 93 2293
4 42 3823
10 13 3428
27 93 8170
57 34 8877
40 90 7167
36 14 3824
89 73 4211
95 13 6093
67 30 6824
70 79 2005
17 79 7813
77 83 1199
37 82 6015
21 100 3186
94 43 2539
21 85 2680
29 28 6300
25 92 32
40 5 536
65 2 2851
21 10 784
98 63 8593
48 71 7465
38 82 2924
97 23 1483
51 24 4197
59 81 6267
30 28 8679
5 73 7906
47 85 1957
41 3 971
86 81 8081
58 99 5384
56 70 5492
84 50 6957
8 46 8902
35 94 9315
96 75 7519
98 77 4994
32 95 2490
27 60 5876
91 83 9159
90 18 3689
30 51 8242
23 10 2344
16 76 2579
48 21 922
16 85 8643
42 32 2610
4 5 7809
79 13 1493
54 63 9746
29 75 6401
90 22 8958
43 81 2669
36 43 4235
94 91 9506
39 87 5287
12 1 2913
57 55 3764
5 12 7243
7 43 3883
65 60 1844
18 50 8978
48 75 9374
96 49 5152
55 73 7879
15 59 5040
63 3 2670
19 12 9225
65 46 7530
78 30 4897
60 85 8383
61 81 7570
69 80 3139
59 33 726
100 39 148
68 87 412
75 76 5720
49 66 2758
100 91 8220
4 65 7212
77 73 2503
16 43 972
13 82 2521
1 92 1523
57 64 1558
5 20 8379
64 73 6809
21 95 4470
57 52 2142
90 1 403
98 83 8352
35 89 3985
37 1 9380
15 83 4077
69 26 5488
6 63 3610
37 33 9116
75 93 4509
47 6 2834
35 54 2997
90 92 9406
61 9 7568
51 1 566
25 14 2544
53 5 8293
36 62 714
88 14 2955
29 3 4012
4 58 9823
39 30 7526
90 8 7576
63 51 8677
56 49 4849
84 87 6448
54 78 199
31 51 6406
35 27 4826
90 38 3359
17 30 7227
40 71 3319
15 81 3761
84 93 5578
26 52 7303
28 2 9492
1 65 6006
92 46 9142
19 95 3101
35 39 5121
32 30 3651
31 95 2287
37 17 8118
62 81 3056
34 60 9854
84 63 5035
45 73 1951
63 66 4499
77 12 5748
13 1 1257
97 3 4862
47 66 5570
17 93 5134
97 65 2437
15 78 4246
90 5 9982
45 13 5237
26 31 796
7 36 2739
65 14 62
10 45 506
9 45 9965
37 60 3381
34 43 618
32 2 1894
36 49 7035
16 77 109
60 50 7899
51 49 2529
18 99 9562
53 96 9371
36 88 6179
86 9 8200
11 66 7488
90 77 5586
94 1 8053
9 73 2523
63 8 3888
22 99 8903
88 100 4622
42 49 5144
99 80 3765
8 60 6544
15 21 277
74 83 2553
1 98 7141
74 21 6610
1 40 7789
31 34 7937
70 81 9348
68 51 7851
74 77 4794
81 99 5664
34 33 7583
34 59 5412
9 50 7557
78 94 969
18 72 5520
100 5 1807
31 20 3497
84 45 1433
62 49 1177
1 63 9675
20 2 9632
34 83 5017
17 46 1612
9 75 4037
69 63 3891
49 82 5499
37 2 2939
98 38 8512
57 31 642
41 21 3055
77 33 1407
32 10 7270
18 9 5608
69 21 8548
40 42 231
13 76 3396
89 62 2836
10 71 5930
47 75 1246
26 53 7629
79 89 1593
63 20 5180
36 19 3040
84 83 5501
58 17 6149
40 58 4912
57 46 7307
58 48 5997
68 14 2696
34 87 4836
95 82 2024
47 87 8680
40 96 9852
57 3 3635
6 22 2716
53 2 94
17 95 5486
83 99 2006
69 9 8605
26 58 2479
97 92 5061
64 100 6364
58 18 9749
74 66 668
60 82 4911
35 34 9979
78 24 4063
60 59 4098
54 39 5909
27 94 1661
74 39 8078
88 2 3853
36 27 3192
1 83 7470
44 79 9354
27 80 5692
76 66 2381
54 87 3012
47 89 1689
38 61 1428
90 46 4199
18 10 94 39 58 26
