100 5049 6
98 54 7578
48 5 4928
41 68 8560
23 87 1312
52 32 4972
30 39 7488
20 32 4071
5 69 2242
2 28 5213
43 20 2524
31 72 8891
65 63 2062
74 47 4043
41 11 2750
23 73 8745
100 71 9173
61 1 9884
40 46 7780
21 1 4492
99 8 6147
68 9 7680
5 89 4461
38 6 3198
48 1 2362
86 84 3483
22 9 7288
99 81 7978
2 21 9476
19 32 7733
77 39 7226
25 10 8068
36 68 5311
64 1 8505
84 54 6627
62 80 2974
14 58 3476
88 58 4115
50 10 7044
93 41 5718
5 13 5679
93 54 5920
51 69 4608
29 24 7740
54 32 9962
45 34 3709
28 67 2837
88 63 5486
74 22 3592
7 44 6968
40 26 9978
25 3 6091
10 54 999
81 62 790
36 58 9288
71 75 3361
100 43 4272
23 52 6575
36 95 7690
92 84 99
51 63 4307
9 26 1267
48 6 8166
68 44 5969
55 16 6123
76 25 1145
80 90 5294
23 92 5951
49 93 1611
14 20 2338
35 80 1668
41 56 3641
43 69 4609
11 26 2627
78 34 7733
85 17 922
43 58 6336
37 72 569
38 40 6408
47 82 9927
100 17 7536
93 71 6385
80 66 2369
95 53 4887
12 92 7174
24 39 1656
60 44 4599
60 80 7797
31 14 4582
94 52 8640
52 34 7896
10 72 8889
100 27 9907
25 35 2413
58 1 1209
33 35 2381
33 55 3557
19 73 6503
28 4 8331
61 46 1519
7 25 5192
97 15 9998
57 4 5160
16 3 9800
42 64 8977
51 14 2892
11 54 721
40 44 1664
100 56 9812
65 14 3480
19 80 7942
38 84 3699
12 32 9864
45 1 311
93 47 8585
51 66 3389
96 75 1966
6 44 3183
22 13 7538
7 53 6548
49 17 1823
67 51 1785
11 75 1788
4 13 8081
45 59 4197
93 56 9348
35 87 461
84 56 4106
4 70 2202
88 20 8792
19 5 5624
63 26 7393
82 5 5141
15 41 7135
60 39 3544
42 62 469
33 78 26
76 3 4265
1 52 2132
85 65 9837
79 8 7744
57 91 74
29 65 3536
94 11 3960
52 24 6736
57 59 8472
77 35 3700
5 8 8701
62 17 8007
26 32 7589
65 84 1600
81 82 6181
34 46 9373
22 37 3387
87 54 4261
49 81 3570
93 53 9087
22 60 1073
51 46 4027
38 36 1288
67 78 9864
23 89 9650
66 1 8681
40 35 1357
4 15 6785
21 30 2224
47 79 1825
97 63 3162
48 82 2840
35 69 309
30 32 9351
100 49 6936
11 24 382
57 79 9238
22 30 7247
12 60 3469
89 24 7709
54 3 7298
31 23 2169
29 9 2067
41 44 4887
64 49 3769
99 14 8247
65 37 4259
83 87 3507
94 3 2507
48 94 4180
61 80 2593
72 18 3580
42 99 8206
34 68 3881
22 1 9795
2 93 4208
99 56 8913
25 17 7503
29 33 992
71 47 7488
35 89 9328
85 32 505
45 29 328
11 20 9636
51 24 9855
23 83 3615
1 90 6369
45 35 5444
93 29 861
85 46 9837
39 16 9505
23 10 8158
72 39 8357
34 1 1571
60 18 9396
44 59 8477
100 76 9818
24 70 3655
85 43 8336
73 16 2324
24 63 7834
47 52 928
61 72 2255
57 56 2392
10 26 1160
28 55 8402
48 11 6599
51 94 72
67 25 5904
35 68 3942
97 52 3912
7 35 5231
22 27 4446
71 66 4239
7 63 1218
23 60 653
42 97 7853
48 47 3938
96 13 6096
12 37 5065
42 26 126
76 27 5600
62 88 9574
39 3 8483
12 71 7171
47 35 8970
2 92 3311
99 41 6988
64 13 2624
60 65 1646
37 30 5663
38 56 6809
100 16 8926
93 73 4270
93 89 9200
70 59 85
4 66 2671
93 15 5798
13 30 6509
76 55 8574
65 5 9739
71 32 420
34 8 157
61 90 537
65 75 1010
41 1 7726
1 39 1189
1 28 5214
98 13 1664
89 26 3636
86 33 278
27 90 8141
91 75 9236
97 73 9851
71 14 6623
74 10 2758
93 55 8820
23 70 9934
63 32 6097
49 19 7795
96 84 7931
98 56 1759
15 63 956
7 21 6856
84 16 2380
25 20 155
50 98 6941
84 72 5050
61 59 2305
84 75 9801
66 53 3624
45 33 2043
88 13 220
99 30 132
92 3 2579
62 15 7581
13 68 7857
67 93 119
100 59 2794
81 6 5872
84 17 3755
29 20 9423
39 18 4013
44 54 9342
25 16 9273
82 10 6987
81 4 2099
85 35 4445
83 91 3272
51 59 8195
77 46 8591
93 16 1203
41 70 6305
21 58 9546
48 40 8058
42 32 8685
48 78 9701
100 86 1350
94 79 86
64 37 8357
77 91 1150
95 19 3709
43 46 399
92 32 7721
62 5 192
31 52 9330
28 27 5301
12 9 8049
25 15 5800
12 96 4446
88 14 272
21 17 9554
96 80 3868
52 9 4284
49 46 8895
11 44 9493
53 79 1271
15 66 7345
2 61 3937
64 19 4542
97 29 1891
73 26 2527
65 82 5744
81 59 8196
97 61 8425
43 88 154
21 55 3232
98 97 4477
49 47 1503
22 19 3317
81 86 2833
62 20 2653
59 16 3378
99 100 9583
36 66 6725
84 79 9921
91 52 5264
78 9 2026
95 33 7969
1 65 1064
38 59 6471
10 24 4593
23 57 6969
43 22 6691
38 80 8876
31 81 2216
12 64 6183
77 83 6498
33 16 9560
1 45 119
12 65 7392
84 82 1451
77 71 8997
57 83 3135
43 13 5998
7 88 3773
80 10 9640
98 55 5581
28 53 8249
98 10 1143
98 58 5249
43 78 7433
31 36 3795
72 44 8626
81 37 7016
65 54 6871
78 37 8547
21 80 8631
6 34 8896
25 89 2867
29 66 9694
96 30 1719
43 11 7459
54 18 3015
23 13 4761
57 30 2687
99 88 5230
45 16 943
92 70 5536
93 86 4789
80 68 7413
76 96 2927
37 63 2591
92 62 2761
100 38 6062
67 5 4940
81 65 6534
88 9 2053
71 70 520
8 3 1134
100 19 3195
91 5 5769
64 29 8567
50 96 3341
71 51 746
62 27 1934
23 65 212
25 46 9292
47 58 564
4 68 5459
57 70 8511
31 65 6610
80 79 3529
38 19 2321
97 20 9624
69 46 8289
92 91 1359
1 34 4853
81 52 9231
47 66 6895
42 47 5993
80 13 6643
82 32 9821
57 82 8584
99 1 9404
21 95 2234
36 85 3523
35 58 2289
4 1 4287
1 20 395
98 25 3422
55 90 7481
49 9 6163
85 56 1988
73 46 7174
65 26 6908
65 17 3921
7 99 7385
60 84 2552
23 11 837
50 17 2843
98 78 1062
74 43 7446
86 69 6372
37 89 9734
29 13 3421
13 59 1012
83 84 1093
50 43 8273
41 9 243
64 44 4339
50 83 617
97 40 3237
42 23 4159
78 32 5552
91 35 2640
45 94 6393
15 51 9075
36 75 1280
55 80 7031
2 10 5821
63 58 4702
22 10 863
31 8 1983
42 70 3041
77 88 8036
49 54 5242
23 54 3314
36 65 5420
56 46 7793
88 72 4150
39 1 4615
5 87 5206
84 39 7947
12 99 7338
40 90 1292
81 95 1367
1 55 8349
2 63 2384
14 89 5991
43 33 8591
23 66 3074
81 20 6607
99 79 1828
50 49 7232
36 5 2159
19 63 819
28 89 9976
100 21 7585
15 34 2099
100 77 7006
55 41 3405
50 30 3152
97 35 4221
36 97 1739
21 59 6192
34 87 2256
76 92 6980
71 16 9505
6 87 4028
36 69 1125
9 3 6
24 44 8642
61 8 6330
71 22 7952
58 18 2331
39 32 7621
38 83 9318
14 73 679
76 28 6356
29 69 5308
57 18 5622
19 91 9429
47 39 8267
49 22 3801
42 49 3013
83 59 425
10 68 971
60 72 9340
76 72 8009
24 69 9421
70 73 2698
40 24 7765
78 80 2572
30 90 6918
93 40 9503
74 21 5116
31 56 9173
68 89 2834
40 8 972
59 18 9552
89 30 3958
61 11 978
83 65 8193
85 19 288
42 67 5281
85 66 6875
13 90 4260
84 90 951
50 70 7554
83 79 6968
88 59 2610
68 27 9527
60 11 2748
19 52 876
100 83 9679
38 61 2112
96 18 7652
40 10 649
6 86 1452
45 82 2012
85 62 70
74 29 4149
22 75 9776
98 53 8993
97 91 1066
15 87 5630
2 87 4108
38 53 6590
71 79 8464
12 87 5080
84 51 6142
50 48 2421
35 11 2409
91 82 4334
33 58 9060
57 16 7689
12 62 7561
21 52 9672
28 91 8639
24 30 1466
76 85 2991
98 70 7601
93 58 992
29 83 5738
50 71 8476
47 10 7022
96 94 7850
28 32 6128
81 17 7670
36 4 9301
28 16 8139
100 13 4091
96 32 9801
92 30 4267
64 66 9436
76 57 866
74 19 9896
100 24 3543
40 3 7455
16 1 8359
82 8 4974
42 38 3596
62 14 7132
74 96 3734
36 90 4282
62 35 6191
29 46 7775
91 39 1842
34 32 2214
80 70 2765
64 40 3307
29 32 5204
25 60 365
6 3 650
45 77 7294
97 72 5193
92 40 7671
20 54 5143
86 34 1320
5 73 1692
2 51 795
4 65 5810
21 92 2135
50 94 595
21 11 6428
75 58 1570
81 25 7812
96 11 6324
20 26 1464
78 89 5266
95 27 1034
29 16 2790
12 3 5214
4 27 4517
74 27 6523
11 52 9495
13 14 7060
76 79 4297
43 1 7688
92 22 9273
96 83 3414
13 20 7346
77 6 4477
97 18 3778
76 83 7995
92 55 1770
85 52 8970
67 34 2017
97 34 3264
83 73 6641
43 37 3708
86 46 410
5 53 8803
100 11 5842
61 53 7356
45 44 5230
96 73 3763
100 52 5167
91 88 7905
74 5 5227
90 26 6784
100 66 8939
67 13 8016
29 30 1997
100 87 9807
93 43 890
19 84 7843
6 39 6866
62 54 1539
57 3 5530
94 69 6139
99 39 4952
42 74 2875
48 43 6967
14 53 5081
57 8 7221
74 95 5088
37 5 403
74 38 9237
80 56 4703
64 93 7043
100 32 9297
2 65 1464
12 15 5845
48 81 1490
4 47 8819
100 40 7427
98 38 5253
33 89 337
33 26 5331
29 68 6831
5 17 7120
21 5 621
46 1 4846
79 90 9117
2 80 428
99 68 2087
64 51 6959
12 41 7293
28 14 9977
42 3 8841
45 70 9783
49 26 4928
92 1 1715
99 26 3101
49 67 6361
82 94 8936
21 44 8188
52 5 6763
48 38 4524
64 30 9242
22 26 3805
49 27 3820
76 68 705
1 96 6002
59 46 5310
59 1 5875
78 54 3428
50 23 562
37 17 6211
61 58 5110
98 79 3744
100 9 3331
85 11 5731
35 75 8589
89 32 8799
68 32 6158
100 63 7027
5 1 2109
22 53 9802
40 33 7004
74 53 7301
2 33 9585
21 6 8283
45 39 9016
67 70 9037
25 19 4643
23 29 4303
6 60 7225
42 90 1405
36 89 8826
93 32 2818
50 3 1562
74 48 2646
35 52 3523
44 32 7563
15 59 4307
51 18 9397
95 93 7342
65 72 1220
84 44 1960
79 46 2451
66 32 4963
1 21 5290
68 63 4533
10 90 9903
60 87 440
2 60 690
86 14 6929
61 63 8900
66 3 6844
31 97 284
47 9 6201
11 87 2780
50 87 8567
98 63 1568
50 42 1816
61 83 3209
50 38 5870
51 91 5392
2 43 966
97 47 1047
74 33 8210
37 56 2527
25 69 44
36 20 8084
66 13 6441
22 47 4350
56 44 7480
89 56 134
74 67 1921
19 10 9439
13 53 8936
25 5 6883
30 73 1080
4 18 3469
99 61 3137
5 59 7871
19 3 510
85 34 66
82 70 6771
14 32 7353
64 83 6701
4 91 2971
79 73 132
98 29 5267
49 13 4538
48 24 8300
23 75 4828
67 44 6759
98 73 3691
84 20 5793
99 53 7805
1 27 1900
95 86 8319
35 26 7849
75 17 9983
36 80 1111
38 65 8550
84 9 3815
23 16 1244
77 15 471
67 20 9605
40 16 179
51 3 3705
38 57 7037
74 91 3647
64 72 6842
36 57 4907
65 35 509
19 87 3259
72 8 1677
87 16 7861
95 17 9959
83 3 999
93 35 4345
74 63 5226
9 73 1888
7 95 2644
66 63 53
43 5 8646
2 64 2686
51 27 2197
22 8 2803
6 56 938
75 8 515
36 60 651
43 26 920
21 90 7977
25 26 5552
74 52 1086
23 62 9220
42 35 6022
71 56 691
34 56 5750
5 75 9727
83 5 4079
95 10 5749
72 32 2920
1 24 8985
19 65 6257
93 8 6178
97 53 7014
83 1 469
76 18 6136
48 76 4364
62 75 4813
80 52 1361
41 75 6252
11 59 3808
1 56 7765
28 30 1249
12 14 6494
100 90 9961
53 27 4051
95 72 7431
10 13 6827
47 87 1053
7 1 4702
7 97 4803
50 47 6605
19 35 2140
14 90 374
77 90 8978
64 77 9182
52 13 2476
57 34 5056
86 27 3260
40 17 8224
19 51 7975
50 25 2244
81 69 4480
74 26 4152
11 46 5609
76 71 1300
12 39 288
84 35 9973
82 20 6113
25 75 8000
96 41 6224
91 44 6272
50 54 5765
78 91 7472
48 71 9117
50 27 2077
45 60 1523
14 8 2899
36 15 8904
55 94 8927
7 61 7601
55 30 58
22 91 5531
66 30 9740
34 58 6784
4 94 861
81 66 8921
99 95 9259
99 65 5916
10 27 8532
93 17 7482
1 69 3891
2 94 775
12 91 8313
87 39 4394
38 51 6384
38 73 9612
80 30 4681
77 34 6356
38 71 2076
99 92 9033
86 89 8931
43 35 8348
23 94 1149
21 24 6402
35 55 7464
85 84 3225
76 89 4276
53 58 363
4 87 8480
31 95 9555
50 84 4315
42 76 4890
7 23 5085
11 34 406
74 90 1673
77 79 5945
62 4 5678
71 1 931
69 8 8213
76 37 4209
88 69 8412
85 72 2103
57 35 1335
64 68 6724
5 34 6496
86 52 7718
43 39 2687
93 14 7529
98 5 425
9 20 4763
40 51 6561
89 73 9355
50 55 9462
74 3 4061
12 2 2109
94 73 6925
77 11 7285
97 13 2736
67 19 3639
92 54 2117
42 11 2290
86 90 4305
2 24 7006
6 8 3727
50 34 4710
85 25 8678
28 46 6023
97 10 6739
71 63 9608
89 1 4235
35 9 947
42 52 4371
38 94 2689
29 35 2282
26 1 1094
2 83 5537
48 54 6351
31 96 132
48 96 3065
29 40 3128
6 71 4894
14 63 5977
45 61 8834
41 34 4355
45 10 37
99 55 7294
63 8 7632
95 16 3673
29 27 30
71 46 7622
21 89 2141
36 54 8671
91 70 1927
64 28 9146
22 39 8749
68 46 2988
88 30 7823
25 65 1124
99 45 9727
99 96 3782
29 90 5358
82 37 7025
86 40 8152
25 55 4399
38 1 5658
1 49 5597
6 58 9935
23 63 2009
12 36 5729
98 35 9351
99 4 1488
61 30 6974
2 36 1679
14 79 321
6 17 7681
81 47 8067
22 78 7615
22 20 1664
2 40 8091
38 91 3996
94 13 9285
82 79 232
2 100 9018
14 59 7563
85 14 5729
37 32 7767
36 41 6903
28 15 9904
12 54 8890
78 79 2981
68 18 3685
37 87 599
97 66 6357
1 8 8189
67 79 1349
22 46 2015
85 54 3785
94 32 7635
48 75 375
33 18 5865
49 95 6985
92 66 1862
10 3 2839
100 26 5015
36 1 2182
95 83 519
64 90 3081
85 58 6148
29 86 8534
77 85 7524
77 61 6495
41 66 7818
1 92 7755
19 83 5513
48 10 1733
83 53 3483
12 83 9631
48 28 4987
34 69 3386
65 8 4872
7 54 7967
31 100 3423
64 58 1822
49 6 4323
25 37 1611
92 46 3171
76 75 6337
52 30 5395
9 32 805
14 72 3063
62 55 1260
32 1 4142
99 19 4924
97 89 450
34 44 5508
64 74 3458
60 46 7320
92 44 8589
100 68 9605
4 80 5853
40 73 2464
22 59 6100
27 63 22
7 85 218
50 46 7964
94 30 1754
71 91 52
45 62 7594
78 69 3092
86 9 9790
4 46 2465
55 24 1058
24 18 3212
27 46 638
35 73 1733
2 8 1174
99 94 3808
40 32 4421
40 15 2920
15 18 965
97 33 7484
95 22 4179
67 88 5106
45 26 2407
71 55 980
64 86 613
41 59 5864
2 6 8299
23 58 5553
1 6 1821
21 27 503
45 92 4368
49 16 7920
78 18 525
93 39 937
31 16 2235
48 49 8630
76 30 989
17 46 9828
38 77 1722
98 6 7130
29 34 8644
50 2 9131
10 32 6693
15 8 9281
21 81 863
6 68 7866
88 89 9441
93 62 5284
51 87 785
34 53 405
25 79 2767
25 39 1316
60 88 1862
98 61 1525
76 59 8647
31 18 8826
12 21 7389
25 94 3298
40 4 731
69 26 5561
15 44 3800
25 83 5098
48 93 3480
48 89 676
99 20 6035
77 62 5714
27 58 5658
97 14 3375
89 79 1893
33 68 3731
27 26 504
85 26 536
14 68 2861
45 89 7196
99 34 6168
37 24 76
67 59 1413
62 1 5608
22 40 1711
48 79 8549
55 58 2364
99 18 829
78 41 9864
48 21 4225
64 82 2353
36 9 8511
38 58 3051
78 39 6093
41 79 1808
96 44 3781
76 87 1653
76 67 1959
4 24 8878
30 16 1484
30 8 2635
6 69 4912
47 34 3549
31 91 8292
1 77 4638
7 73 5441
37 16 8374
64 79 5141
72 87 2328
57 58 1234
20 39 8688
94 14 8496
35 14 7661
98 52 100
34 30 455
96 82 9371
71 17 8649
99 52 2819
74 18 199
97 25 4864
7 87 7043
6 63 2552
42 51 9726
11 14 6445
42 16 4996
35 1 1533
63 54 225
2 77 6649
48 20 9844
9 39 5455
2 53 8132
93 10 2478
77 22 6718
15 73 1681
67 66 7121
67 95 1356
19 26 3473
42 59 5494
97 78 2848
43 14 5801
90 1 3079
31 34 1536
31 90 648
66 39 740
28 1 7987
61 37 7454
52 14 6462
71 35 2987
97 26 6624
1 23 6661
65 66 7851
49 72 3667
35 53 5564
31 22 7576
38 86 6463
25 18 559
86 4 5461
81 97 3040
42 17 3559
28 34 5304
81 71 4846
1 25 1691
49 85 4133
13 18 1563
98 43 9723
1 98 7605
36 33 9270
22 58 3195
74 68 3098
31 93 2118
50 14 5347
71 4 2528
9 70 3653
81 58 2346
100 23 9619
53 54 7991
43 57 6152
1 41 6081
33 84 978
48 32 2775
7 14 9093
7 47 5180
4 26 2793
1 31 4656
10 44 9107
66 14 9256
36 26 1566
96 14 919
5 26 2295
40 11 5125
21 47 2574
29 6 7140
48 30 3167
36 19 6706
51 73 5054
43 30 2889
33 17 4310
14 30 4324
71 8 2435
12 46 3759
48 77 6441
12 48 4134
7 24 6287
86 30 6445
68 54 6479
62 94 2257
82 68 787
95 58 2630
77 68 8337
57 32 1764
93 68 5405
21 33 7429
14 17 3295
10 30 8197
51 1 8436
53 3 2402
28 84 3804
60 83 2
30 1 3320
43 66 2450
66 58 5126
65 11 2246
81 94 5941
35 3 8292
89 44 8951
23 67 995
49 97 7532
65 20 9613
67 73 1670
12 77 9966
21 8 9723
65 18 4462
21 72 4099
99 87 6009
53 87 906
1 67 6930
9 8 4618
94 58 1692
22 55 5911
1 35 2954
60 69 9808
7 69 7667
80 11 6735
35 54 3102
67 83 5864
42 13 5170
97 79 1855
21 96 6019
36 14 5171
28 62 1527
77 60 8469
55 54 6648
88 18 3772
91 11 4409
91 20 1291
45 83 9074
47 91 5403
43 9 5174
23 5 8686
2 71 3424
61 66 1492
24 3 8409
88 54 7885
96 93 1942
71 13 769
29 85 5142
77 24 8871
50 35 5386
31 83 3186
1 97 4782
17 90 4692
49 91 9345
83 20 2448
23 8 1426
73 39 2446
93 1 4663
86 35 6595
96 57 653
45 97 682
93 34 8118
23 3 2179
45 90 5502
19 24 1117
19 13 2302
19 37 9910
100 61 8760
74 41 1375
48 73 1665
67 36 3933
98 16 6413
83 75 5088
64 81 5424
62 39 1173
36 16 9325
28 78 7366
25 59 8293
96 91 4466
13 16 2588
77 16 31
21 14 7651
60 35 3721
62 91 4722
75 54 6995
60 73 2521
52 46 6147
15 88 5793
95 8 3535
79 59 9093
28 36 2797
63 3 4216
49 20 3562
23 20 1327
95 47 6069
95 25 1031
83 13 3628
73 69 5979
37 27 9790
51 39 1354
12 23 3995
28 35 74
45 84 4118
7 18 9082
36 34 5498
95 18 5290
53 56 8406
12 75 9215
10 46 3583
67 57 9224
60 34 1802
31 99 3613
100 22 3226
98 41 1875
47 24 4686
81 35 6573
21 10 4395
74 56 7184
29 63 2365
10 39 7929
60 30 6276
81 46 1513
51 89 8497
12 88 6190
33 20 2839
67 29 4565
25 73 7220
10 11 6466
93 65 6895
43 44 7009
99 27 4171
61 68 889
42 14 7082
64 61 8289
93 6 9971
29 41 8931
57 20 3578
36 94 4728
77 73 4497
12 89 3512
6 40 303
2 91 2651
24 26 3476
23 46 3529
83 94 4525
4 84 8161
80 88 101
47 90 8919
82 9 5344
43 61 8817
31 53 3199
21 41 1620
49 44 329
67 55 1695
50 52 4161
50 33 9519
34 73 2612
74 71 1380
42 46 5984
14 9 9506
21 83 4740
31 82 154
9 54 395
84 55 8173
96 81 4794
87 63 6717
83 10 3456
60 78 8372
93 24 7796
61 47 7952
77 25 1883
87 32 8099
33 70 602
9 72 5359
66 79 7979
57 39 1478
28 92 9871
11 73 4431
45 32 6748
86 65 5215
38 15 9599
67 90 9947
76 1 3186
42 18 6279
57 84 7993
12 26 7346
49 58 5797
67 72 6956
85 69 5077
49 80 8132
91 32 6462
28 9 9816
85 61 4637
21 28 3208
76 54 4340
88 68 9431
74 45 6276
22 63 7795
5 90 7802
74 44 4071
98 15 2099
15 1 6036
10 16 8521
78 5 9052
70 16 7746
74 93 2851
70 18 530
45 81 7617
92 58 7281
19 59 7277
29 71 9183
40 53 3231
58 16 3575
90 54 2368
6 41 9509
6 65 1568
50 16 9713
86 61 1657
45 65 8523
36 63 4789
65 69 9788
2 45 1336
4 90 956
86 44 4425
36 87 4543
33 14 1647
2 44 3855
80 37 818
64 67 5794
83 46 8008
20 58 1241
2 86 7892
34 16 395
42 94 6113
83 34 6943
76 15 4493
14 69 8964
45 52 3824
85 91 2109
10 69 2596
21 88 7453
33 37 7643
21 26 2179
34 79 1027
52 56 10
13 1 1687
53 90 2594
91 30 9722
1 84 9696
1 17 7469
76 44 862
86 68 9483
55 5 8804
69 32 8169
85 82 259
82 80 9699
36 8 9815
12 76 465
53 17 6868
86 16 5608
40 37 8472
20 46 8108
80 54 9851
84 32 5219
97 4 573
23 25 3146
7 81 9711
62 44 9536
86 58 6969
43 60 8171
60 58 8483
96 22 4421
76 41 5813
36 86 661
81 54 1800
94 5 5822
6 18 8700
62 90 4393
95 20 1895
49 87 8395
19 70 8213
100 94 9108
47 80 4229
38 75 7017
13 39 3628
56 20 4488
76 84 3067
12 45 3442
100 81 4952
72 1 9934
33 65 5402
57 66 9776
55 73 8042
38 88 5252
60 24 1346
86 53 8614
89 46 8397
92 86 1056
20 16 4501
71 44 1718
35 17 5578
12 52 9335
50 15 2490
47 16 1390
83 14 9996
21 46 4289
51 16 3563
89 54 8695
77 41 5034
19 79 1809
44 3 3441
57 40 3246
33 15 916
30 26 7669
97 70 6614
23 55 895
28 22 2156
100 57 9680
7 56 4336
85 40 3460
21 4 5966
67 18 6089
62 68 9587
43 16 359
13 89 1341
48 63 932
100 33 5324
87 58 6089
86 79 8339
35 72 9824
79 56 4158
7 36 3916
38 82 9158
76 53 6648
26 18 1657
51 9 5505
29 4 7288
89 18 5219
43 56 551
21 87 8673
36 40 7027
24 27 3991
38 28 1919
15 24 4294
86 60 8012
55 11 4884
38 37 5188
7 27 6519
22 94 916
86 25 5875
50 95 9978
38 26 6881
30 20 1964
15 26 5916
11 30 7239
29 82 9656
21 85 3199
80 18 8914
83 55 2096
41 73 1537
94 26 8737
40 91 6254
2 76 5452
57 11 4246
57 14 9253
82 17 3460
56 16 6103
64 4 2892
20 18 8678
33 9 6653
33 41 1565
83 39 2056
67 15 644
24 79 9835
6 88 2701
92 39 8655
84 94 4718
96 77 4240
94 27 5173
62 3 1985
40 87 6467
50 41 1503
35 27 5217
91 16 8430
33 8 3770
78 20 8807
84 14 4437
76 88 6969
6 94 7720
67 81 6532
5 58 8505
96 36 2808
61 27 9137
7 57 309
78 17 7054
94 18 4741
1 59 3768
85 89 3156
97 56 7633
93 90 8798
19 94 9808
84 58 9197
62 11 853
5 46 6803
29 80 5383
81 92 9906
37 68 1809
9 59 6452
82 41 4145
78 68 3334
77 5 8437
10 8 611
76 13 1188
45 21 3653
31 3 5392
74 75 4957
80 8 8812
19 9 6180
31 88 1925
95 84 6531
96 35 9064
85 73 430
6 62 9339
42 29 8200
34 39 738
43 54 6392
12 13 9293
91 41 857
70 26 5899
71 33 6925
4 9 9654
55 20 2058
100 47 2473
29 18 507
7 52 5213
15 56 7855
66 9 6764
24 54 7021
12 19 658
64 99 7260
23 82 6706
66 73 9094
12 17 7871
47 53 7893
1 33 9099
29 14 9614
75 56 2850
67 94 7910
80 46 5794
99 57 4774
12 7 4440
1 62 4857
37 54 1555
64 96 130
80 87 9408
78 47 8644
64 52 6521
33 75 8700
81 68 9501
71 11 8771
93 59 1976
40 52 9154
65 15 7181
55 14 800
95 69 6012
97 5 2393
28 65 5006
49 77 2775
25 70 5765
73 8 5664
93 46 35
24 72 2471
2 58 4757
86 20 4257
45 68 6715
43 47 207
91 17 222
64 54 5916
93 84 8116
7 20 2367
76 34 7042
85 63 8908
96 65 3575
5 68 8596
76 4 9037
64 35 2983
86 47 7240
100 5 1910
45 17 8034
82 75 3092
62 61 7032
45 36 10
74 79 2245
37 8 4212
31 77 7161
95 52 4609
1 89 6604
89 39 2167
73 63 7383
1 2 8721
40 56 7830
14 54 3769
77 70 1191
78 84 2586
21 70 4377
76 14 4257
67 1 9145
21 38 4599
33 69 173
78 3 7260
96 67 6965
93 3 7214
50 92 2519
7 70 540
91 26 2161
81 16 7908
51 41 9874
98 76 5752
13 54 9817
68 20 7907
92 56 8843
48 15 6848
50 13 4268
48 90 7440
15 91 1060
96 71 1429
93 78 2048
45 88 4015
51 54 9947
57 90 5782
74 11 2735
60 5 7776
2 54 9551
86 5 277
36 91 361
93 57 3927
76 29 886
2 72 5857
38 18 8525
25 34 1058
77 53 3117
45 13 1842
83 72 4623
76 63 1987
99 25 8733
64 21 6783
100 6 9894
93 85 8606
5 24 2535
97 84 6062
67 41 2864
74 4 7729
28 90 9262
10 63 3484
88 24 5168
17 3 6673
94 16 1264
9 58 7215
43 79 687
62 58 1210
57 13 2997
1 75 9774
93 52 8985
10 14 8899
36 51 6402
31 78 5697
99 82 2825
76 78 7287
74 6 1554
91 69 7702
33 11 8344
64 75 1022
48 70 5895
100 69 9318
99 13 3008
33 52 4627
96 78 6101
64 17 9254
33 32 3232
5 27 4987
14 56 5315
99 47 6095
23 80 9067
43 27 4576
74 15 5930
23 40 4235
6 61 7600
90 18 7193
6 30 7801
1 16 8287
64 65 8402
27 54 797
94 34 4412
31 29 7386
100 36 6047
95 75 813
69 58 3083
88 34 8872
91 90 8100
81 13 4636
81 11 2925
85 75 2795
64 46 2009
12 6 8819
50 74 2113
52 8 5016
52 79 3445
50 20 4565
86 26 621
48 65 3028
62 9 5903
58 59 5936
1 68 5474
60 16 4969
50 81 6863
10 70 1404
97 16 9203
62 70 815
58 46 8596
71 73 7004
10 52 5453
62 16 6998
22 3 4152
41 89 9864
25 9 735
92 26 199
77 54 7028
96 26 3817
21 19 5422
10 53 5127
55 26 4804
48 87 8346
86 72 4274
28 71 6812
74 46 3516
31 38 6386
77 32 8180
15 16 3312
62 25 950
81 33 8800
70 27 2691
10 17 6852
56 3 1087
96 4 8164
99 89 8172
58 44 4302
28 25 5919
45 55 7375
47 37 5116
48 66 867
90 3 730
22 72 568
76 73 4216
42 48 1233
51 80 6783
53 68 4950
98 36 7783
23 37 3810
95 11 5119
80 59 3204
67 92 5289
97 58 9922
60 41 7901
54 46 9562
31 79 3086
52 44 7768
50 62 2299
96 33 7617
68 58 1079
70 39 3248
19 41 6416
64 57 121
49 35 6451
76 33 3855
50 4 8285
31 67 4622
12 42 4508
92 24 555
7 75 8348
19 57 9623
20 59 1421
21 37 5429
38 78 6542
96 46 5636
86 18 6662
100 84 9676
45 79 6938
96 95 4444
39 54 9837
65 94 2056
12 38 4000
28 69 5125
1 44 8329
11 32 8252
82 89 4686
50 58 1414
43 68 6020
44 18 6984
65 1 5382
25 40 3450
98 39 6583
75 18 1798
64 24 3571
44 8 9385
2 47 2004
12 44 8207
65 89 359
87 18 6511
80 1 8761
27 1 5058
100 28 2485
45 4 6534
62 69 487
52 73 5378
80 16 8521
11 3 3500
1 22 5053
35 94 5458
1 88 4295
66 75 4889
100 35 3865
1 86 8294
49 14 6366
100 45 2194
50 5 6546
74 60 7403
82 69 9959
22 66 8917
83 54 739
67 63 5341
71 60 2366
52 87 7321
75 32 3490
78 11 5936
25 13 3058
6 83 5493
28 3 494
35 13 9768
48 46 8355
19 4 9255
57 63 4825
61 52 839
81 89 2140
1 78 1663
43 53 2568
7 9 660
56 1 5162
100 25 3972
43 62 2470
42 56 5809
2 11 5212
42 54 6334
10 79 454
28 75 1577
87 8 8527
2 9 3351
94 90 8980
97 86 4838
85 94 2267
75 39 9718
29 22 178
30 72 4633
7 6 3390
1 76 3667
15 30 6920
12 30 2799
52 54 5511
51 53 7414
22 82 2566
44 26 3865
42 98 3020
24 56 7391
78 72 1055
29 58 5159
21 25 9053
68 72 3622
22 14 2170
61 13 567
74 85 3945
12 43 991
99 51 6375
33 54 9156
42 65 7325
53 24 3180
12 74 733
86 73 2203
51 90 6531
13 44 6064
12 11 7040
62 46 8797
63 16 5781
64 39 3569
35 82 9781
52 20 5522
83 63 3587
68 24 3053
64 16 8321
95 34 9097
69 1 6818
77 84 886
36 46 9313
89 20 9837
6 16 8276
98 47 367
95 91 1347
73 54 3681
11 66 340
74 97 9868
2 3 599
93 94 4284
7 30 859
48 27 3325
77 3 3440
50 56 4535
53 46 6504
76 62 524
29 55 6737
48 55 9386
99 46 6587
87 26 129
38 34 8183
29 11 8719
31 62 3697
13 73 4315
31 5 4240
73 18 3636
48 29 3719
54 16 2560
1 71 2732
67 82 536
42 82 3446
100 41 8397
96 6 6724
30 27 8073
84 24 8763
39 8 8070
63 1 8105
2 27 5455
80 17 4290
22 54 8703
78 63 6090
2 78 1500
33 82 8379
75 63 5881
37 79 6034
22 16 4883
45 5 2756
19 75 9122
91 3 4268
40 58 9342
48 69 9250
99 77 8802
99 60 8060
74 80 9299
47 26 9469
4 60 8652
49 25 2934
29 15 3187
15 80 1211
81 3 2017
28 87 3723
7 67 1008
7 42 413
28 61 446
97 83 5433
85 59 5528
56 54 4868
98 91 3537
23 18 7334
33 72 9157
19 47 8592
84 5 3423
60 94 656
92 87 6970
61 87 5656
93 30 3041
61 54 8204
10 87 8411
100 3 2162
50 64 8824
31 61 7753
99 17 1412
85 30 3977
5 20 2164
78 10 7062
80 75 3445
45 91 815
92 41 6347
77 13 2984
11 13 8378
31 66 8363
99 29 6706
41 69 5737
95 85 5128
68 90 3503
2 29 1169
98 92 655
100 55 8370
15 35 1058
2 49 4340
4 39 3878
21 79 6001
49 32 4114
40 20 885
77 58 9322
36 53 9769
75 46 3925
7 5 7526
69 18 8180
67 77 2439
38 35 2701
95 29 2284
31 89 3850
53 1 3029
22 18 799
9 18 7263
67 71 6474
19 20 7966
47 30 3609
15 9 5809
11 27 6343
29 59 8323
33 24 8866
11 8 8431
49 94 3450
99 11 2368
9 87 9600
36 35 456
36 82 7090
81 43 7009
42 83 1147
19 90 7319
10 18 3009
35 24 5261
99 85 4556
51 11 2330
28 58 5029
2 89 4832
48 23 6207
74 24 9560
31 69 7270
38 39 8907
100 62 1843
12 93 7471
64 20 1936
45 69 2642
24 16 4733
4 75 4761
96 43 6959
92 37 4693
78 1 6921
31 1 3301
42 27 3016
37 14 5786
11 16 8083
82 66 2817
76 9 4505
76 8 7682
97 88 9625
62 8 1594
11 18 1042
98 17 771
99 6 5265
2 39 4050
21 22 6031
43 83 9820
45 11 2732
99 80 1060
97 85 4651
35 88 8938
45 3 619
78 26 8273
25 82 4197
17 16 8814
45 75 5743
25 33 6132
98 30 7807
86 32 476
30 3 7244
62 13 4765
7 60 1520
45 63 4164
25 87 4417
92 89 887
38 81 6301
7 13 2499
64 71 3704
83 80 805
25 58 6533
75 3 9680
1 99 8751
98 34 7574
78 75 450
53 30 4015
47 65 7976
74 36 6481
83 47 3834
71 9 707
40 88 3892
81 51 4836
91 94 9644
33 73 862
5 56 3108
29 62 3840
45 66 6027
64 91 5203
94 17 6323
29 53 3833
96 60 5678
98 83 9918
80 63 4949
98 60 3549
55 68 433
2 59 9365
28 66 4436
81 72 6733
98 4 8216
95 15 4491
92 16 7538
12 20 4748
57 37 4170
12 66 6288
29 56 8673
35 46 4619
74 30 6654
95 79 6648
36 61 7451
84 73 6839
48 88 3706
60 17 7694
23 26 1674
68 73 3350
77 93 4908
34 59 1134
4 10 3541
45 40 934
74 54 6336
77 95 9864
34 72 1119
50 22 8365
94 1 6133
24 32 6067
64 5 8265
28 20 6566
4 58 1784
41 17 2700
31 10 3298
8 16 9999
35 90 7190
7 37 7187
57 75 1098
95 54 7711
20 63 9826
28 17 9770
7 89 8682
81 91 6479
31 51 2770
12 49 6132
27 32 3317
86 66 6475
95 63 178
25 54 1343
86 17 6176
47 55 5085
11 69 8828
96 20 9717
67 84 2370
43 41 1515
6 11 5932
19 11 3488
55 63 9879
91 79 8416
97 39 5907
85 60 8143
49 37 4981
64 8 7690
2 99 7195
57 41 4631
34 70 4040
29 5 736
21 60 8169
93 91 5137
85 10 8447
93 27 7995
66 5 1258
76 10 7128
47 70 825
6 59 379
42 60 9611
51 58 494
14 87 3206
45 58 6140
93 26 8188
48 57 9381
6 66 1224
2 25 7015
31 74 5449
65 88 9946
1 51 8529
62 52 7732
31 92 3433
43 70 4759
47 72 6148
48 91 9339
50 85 9253
2 52 7480
67 32 3380
77 30 6447
66 18 8462
41 26 7419
21 56 7183
49 86 6631
81 75 8907
37 58 1981
85 24 4625
74 100 165
22 44 5460
88 46 1801
38 72 6895
76 40 5070
92 85 2294
95 46 100
12 10 1210
100 78 481
97 94 5833
88 39 8785
92 47 3847
72 56 1281
66 26 8730
81 44 8727
2 15 5365
12 94 8515
42 72 3485
95 39 7864
11 63 4205
44 1 9090
92 94 5343
53 20 7585
27 69 5536
7 62 3805
98 81 5003
74 62 9070
12 16 6787
36 73 3910
99 38 1050
78 88 7763
2 23 426
4 41 6509
43 24 9563
70 20 7320
28 79 7931
77 65 8209
22 51 7420
36 10 5492
95 56 5041
64 84 9604
6 73 628
65 87 5240
98 22 7236
28 94 5710
65 70 3966
37 59 2600
94 44 4224
42 45 3803
29 73 6815
17 72 8428
76 69 2892
95 43 8510
76 90 6012
1 37 8427
47 44 8666
71 90 7367
97 92 3849
1 14 5452
81 63 7628
41 87 4898
84 41 3214
97 37 4405
71 58 7759
6 26 9128
41 39 1724
22 32 5689
61 78 7336
22 69 5495
1 64 1180
96 5 2377
78 15 5098
81 40 1807
21 39 7616
79 20 2334
100 92 7516
65 46 7933
96 25 1285
95 65 8091
79 16 1735
37 9 8100
65 39 2871
24 58 4626
68 3 6609
47 51 5234
92 18 9405
38 33 1626
89 27 2600
99 74 3253
45 27 7077
98 66 6579
95 40 4502
99 16 290
92 82 983
38 4 2260
67 46 5769
67 54 9059
27 16 7948
95 3 3105
10 5 4553
2 75 5479
96 39 1833
15 17 6003
68 79 3638
42 91 5800
48 37 4688
28 26 7505
82 63 3732
6 32 2324
61 18 5596
67 33 1819
71 80 6775
71 5 8466
33 34 2796
64 76 3383
91 68 3699
25 47 2200
31 6 1360
82 58 2651
77 72 5452
15 68 8436
92 53 9229
64 63 9954
25 24 5077
65 52 6564
82 88 8565
58 8 846
43 63 5622
66 69 6513
95 14 3950
76 11 6526
50 100 8343
42 6 2134
37 94 2528
71 61 1980
86 83 7933
41 3 3567
100 44 9485
29 89 8016
62 65 5891
61 20 1432
52 90 6186
23 49 2665
91 73 9897
6 14 8982
37 66 2400
1 19 9947
77 4 1181
29 43 3759
43 71 8949
90 39 2985
1 10 8547
77 9 4530
84 87 9290
64 97 3623
84 27 1093
2 17 7854
92 34 4468
4 34 3066
13 69 718
88 87 4769
89 3 9591
42 37 9061
93 82 3254
48 92 8471
86 41 1040
52 72 7538
100 20 2037
10 59 524
5 63 5554
6 5 4279
99 28 8307
59 8 8091
88 3 3296
2 31 4555
93 60 7072
80 34 2047
28 37 4502
72 73 4605
96 89 2157
84 89 9802
50 89 7589
48 14 703
84 59 4331
71 3 6878
21 82 678
57 80 1775
57 17 1083
24 46 1497
33 87 4840
48 34 1801
27 3 2618
39 58 4431
71 88 861
25 57 5871
45 67 9253
38 87 1900
9 63 3409
93 22 7641
47 32 8776
31 47 5314
61 10 8272
31 24 7082
97 54 3404
70 54 1567
86 3 1637
92 14 476
79 63 9965
57 10 2490
36 88 5080
4 44 8473
36 6 8643
6 51 9020
77 66 5528
23 44 2974
23 24 2249
64 23 6205
12 82 1100
38 69 3331
7 66 7701
36 11 2292
93 25 5131
17 20 318
88 17 3074
47 88 2343
15 55 2541
1 30 2326
49 55 595
31 13 5949
26 8 9966
71 26 9370
7 79 1262
79 70 8237
86 87 2803
64 70 4665
78 56 6155
97 59 791
98 20 1492
95 51 2471
2 41 9632
20 1 6571
75 69 944
15 14 8275
12 85 1942
81 27 6471
65 56 7600
67 24 4190
40 34 2675
53 16 5051
51 10 7521
82 46 6727
81 80 7342
4 72 9003
60 51 3397
11 17 415
65 16 1346
20 69 5937
12 57 2740
55 72 1940
65 27 8237
4 11 9058
28 70 7661
43 94 9498
98 21 3646
7 32 6815
83 52 514
55 44 9801
12 47 7606
1 12 2006
98 67 8623
55 8 3589
17 24 4928
84 13 9566
40 79 1863
31 26 6870
40 47 6036
12 34 5814
31 64 1059
68 17 5062
22 5 865
100 48 4931
81 29 8141
45 86 8206
98 32 3934
98 37 7889
61 32 4973
6 24 1631
85 18 177
50 78 7712
31 57 3570
98 28 8413
94 75 3121
57 60 1230
23 39 4262
75 68 6767
38 89 8044
31 45 4775
38 17 2919
62 19 2001
19 78 3132
42 88 1541
1 9 1942
4 79 4412
7 90 1107
92 57 3804
49 52 1281
67 80 3494
25 88 5970
41 8 8691
49 60 4908
11 58 3186
36 30 9974
42 93 9400
2 37 1391
1 60 3907
65 10 7288
2 79 6363
47 84 1889
69 39 7464
43 25 427
98 33 5458
2 81 2228
96 28 3547
50 12 3039
33 13 6489
78 58 6665
72 59 7434
53 26 7615
45 22 9583
67 60 5787
55 18 747
69 16 1124
1 5 7728
51 68 5158
43 52 8582
88 66 7883
41 88 2790
25 4 8427
23 85 3852
47 13 1480
23 21 3334
42 55 3389
7 45 7805
50 77 2733
6 46 4780
34 90 8063
98 9 6372
15 53 7494
64 6 9951
89 63 3835
64 14 4272
86 80 1760
92 43 2414
55 37 4171
23 19 4798
64 85 8902
28 59 835
70 1 8584
22 11 6517
28 39 6770
15 11 722
86 55 3615
12 33 7893
92 73 8449
17 27 8772
31 37 2826
50 39 2683
47 8 1561
61 39 1252
48 83 2887
4 30 9392
1 53 938
51 20 6275
83 18 3549
100 75 22
1 54 7406
92 88 1611
98 68 6394
84 53 1252
40 83 1562
71 84 6580
88 5 5523
48 3 3321
98 26 8994
17 18 6045
95 24 4471
7 92 4247
100 98 3232
28 8 9406
12 86 763
23 22 1
29 79 127
1 50 4377
74 94 7893
86 75 4927
61 51 9500
31 32 7070
83 68 7609
41 90 7412
92 13 8321
96 9 6847
7 33 3156
49 53 5610
61 70 3122
70 3 6704
23 47 5632
61 40 527
33 46 8314
48 36 8377
17 54 1778
30 44 6227
96 34 4956
25 72 3653
42 79 9548
77 52 301
96 72 6049
76 58 370
1 70 4548
71 34 9280
35 39 6127
80 20 1662
21 43 9280
43 17 6253
7 93 2391
85 37 3524
27 87 7531
5 54 8242
21 69 593
79 32 1491
52 69 5654
61 34 5266
12 1 8338
19 16 8809
87 56 875
88 44 7811
37 10 1864
85 57 6506
98 96 4689
48 17 177
57 5 4882
84 66 2819
71 89 2756
64 10 6190
81 5 6471
34 75 2303
57 33 6490
93 66 8871
22 65 9024
81 56 7389
87 44 8151
36 62 5150
67 62 5403
96 61 7430
81 93 7754
38 25 7793
74 1 954
12 25 1636
68 30 6034
42 20 7898
52 70 3126
39 63 8039
1 18 3163
52 75 7815
49 59 3199
67 69 4038
70 69 5625
9 16 5062
21 73 6895
7 71 314
42 9 1591
67 52 8129
7 83 3132
92 72 4346
71 27 4318
23 34 5954
92 4 3000
74 58 7159
60 14 4824
56 18 8375
27 73 900
96 87 9326
74 17 3524
65 30 6302
53 63 6756
7 76 7629
34 27 4094
47 27 4061
28 82 9264
61 75 6479
67 85 1958
66 87 8741
9 56 870
41 37 5121
21 9 6556
62 51 4068
94 24 5510
99 62 8532
6 52 5482
72 46 2404
62 72 8845
71 54 7072
7 46 532
2 14 8328
12 58 7769
6 37 1201
57 68 633
74 28 7120
24 20 8360
1 74 5457
12 29 5494
36 83 5611
85 55 1134
100 46 5369
82 34 1912
49 33 7889
47 69 9349
92 75 2357
43 72 8301
7 2 8612
12 81 5187
12 68 6611
21 78 3704
13 3 6056
68 56 8083
29 75 259
71 57 124
38 55 3592
6 78 8791
53 8 1957
79 1 2347
74 8 3987
1 57 5380
37 39 9231
22 17 2315
81 85 3148
6 27 431
31 48 9299
11 56 6619
10 73 5142
43 59 4755
49 89 8464
17 1 752
45 73 5889
95 88 3832
36 29 9015
6 1 129
93 9 9532
53 89 1371
55 56 4782
90 44 8143
11 39 2910
55 3 1392
89 69 8198
76 97 8965
1 38 5826
97 57 8457
38 16 5440
55 79 5769
49 34 3599
81 36 7396
7 40 8115
91 66 7585
64 53 2775
53 70 7345
45 54 6251
91 59 2274
99 72 4128
65 80 5550
71 20 8892
49 79 9269
50 31 6656
6 9 7355
92 9 6373
29 51 8896
49 4 7538
47 63 5387
61 19 5377
4 17 7069
85 90 3110
40 41 6510
62 60 1563
40 30 6019
88 8 7901
6 43 9761
61 65 1335
33 39 78
74 83 4569
99 22 6775
57 15 5846
86 54 8167
74 37 522
98 75 3960
23 32 2103
35 44 9649
48 67 7657
30 87 4706
51 88 8274
49 84 1784
94 46 6607
64 88 7166
45 24 7404
96 54 9614
99 91 872
78 82 3776
72 20 4862
100 58 4762
19 56 9163
83 8 238
23 76 8182
17 32 2272
95 37 6747
54 59 9745
21 84 4642
38 9 999
78 51 5857
52 27 5976
78 94 1076
82 52 6777
85 80 9102
42 86 3273
37 75 4943
2 35 5976
51 72 3584
1 79 3397
9 17 5624
85 33 1240
23 95 4454
77 26 3897
15 10 9375
66 20 1060
30 69 7414
29 88 6779
7 38 7026
28 29 4638
38 52 554
97 75 1887
75 72 9399
22 80 6068
92 5 8476
33 5 7580
49 1 4691
80 73 1574
93 92 3676
38 5 9332
22 88 2572
96 24 5884
37 26 1660
42 75 9999
12 70 2660
31 11 761
68 8 3271
41 52 3954
88 11 6736
2 30 6854
29 60 3703
48 68 8711
23 93 4446
47 15 8156
96 3 2608
96 47 172
74 98 5568
37 46 6373
60 56 6950
17 44 2593
98 14 1010
82 3 3856
66 27 831
45 53 408
6 80 9923
66 59 9306
23 68 4340
77 51 4614
73 3 879
74 78 4367
94 70 297
67 65 9802
100 29 251
83 69 1956
66 89 6152
31 80 2910
73 20 9069
43 15 5774
38 41 6864
95 61 5804
1 93 8979
28 56 566
47 3 867
76 47 9776
21 77 5073
83 24 3474
57 87 9948
66 56 640
82 59 9846
49 78 6897
23 86 9584
72 54 7208
47 59 752
77 40 414
5 30 7615
80 24 7027
52 18 6071
34 26 8306
36 47 1640
2 13 3301
81 84 2673
40 68 8288
2 22 9454
84 11 2923
50 29 244
93 37 5605
9 27 2184
42 84 9312
2 95 7730
99 90 5399
94 66 1467
1 40 6709
71 25 2316
62 79 2333
84 88 6484
80 94 7389
84 18 2158
26 16 2783
55 32 4380
52 63 8356
45 47 9680
50 45 3964
21 75 5563
68 69 6783
67 39 4377
49 36 9529
78 90 3809
12 78 6800
91 34 7835
31 86 1800
37 53 100
41 27 6859
71 62 6440
24 73 9554
97 65 9781
20 8 6683
67 11 1510
93 13 1964
92 20 2346
25 63 9240
48 41 3715
10 89 3812
74 20 2300
61 56 6030
13 70 6145
4 37 5135
37 90 3418
49 24 4654
19 82 7918
100 72 7798
6 15 3009
42 25 3949
49 66 8113
15 82 8571
98 77 731
79 39 2489
55 75 8100
99 21 892
11 53 5640
36 22 2286
23 27 9043
19 18 5740
83 17 9144
95 35 5482
43 84 1645
67 14 5276
29 87 8516
43 73 9506
70 87 3591
83 70 861
48 26 8745
7 10 7305
51 37 4673
6 91 7396
40 1 3335
60 66 7169
12 56 2531
33 83 3104
23 91 8174
64 69 6800
37 18 7253
23 36 1183
4 63 748
96 27 5365
23 90 9753
45 48 7830
17 69 4206
83 44 4204
25 84 5073
21 36 9845
1 15 2841
65 51 4116
92 19 1936
60 20 1984
94 53 5949
77 81 3580
80 39 7259
12 18 4465
11 9 3086
60 91 850
9 79 5325
67 26 8182
95 4 4506
4 33 6349
93 19 1930
50 57 7840
95 68 9869
15 54 812
14 16 7296
41 80 8043
58 32 7611
43 3 4548
36 52 5577
23 41 4710
36 79 9913
9 69 1681
56 73 8891
28 18 4118
48 18 5885
50 18 3964
62 40 3962
38 32 5077
68 16 4431
81 83 2250
100 4 7061
85 86 379
5 79 5829
50 1 671
80 5 1195
85 22 5266
83 9 7872
74 69 2872
71 15 9800
74 13 2378
98 40 5572
7 86 1729
42 81 6569
99 32 5441
45 37 2540
31 71 3864
50 99 9835
76 36 6502
74 39 8412
57 9 5411
93 79 1211
71 72 8324
31 73 3443
85 79 6453
33 60 8793
2 74 9327
70 72 416
86 71 9106
38 96 4404
90 58 4846
31 70 1355
4 16 7816
98 80 1577
57 53 3536
96 92 8486
95 89 2771
92 60 5153
28 97 2710
23 59 5642
34 20 4952
2 73 5087
75 30 1214
78 66 6680
13 26 1655
12 28 3006
95 87 5571
13 24 5519
85 44 9192
27 39 2072
65 32 3930
80 89 954
19 30 9634
49 83 8605
83 11 4396
7 15 2439
42 85 7397
86 56 75
81 34 2854
22 84 2854
42 36 830
78 35 4052
2 69 4209
15 52 8645
13 8 1980
66 72 7744
31 75 3482
98 71 1102
88 70 9248
92 63 6191
51 35 6744
92 79 4200
86 24 7629
42 21 4309
99 49 7231
42 19 9284
49 92 3666
52 68 2802
43 18 1154
22 41 9209
79 44 1225
52 53 1435
74 51 162
76 24 7211
2 90 39
78 70 909
98 49 9649
41 58 3787
75 89 983
18 46 8854
95 13 6640
93 20 1812
67 87 9257
82 13 7200
95 78 6808
22 83 1236
95 9 1295
88 32 6642
25 80 2338
38 47 543
74 73 9184
38 63 5433
91 89 4742
100 91 6813
21 67 6093
5 44 8324
78 53 6096
50 40 6110
76 35 1125
95 94 3601
84 63 5318
6 33 8702
1 13 5035
42 33 5479
90 32 2264
40 75 5073
64 95 6387
21 32 8264
65 79 5211
60 89 3722
47 56 3469
2 68 8202
55 69 1885
52 3 2726
96 10 5402
84 69 8693
81 55 313
91 37 3048
25 14 5334
25 41 9002
81 57 3590
31 44 4517
87 90 786
1 61 4683
23 15 7681
35 59 6878
9 1 3007
7 4 128
49 29 2987
22 70 483
67 3 3728
54 1 4656
14 70 9184
2 97 8762
1 94 6486
36 3 7799
22 56 186
61 69 2873
2 42 6062
63 59 1748
62 37 2946
19 33 5883
80 44 9950
50 19 4830
38 3 8608
29 26 1703
31 68 9874
83 56 5272
64 62 4750
35 10 5207
33 3 4274
14 46 8340
6 13 6076
28 44 5059
67 58 3022
43 32 108
13 27 8289
35 63 6028
38 60 236
31 87 7627
71 83 6511
7 94 3963
37 73 2283
7 65 2046
37 1 9077
28 47 8768
50 61 6197
41 54 5614
83 89 7992
7 51 2258
31 41 7362
87 46 937
65 68 8140
39 26 7311
25 8 2119
4 3 3099
10 20 9013
11 79 1992
96 53 8371
13 9 3762
17 59 3551
76 5 8996
6 47 8453
7 78 5978
33 66 4054
61 88 1475
86 51 6085
81 19 8694
43 19 3854
47 54 6320
69 59 6321
35 5 6716
77 17 6635
96 19 8603
47 11 8762
55 34 5711
61 44 7370
96 88 4958
45 57 1324
31 39 1714
85 83 3567
6 35 5037
45 23 9002
19 53 8059
93 4 2347
40 65 1120
99 66 7509
96 40 7711
80 32 3112
92 78 2231
45 80 7825
55 9 6662
99 37 1226
79 27 6277
41 32 2639
83 16 1632
48 84 4103
67 86 8723
23 1 325
74 35 7957
33 91 1395
36 13 2997
66 24 4672
95 70 8029
61 15 1599
61 73 9785
99 3 91
82 90 5321
4 89 1094
55 46 7766
76 86 7034
77 44 1013
30 79 2803
4 82 2387
38 30 5423
25 90 1501
40 13 3507
64 33 2931
31 9 9212
62 47 6618
64 94 1514
87 59 3388
28 57 9631
74 81 9091
64 22 9664
92 65 8621
98 59 722
69 63 3767
91 27 7343
57 27 7399
7 34 8075
82 1 5089
81 32 395
64 78 2746
42 22 3117
7 100 8346
99 24 8883
29 52 9559
92 33 3666
29 17 6328
22 35 7325
6 22 7051
7 64 7340
90 63 127
75 26 9437
12 90 2762
57 55 7979
74 87 9295
64 18 2045
60 53 3542
75 16 2264
82 55 3558
68 39 6929
7 82 1894
21 51 2648
49 43 6593
38 92 514
50 91 9722
42 57 6711
100 37 4209
25 61 7120
7 59 4785
92 8 9297
4 53 3866
99 84 3882
38 46 8766
95 97 2211
29 37 2764
43 55 8324
62 59 2228
77 57 9092
92 52 2000
2 20 5630
31 55 2783
1 66 2126
6 53 1419
86 37 5545
86 11 6457
92 25 7065
78 8 3941
67 10 9998
28 54 9329
84 34 7498
98 88 6927
81 10 1222
4 59 6497
61 94 9871
41 53 8088
43 8 6218
40 54 2933
57 47 2296
50 7 9689
98 90 7717
85 15 1592
31 28 3555
36 84 7950
99 75 6709
37 70 2117
99 36 7066
53 69 5033
37 88 697
62 53 2509
6 20 7032
41 5 2678
28 51 5291
71 30 5510
50 65 448
4 83 7187
38 85 8318
31 84 7513
35 8 1127
75 70 8315
28 6 6841
85 51 4976
85 27 1593
35 32 8062
21 18 1473
87 73 7815
74 55 6149
43 89 7690
50 88 747
98 95 4796
12 61 7379
64 38 4815
67 43 2740
3 46 933
36 27 9117
88 56 9448
42 4 9401
91 1 6182
64 15 832
21 29 6449
28 81 8690
77 19 4216
98 8 9127
87 69 3980
40 27 6077
96 62 9574
82 56 7519
70 56 4394
62 18 7086
45 71 8645
61 57 2708
80 72 278
11 72 3621
7 17 653
84 26 4692
81 39 5093
98 69 4819
45 25 7192
19 27 2782
21 40 5566
55 88 1988
85 87 6512
6 4 6732
21 71 4727
50 75 3796
53 59 5848
45 46 526
75 44 3197
26 3 2029
1 81 7710
82 18 9645
7 11 7070
98 93 1925
1 82 5123
49 11 7402
76 19 8001
60 32 4697
49 63 4920
1 26 2394
85 5 8134
4 54 3564
50 76 1453
74 32 4764
74 72 3536
7 31 8457
54 26 9455
4 51 4980
94 89 3276
12 53 6646
67 68 4114
10 1 5193
73 1 4985
6 85 625
80 69 1924
4 35 6063
87 20 4421
38 8 4124
95 59 2941
95 57 3969
23 43 6152
63 44 650
12 31 9965
80 26 9574
75 87 2574
95 41 5088
98 18 6975
1 3 6926
50 51 6136
100 14 1894
19 1 5671
49 8 621
71 94 1809
71 19 7123
77 89 5384
50 69 5345
48 56 1932
75 24 4838
15 94 324
86 15 5207
65 55 7836
17 63 4437
92 15 6751
31 54 9172
49 75 1414
38 14 8674
33 79 5235
62 57 5834
99 73 9149
93 51 4527
99 93 9802
38 10 1653
98 89 5176
77 78 6118
42 10 1226
60 55 4101
77 59 1205
40 66 8200
2 5 1026
2 4 7340
65 41 93
34 9 6696
42 61 7961
12 27 1901
34 3 170
24 90 9696
36 39 3597
47 68 2101
84 52 4534
99 9 3921
60 47 3659
100 34 8721
93 72 4709
61 24 409
29 1 4244
84 37 6122
45 20 5435
36 17 9478
85 9 8307
59 26 4583
70 58 356
15 37 4460
23 79 6235
76 60 5531
49 62 578
88 1 3812
21 15 9631
7 80 1782
94 72 2011
35 16 656
6 72 5474
2 46 8455
91 8 3703
61 14 9786
85 13 356
45 28 3873
21 91 9481
66 44 304
72 69 2325
5 70 366
76 70 576
100 70 2336
34 14 5438
70 32 5285
75 79 9096
86 19 9682
35 18 7758
99 97 882
100 1 5511
25 51 6065
57 78 1817
95 60 5867
96 66 6876
42 80 8051
49 18 1397
1 48 7453
55 89 8215
7 39 7380
100 15 5587
93 18 225
12 55 4387
47 20 7412
24 1 8680
48 58 8090
30 63 3549
79 69 5387
21 20 8314
21 35 3029
98 94 2042
82 26 638
24 59 9747
35 20 2618
94 10 9325
38 95 5184
35 70 4254
75 20 8421
89 87 4865
52 16 8363
42 63 9302
51 56 376
49 90 779
42 30 1118
67 16 6242
52 89 7655
19 68 5521
7 91 3990
29 78 1459
23 84 3735
42 15 1369
64 9 7045
91 87 311
50 68 2108
64 3 808
42 41 5342
40 69 197
91 56 4356
31 76 7080
27 72 8510
85 4 7385
55 59 9122
2 70 5499
47 75 3483
81 18 1739
8 46 1176
99 63 8666
1 87 2344
95 32 9596
40 55 3531
83 32 706
95 1 5249
21 54 3906
48 22 1485
38 54 2719
99 71 6499
11 5 9139
88 52 8239
29 94 488
38 11 597
98 84 8325
81 87 8209
70 90 3994
81 79 4987
61 9 316
61 17 1153
7 26 329
30 56 6864
81 41 5509
85 71 7408
53 39 1725
96 37 9245
76 52 6529
78 46 3575
88 10 2727
48 35 4619
48 85 4750
61 33 1392
65 9 6962
85 1 697
100 79 4922
45 19 7668
91 13 5946
64 47 5179
95 71 5504
89 59 8664
28 88 8029
17 30 4642
49 65 3254
61 60 4869
42 89 1590
31 25 7930
51 82 9429
64 41 1935
42 53 2916
45 85 6096
49 96 3088
4 88 3244
90 56 2959
76 51 8596
49 15 7004
97 60 1035
42 78 4192
83 78 3532
42 68 4609
60 59 6918
3 1 4503
84 46 5711
67 37 4661
35 30 1464
7 29 6407
95 82 5935
7 22 5483
19 69 8704
52 1 7465
14 18 986
25 27 7367
4 20 5494
77 43 1979
50 60 6972
37 11 362
1 7 9921
36 43 4901
31 17 6142
21 62 8207
53 9 7817
56 32 2237
77 47 1294
22 90 7412
25 53 5195
23 72 6241
12 59 4415
11 68 6229
91 24 432
25 78 4299
2 82 7189
72 26 3701
65 13 8801
61 89 2899
89 17 8362
72 16 6616
100 80 9306
30 54 4296
92 71 8451
92 10 4361
37 20 1760
23 78 5788
37 69 1728
96 68 3605
9 90 4119
14 39 5051
50 9 318
21 34 391
87 3 6304
97 24 6459
74 14 8597
42 66 472
86 57 8695
51 75 9891
96 8 7883
41 30 241
41 46 2483
41 10 8650
7 28 2821
100 51 9267
29 8 2948
86 82 10
22 15 9319
98 27 8100
33 56 9260
4 78 7680
28 24 1067
98 46 4917
98 19 8327
94 63 9517
19 15 9278
62 82 6439
73 59 1657
17 39 7357
72 3 6395
100 73 5775
37 44 2407
61 55 6713
58 26 6165
15 89 8710
93 33 9523
90 73 4761
23 81 9181
92 59 8218
50 37 1003
77 37 3416
99 10 4810
97 69 9838
29 3 2065
61 22 7631
42 39 9104
12 63 1364
67 56 3992
29 54 8422
90 69 5815
81 1 3251
2 55 2454
55 13 6881
34 63 8168
43 80 7132
28 63 2750
23 35 7445
45 76 9922
77 75 4406
93 5 1153
49 5 6317
97 68 180
9 44 3559
23 69 9381
23 17 2696
50 66 8621
56 39 8903
77 10 7456
98 23 4153
78 24 3472
76 82 4811
8 18 3920
76 95 8282
38 24 4648
81 26 2336
33 27 5912
67 8 103
38 27 3699
67 9 9903
23 53 4876
100 30 5865
31 30 3153
92 69 3681
36 70 9098
83 82 7672
2 34 813
57 51 1847
74 70 1468
41 20 7086
23 28 6252
77 1 2620
100 93 9754
48 60 2783
48 16 2531
23 51 9134
27 44 5478
42 100 7503
31 49 4389
20 44 9285
15 70 8007
40 5 7860
37 52 4095
64 56 1927
84 70 2493
86 94 5094
71 41 4262
14 3 8404
100 85 5196
6 10 4313
22 24 4658
76 65 72
36 56 6529
36 55 4163
49 38 104
50 11 5626
43 4 1834
98 65 916
92 68 7472
56 8 9654
25 68 4354
48 72 75
49 56 2273
34 24 459
25 66 9209
23 33 1155
60 8 9593
81 78 1038
93 44 8657
15 20 333
76 94 323
80 58 3016
66 34 4544
88 73 769
41 16 4942
96 90 7037
49 88 5863
97 9 5555
33 53 1792
60 10 7410
81 61 9867
2 1 6450
86 91 3833
60 52 6396
64 55 612
51 26 3937
92 90 8373
31 94 8797
78 65 1204
23 9 5845
75 1 8450
47 73 5557
82 16 2271
74 76 7075
31 4 6016
94 68 1480
75 59 8229
93 83 1960
100 54 8869
76 66 3238
62 83 8644
68 70 9191
14 27 6253
49 76 3187
14 44 6312
94 87 7546
61 79 6575
54 8 8526
38 22 3100
39 44 8367
100 18 5935
62 32 9319
75 53 4816
76 81 9768
67 75 2066
48 95 5427
58 54 56
12 22 438
67 4 575
90 8 1259
22 68 2634
29 61 9025
18 32 3168
4 32 4905
15 90 6099
75 73 5535
19 34 2736
57 94 4327
41 72 7494
38 90 1604
76 80 3916
10 58 2489
98 3 7147
76 20 6520
42 40 2027
43 75 3458
47 89 4065
29 10 8602
94 39 1983
78 87 7165
21 76 6968
86 8 4269
76 16 2835
96 79 1783
23 77 388
99 67 4900
34 89 3561
15 3 443
71 10 1689
97 82 487
48 9 8054
67 22 4323
56 69 9511
62 30 1221
85 16 9227
96 97 5609
86 63 6755
43 87 8314
96 56 6288
12 84 600
74 84 9917
55 87 6555
81 70 9440
86 59 7063
89 72 3075
17 56 1466
7 43 6872
90 16 7139
25 44 67
10 75 5206
84 3 655
12 4 7034
78 16 9475
25 32 9841
97 17 5168
71 40 6214
97 32 4740
95 30 5080
52 59 3009
84 80 6429
89 70 5567
97 46 1062
7 72 751
86 78 1429
50 67 2282
76 91 6329
81 8 3390
88 75 5388
48 51 4642
40 94 6029
71 18 2339
23 88 910
96 29 2583
50 72 1778
53 44 4325
41 24 5657
98 86 3243
69 44 7548
74 34 9148
12 67 3310
4 56 2754
79 58 6154
44 46 6695
29 57 8580
98 48 5995
40 14 8215
87 1 4793
2 98 7086
2 26 3294
77 56 7801
41 13 9866
74 61 5212
15 32 8862
38 79 6968
42 43 6641
1 11 7495
51 70 3296
28 52 6382
19 88 9234
49 40 4289
42 1 2410
61 26 1572
83 26 1551
93 80 4992
51 17 3349
61 91 2227
81 15 7001
51 32 6592
49 69 9774
33 47 2500
19 55 6253
23 4 2527
28 80 5005
50 36 2947
97 80 1106
15 79 999
12 80 1161
99 59 2251
36 93 4437
68 1 807
64 36 51
15 58 4302
94 56 6018
22 34 5265
31 63 1270
37 3 9010
82 11 9111
81 9 917
21 61 5391
21 53 8345
77 33 1558
48 97 7800
12 73 9916
83 27 3108
84 15 9144
2 57 3265
49 3 1686
1 100 6144
19 17 6208
10 9 1459
65 34 4995
29 91 2460
83 35 3986
6 57 9999
36 78 5406
55 66 1443
71 82 998
62 10 2919
15 13 3693
38 43 1786
57 88 3725
28 10 96
99 33 6087
11 90 6094
15 75 1712
41 94 3708
92 11 1456
81 14 822
100 10 4625
88 53 3198
60 63 9166
76 39 2534
60 15 998
97 8 9082
92 17 1993
62 41 6493
62 33 8698
83 41 3678
1 46 2636
11 89 4905
1 32 5136
48 80 7630
84 68 3716
60 9 5473
19 14 7628
42 8 9121
81 53 6916
57 54 4977
13 17 8391
94 8 6960
7 49 3114
21 57 2115
62 24 3407
80 9 9201
83 58 4561
7 68 5118
83 15 9260
89 90 6016
93 75 5940
28 68 3884
2 38 9213
42 92 1457
76 6 2769
50 63 6562
51 30 538
100 95 4761
35 56 3054
45 41 5587
41 14 8438
45 18 2041
71 52 6843
71 59 3574
65 90 6022
76 32 558
29 70 5398
76 61 2
42 87 9679
2 96 2313
45 43 1330
35 79 4421
14 1 5625
74 23 4444
71 78 6536
81 90 9031
77 80 3644
23 14 7448
60 26 501
12 40 2903
33 1 3463
33 80 6440
31 33 3139
62 73 9027
88 16 4248
83 30 5907
49 41 1941
95 26 1138
45 30 7020
77 18 4994
64 27 6724
88 90 5457
78 59 7035
24 8 3567
7 41 5382
27 8 9408
19 46 4124
57 44 780
74 92 9409
61 3 154
55 17 9444
21 97 739
62 56 4575
99 70 1420
17 73 5182
19 89 7462
7 84 6803
52 39 5177
12 35 4909
47 41 7303
36 72 4431
40 63 4723
100 88 94
50 44 7569
48 33 101
31 15 4341
96 15 9828
90 46 2041
45 96 5478
12 24 3199
53 18 3387
91 54 2202
82 53 8655
67 47 6773
7 98 2120
98 85 389
7 74 6180
56 59 6243
48 52 7520
81 60 5589
86 88 2749
31 58 3315
49 61 2679
45 6 7323
100 82 4735
38 68 7860
78 13 1136
10 66 1537
97 93 9388
31 98 2396
48 86 5191
24 87 3818
67 6 3470
43 40 5284
97 19 7739
11 70 3570
5 32 9624
51 8 3918
96 1 1963
22 87 1454
85 78 7116
12 79 5349
75 27 7
22 57 2122
77 36 2121
1 63 2126
50 32 2510
77 63 8300
100 65 4720
93 63 6381
50 24 240
99 35 7468
76 77 9696
73 32 9270
91 80 1142
4 5 782
50 28 7129
50 93 2277
74 66 8670
48 39 2868
52 26 1024
21 16 3860
6 55 6686
27 18 4493
90 59 5495
93 70 4424
74 16 4415
73 58 5118
36 25 8341
13 46 6377
35 37 2923
29 44 5456
57 72 8077
82 44 2929
76 26 3929
68 59 197
99 15 5054
21 68 6439
99 43 4848
28 41 9774
33 51 9171
12 51 1440
77 55 7241
96 85 5218
86 62 709
4 69 8383
62 87 5999
28 95 4190
99 86 7011
96 63 1020
96 51 7057
72 63 8035
97 1 4879
42 28 3742
97 90 8879
98 62 373
66 90 4517
40 72 3293
4 55 1843
74 86 9209
94 59 6021
76 43 4765
25 11 1016
40 60 4097
91 18 7694
2 48 4945
7 48 645
95 90 9099
6 84 7735
42 73 5493
35 66 8872
19 40 6905
60 54 6932
42 34 2465
62 22 2123
21 93 7640
64 80 7199
79 3 4473
60 82 1829
31 40 561
82 87 5493
90 20 8886
61 82 4947
66 16 6723
100 97 8979
83 66 3826
65 53 7096
76 22 3496
6 75 3470
36 18 5290
2 56 2704
17 87 9491
21 13 54
2 67 3720
99 40 9939
85 68 4099
67 40 5016
20 3 584
98 51 9550
62 84 2750
49 73 6076
98 44 8421
57 65 9654
49 82 9359
5 9 7237
74 49 8128
21 49 6998
28 83 4435
88 79 2601
47 1 5179
1 91 4996
85 41 4445
21 63 4064
99 69 6294
40 82 1167
100 89 9394
40 9 119
28 72 4614
38 20 2889
12 8 9941
53 73 9903
60 37 1945
38 29 5783
9 30 6309
13 34 2016
19 66 5721
57 89 6759
55 1 7031
1 73 2656
67 89 6308
67 35 9780
23 96 5083
70 8 1081
62 26 5785
14 24 4441
76 17 8317
2 62 3913
57 52 7791
94 20 9104
6 70 2865
30 18 2969
61 5 451
91 72 3661
72 58 3384
40 80 6744
40 18 4827
6 54 2777
28 73 6863
45 93 5793
45 49 2018
13 79 3155
96 58 2047
23 6 314
64 48 8937
95 73 8355
4 14 2329
36 24 4657
49 71 5114
62 63 5711
31 85 7313
95 44 7773
47 94 1842
80 14 2395
5 14 8853
36 44 7626
21 66 3188
66 54 3522
95 6 7890
84 30 978
79 87 2625
64 100 7106
1 83 298
91 14 3075
71 39 766
12 97 3681
93 88 9818
73 44 1945
25 30 2809
91 58 3032
49 30 4089
38 67 4826
96 70 6186
56 63 6135
17 70 1491
47 18 5122
89 8 4490
66 46 3819
85 39 6131
48 62 5955
15 46 5881
23 97 9795
84 10 79
32 46 7722
15 39 8541
29 47 8932
17 58 1700
29 92 1728
9 46 2453
31 20 9589
6 25 2705
61 16 1429
22 33 3047
21 3 3002
38 66 4503
55 70 164
12 100 3034
92 51 672
97 22 8460
82 14 5843
45 95 56
37 34 2548
53 72 7020
79 26 6241
96 17 8683
50 6 8511
93 11 7715
72 90 9524
93 69 8681
10 34 197
98 11 1830
25 91 4562
36 59 9991
62 34 1908
49 10 8635
5 39 8531
38 70 7191
40 59 334
64 59 259
26 46 9643
64 92 6275
97 3 9315
50 73 1071
71 87 9321
45 38 8669
56 58 1925
82 27 9484
99 48 1702
38 93 2597
85 70 7944
51 79 7544
59 32 2652
43 90 6843
79 54 916
71 24 5244
81 30 5525
29 84 9426
51 52 9310
34 54 1400
7 16 8106
18 3 9506
30 58 3229
3 32 9019
89 58 9496
45 56 5137
49 39 7654
1 4 4379
99 58 2327
84 91 4339
82 30 4637
42 69 8322
65 3 613
11 1 303
44 16 5744
49 70 6285
80 53 8971
15 69 7669
56 26 2121
65 58 673
95 92 6617
98 1 6416
49 57 4568
96 55 5620
57 69 3258
28 60 5483
27 56 7215
78 30 5135
57 73 1260
50 79 6525
1 58 6534
62 66 5718
65 73 6030
7 58 9763
33 59 4736
28 43 1878
50 80 1251
64 98 8741
99 83 2608
89 9 9929
7 3 9432
13 75 7244
60 3 8250
64 43 44
40 70 7546
71 53 3994
59 3 2681
98 24 2869
91 46 8014
78 44 4801
51 44 3541
88 26 4630
22 89 1216
40 39 4460
97 87 6601
22 4 825
65 44 9943
70 46 3815
55 10 5959
55 39 1202
8 32 339
71 68 2493
33 30 6919
2 19 2721
25 52 8607
49 68 8007
18 1 950
14 75 9857
65 91 3099
27 59 3557
37 13 6137
2 16 2530
31 19 7152
40 89 4387
81 88 8926
88 27 1049
64 73 4732
92 35 7958
71 37 3917
43 65 2745
50 8 2758
95 55 3809
83 51 3726
61 35 325
13 63 8269
48 53 326
98 87 1149
97 11 8211
38 76 492
84 1 7108
6 89 5764
60 90 831
74 40 5952
42 77 9035
60 70 9903
64 11 4558
91 55 3393
60 13 852
97 62 766
53 32 2843
19 8 4408
78 52 6902
36 92 1725
1 85 1559
71 69 7640
28 93 7002
30 59 2607
23 61 8723
1 42 4959
40 84 2876
40 78 7819
64 32 7716
97 71 6684
42 24 1544
70 63 8040
28 86 4952
49 51 8221
78 73 5540
28 5 9514
1 72 8713
55 27 2647
64 89 1630
67 27 5895
22 79 8598
51 55 664
67 53 5797
99 76 9507
99 54 408
48 25 3000
51 34 6624
45 8 3250
91 9 7407
78 55 9878
65 24 1326
74 88 5317
15 72 7517
28 19 8327
86 22 4275
67 91 6240
50 90 3285
60 27 7150
47 46 4058
21 65 7352
95 66 186
22 73 1954
27 20 1743
50 26 5137
92 61 6526
82 72 7283
55 52 1003
1 36 1590
74 77 9929
95 80 2632
77 27 7484
81 22 4879
42 96 9647
60 68 9632
50 82 737
62 78 54
48 8 2631
97 30 7361
16 46 9655
29 19 6389
82 54 7238
85 8 981
92 83 1705
17 8 1106
76 93 5659
50 86 2332
35 41 3697
77 97 8944
64 60 5833
8 1 4107
63 46 2647
64 87 6018
31 43 2412
74 65 4390
48 19 7507
100 96 8937
31 60 1672
45 51 8509
55 53 527
76 46 7952
33 63 1140
84 8 4362
63 18 9182
95 62 786
97 27 346
39 46 6271
45 15 7191
99 78 2976
48 4 3631
39 59 3197
99 5 5717
50 97 7220
31 21 529
30 70 7421
61 41 4677
91 63 6188
1 80 6104
65 59 8374
51 13 1483
45 78 1937
77 20 8832
19 60 4129
7 55 4306
2 18 1243
6 19 4870
86 70 1812
77 87 179
7 8 2893
29 25 320
31 59 7057
61 4 7197
33 90 7811
5 3 7771
25 22 2730
69 54 4948
5 72 8116
91 10 9000
28 33 2138
100 53 7443
99 23 8982
70 44 1687
49 28 3159
77 8 2553
96 86 2215
28 40 6932
34 17 7230
89 16 4754
16 18 9387
45 98 1955
62 89 2588
15 5 7675
2 84 786
82 73 3069
97 43 1981
82 39 2028
77 92 7938
97 44 3792
50 53 8558
64 25 7183
29 39 464
83 88 1967
74 57 4379
86 13 8274
47 5 9737
6 79 3460
43 10 3222
64 34 4204
94 54 2460
85 20 1711
13 32 7998
28 13 1441
60 1 3397
14 26 7509
86 1 3994
86 39 1964
34 18 792
13 56 7575
41 18 6717
66 68 178
100 60 9529
7 77 9305
6 90 7853
30 46 6666
85 88 2373
68 87 6185
4 52 8693
68 26 6662
19 54 6328
77 94 3602
48 61 3844
48 59 6791
100 8 5568
12 5 4574
98 57 1417
28 11 1656
45 87 8034
23 38 990
50 59 5859
66 70 6845
38 13 2700
79 72 209
38 44 8285
64 26 2449
33 94 7717
43 34 8630
12 98 4412
36 37 8508
69 3 2556
25 56 7480
13 87 5037
33 44 2084
23 30 3136
28 77 9241
80 3 5101
19 72 1860
7 96 5425
66 17 3793
67 97 4874
77 86 1753
97 41 7395
43 86 5069
74 82 4895
77 69 9314
31 27 9643
41 63 6311
51 5 970
42 44 4028
79 18 7300
52 17 6828
13 58 872
45 14 6352
13 72 3388
10 56 5508
43 82 5152
98 82 1104
66 52 490
60 75 5915
74 89 5963
97 6 3045
85 47 3394
88 94 7352
74 25 1481
78 14 2882
48 44 6592
67 17 6581
93 87 1093
81 73 2017
60 79 6726
6 82 5966
19 58 121
42 58 472
82 24 1035
43 91 5015
96 52 9785
66 8 7029
94 9 7678
96 59 7106
1 47 1056
52 58 1329
1 29 286
1 95 8279
38 97 7680
33 10 3673
21 94 138
33 88 9183
17 26 1129
57 26 627
95 5 5097
100 39 7091
5 18 24
81 24 4843
57 1 4442
92 80 7856
97 55 7724
57 46 7386
98 72 788
22 52 8816
47 14 5754
74 9 7513
100 67 1134
83 37 5874
42 31 4336
43 51 8520
15 27 7240
25 1 473
99 98 5548
93 61 4917
92 6 7578
77 29 2955
21 86 6246
23 56 7863
19 44 1233
75 9 277
12 95 1536
42 95 1370
92 27 9460
2 32 2664
86 10 8349
50 21 4556
19 39 6106
85 3 8372
16 32 9398
64 45 6900
31 35 6227
80 27 3473
61 84 4285
7 19 3366
2 88 8641
97 51 38
35 34 879
12 69 9774
28 85 2263
38 62 1566
57 24 8293
2 85 9502
17 79 2038
75 90 192
58 3 771
77 14 5968
36 32 3146
4 73 7016
47 17 182
85 53 730
12 72 7292
76 56 1717
5 16 2099
74 59 3103
42 71 732
2 66 6799
67 30 4011
91 53 3190
42 5 5170
67 61 3408
78 27 89
71 65 7748
29 72 3233
36 71 725
9 24 1114
4 8 1873
1 43 762
45 72 8344
23 71 7998
48 13 9376
96 69 6261
96 16 2642
83 90 8877
31 46 4651
45 9 9185
99 44 9647
77 82 618
17 80 87 78 64 96
