100 5049 6
39 56 4033
69 95 3355
17 78 6495
46 79 880
81 64 9482
62 13 3244
29 11 2037
27 31 2541
81 94 6921
53 90 6218
97 95 395
68 64 7181
74 88 3962
1 18 2191
47 27 4086
37 20 2803
36 85 1571
100 71 1602
50 49 8680
46 72 4202
35 23 3524
46 11 4827
2 76 1845
89 58 8348
99 38 5285
15 80 6102
77 19 4798
74 26 7264
47 99 961
41 31 6455
33 69 3867
14 54 1345
24 77 6161
35 36 6713
7 25 8576
41 100 1994
48 30 6308
57 11 612
82 57 4534
28 25 3229
89 96 6830
99 21 4928
4 50 409
39 11 7143
24 67 3470
39 17 846
3 43 9945
7 77 1393
86 52 2448
76 48 4976
17 19 5594
16 73 2323
10 38 6155
33 81 7438
54 20 7023
39 69 7791
27 79 9891
8 96 1820
38 20 5054
37 45 851
28 78 4626
60 15 5272
18 58 2195
64 78 787
8 86 1984
37 53 770
4 28 2780
28 76 4643
68 77 7733
82 45 3666
81 21 7871
74 55 4562
7 95 4945
70 95 4632
55 40 1705
15 45 4767
2 53 5477
23 77 8001
89 87 6159
96 67 4276
95 21 9329
66 15 1752
17 25 6599
55 22 5483
80 25 9189
32 5 3621
66 22 3273
62 87 9079
74 83 1792
99 92 4678
21 19 9929
62 92 6418
86 89 9949
49 51 8475
60 99 3556
62 15 8284
93 84 5596
60 42 2687
44 37 9278
3 90 3328
32 26 2704
13 61 7149
44 61 4242
4 3 4001
18 9 1780
86 32 5946
36 5 8767
11 33 3608
74 63 298
20 84 4925
28 26 7884
7 24 5978
99 72 6676
56 70 834
36 97 1460
66 43 5864
82 98 806
67 77 1084
50 48 1294
82 40 2597
36 77 2113
35 93 7574
93 83 5366
23 34 8413
14 20 6048
86 30 5273
74 97 6696
29 51 7995
93 80 4312
8 5 5974
33 84 1322
50 62 7015
24 33 9474
49 28 5563
87 58 1015
50 57 7605
35 17 7860
30 61 6133
75 81 1212
57 43 4510
35 90 1057
90 20 5447
25 96 487
28 24 4084
89 22 6280
3 68 8299
85 38 9947
1 11 3437
47 48 5734
37 71 7592
24 95 6034
56 13 7847
76 32 5165
1 80 7751
37 64 6259
76 33 7564
24 79 9376
36 17 9307
64 63 1910
4 95 3687
62 68 1632
38 53 3232
63 21 7053
14 13 1105
73 12 5146
48 23 4420
45 54 5061
55 45 9358
9 30 552
45 12 2624
85 78 3867
44 20 1609
17 83 8071
8 94 705
46 93 5692
80 94 702
94 67 9003
57 78 1991
51 56 4139
8 17 4737
2 45 5934
99 81 6524
50 88 8935
29 65 7451
86 5 626
50 35 5193
5 20 1366
18 59 1
86 35 4499
1 47 3276
100 98 3687
51 98 2482
91 63 2859
42 40 740
51 69 3586
51 59 8004
60 25 5159
8 45 4998
3 79 7361
45 70 2062
37 82 7622
72 98 7579
9 79 3670
97 20 2044
22 69 8284
51 66 5714
90 69 2745
39 21 3638
88 43 4056
72 83 3235
3 24 8374
9 66 9989
41 26 6110
92 5 3660
39 68 7439
74 99 6736
42 96 8853
3 95 5157
18 26 3088
60 33 9703
44 43 8432
8 14 3127
82 23 2185
29 67 1290
42 69 3866
3 76 2122
1 69 5645
39 13 5376
10 88 7120
89 32 3006
79 95 3789
100 20 4741
41 95 6936
22 53 7459
15 38 6784
47 83 5219
54 23 9524
41 54 5880
70 84 8857
76 87 9931
44 88 5467
2 99 3582
28 54 6271
49 43 1576
36 42 7242
37 22 62
72 90 4663
88 96 2446
37 9 5218
80 91 7751
32 73 8500
36 25 3649
24 54 877
34 98 7036
27 63 4938
35 85 1094
39 75 9158
76 19 582
73 1 2821
4 94 2629
60 17 9939
3 32 6609
57 40 7369
47 20 3227
61 6 419
49 41 504
83 43 8445
4 14 9942
18 54 2735
88 12 3653
40 90 6224
96 1 8201
28 87 3587
41 30 2495
33 67 9777
46 66 7180
42 43 2556
2 43 791
7 61 5977
33 70 7773
56 43 8541
47 1 4476
1 56 1421
24 21 9417
93 25 1512
26 71 2710
76 42 6862
59 24 7021
38 90 9643
10 64 9682
34 95 9649
8 75 5934
59 63 6291
39 97 7017
2 21 9160
35 21 6709
77 20 3872
97 83 3956
32 19 3003
51 55 6606
45 73 3961
36 61 5578
8 95 1159
10 43 3899
59 95 8072
8 90 935
28 94 1078
7 15 627
4 99 1725
11 88 3406
39 66 8399
3 87 6618
75 20 7881
29 83 6171
16 69 2386
15 30 5744
46 78 5232
88 34 9248
16 53 2764
36 30 4875
48 13 8929
32 61 2412
50 9 7160
2 59 1571
85 33 5780
27 97 6319
4 72 4632
70 61 6003
56 33 6626
28 20 3986
52 90 8961
49 30 586
89 36 9563
59 80 119
93 21 4484
76 83 7635
86 18 1053
11 73 1913
36 93 4613
24 73 9129
79 5 5318
16 66 9364
4 31 2098
37 41 3199
94 64 5534
93 12 4484
100 31 5294
34 67 7118
45 5 83
59 34 8058
49 35 1992
7 30 5363
51 40 6821
38 25 5503
41 15 6934
60 11 8953
44 25 1821
8 98 1565
76 45 4955
34 43 8446
16 80 1902
60 30 3915
4 13 9032
37 32 1464
27 33 4033
3 88 9867
62 83 9098
10 46 1437
37 48 1780
1 32 63
4 12 6918
3 47 7097
59 14 9426
44 28 9015
69 43 6647
73 96 1311
4 76 9850
76 85 1941
36 40 8428
82 80 9932
55 67 6350
88 77 6771
47 22 5295
57 64 9522
99 23 2273
89 30 2228
80 71 8474
60 31 4093
100 45 144
93 5 9781
49 26 8891
23 69 2045
37 59 3695
85 97 4274
62 84 9860
30 5 4080
7 48 4140
35 13 5310
9 81 5516
54 90 2271
62 57 5372
49 22 8785
10 18 9368
87 72 4797
46 23 7800
1 3 2366
34 19 6107
75 11 7649
46 3 658
34 71 4535
70 5 3933
37 65 7007
89 55 1305
86 73 9227
50 100 6529
78 6 9930
50 56 7806
17 64 1354
80 78 4022
3 89 4301
80 34 1134
49 25 9264
87 100 2697
12 58 4829
99 98 3537
9 90 2556
1 79 5260
99 54 4029
39 23 7865
22 19 775
1 5 6299
30 77 3236
42 71 5912
46 68 2018
37 56 4384
9 45 3711
39 92 4384
46 32 491
41 63 7711
62 80 5041
72 25 1377
89 12 1643
50 74 2048
40 52 9033
2 71 7221
76 25 4928
28 13 8962
44 59 5026
64 5 6281
38 30 2984
47 33 9326
4 23 3767
56 85 8599
100 90 2022
52 13 8595
93 98 2136
9 34 4578
46 50 3854
44 51 6164
3 64 8794
26 84 980
17 23 8814
86 48 8382
17 90 6891
50 15 832
67 70 2765
41 25 6953
48 71 5215
29 1 3255
64 58 1016
30 78 6607
32 96 983
85 63 9010
76 34 5006
47 17 16
17 77 6231
52 77 9933
75 85 8977
14 72 7608
15 52 2566
31 1 8312
8 55 6934
18 21 6332
61 20 6911
56 63 5307
7 26 1278
46 15 5398
93 88 9884
40 95 1483
70 77 7913
24 88 5030
40 21 8814
16 42 6726
1 12 3411
76 94 2057
46 51 3909
39 58 6175
29 18 5361
73 25 5475
17 7 5782
45 25 6376
18 41 2082
100 21 3116
51 13 1738
4 20 7087
39 32 3131
91 95 7968
36 95 3372
97 13 8460
77 12 1927
74 32 5937
65 88 6771
54 42 8860
13 12 8620
28 69 33
8 41 4167
24 83 9897
2 96 5430
8 89 402
79 20 7731
25 97 9694
87 34 1783
55 90 6544
74 57 6420
99 22 5193
9 85 8600
36 83 6680
1 44 7720
39 18 313
45 69 2155
39 52 9853
28 72 6688
20 6 4236
95 83 2968
72 21 8425
48 53 1322
94 1 2451
68 70 2744
62 7 4693
10 97 910
29 87 4671
47 62 6981
85 69 7680
22 52 9882
86 27 1952
85 34 4065
46 58 400
31 20 1848
69 83 5846
51 76 7154
51 79 5930
57 19 5540
88 63 8936
9 7 8826
17 30 8311
31 79 481
49 93 3777
66 82 4990
51 41 8200
36 70 4089
2 66 7144
4 51 4404
89 35 777
18 31 7731
44 86 7371
14 34 5553
8 93 9053
55 11 9821
89 94 4649
60 93 97
93 85 730
91 58 5671
47 59 3430
93 11 4762
45 52 5552
12 6 5381
1 33 5178
29 39 5952
42 78 3581
74 100 1023
66 72 9457
47 23 9510
66 19 2914
60 71 8392
28 63 8335
3 13 1224
50 14 8872
47 68 2112
12 84 2566
76 84 3423
2 13 2552
50 67 6061
10 56 7826
57 68 3328
1 42 3792
18 1 1549
11 84 5233
44 94 9196
3 41 7721
22 94 9881
44 14 5644
25 67 4803
88 5 5551
92 58 9073
44 42 5916
59 88 7454
17 55 4454
10 7 1093
46 13 9757
36 90 8034
14 94 2115
1 90 9213
10 92 3895
16 88 5029
38 42 3957
63 78 8582
49 72 2604
35 99 9180
97 84 7045
4 63 5169
57 26 2603
49 68 9596
59 70 1230
10 58 6780
81 6 9276
30 58 1373
46 53 4680
39 6 860
44 1 568
31 98 2401
53 23 740
4 18 6211
92 83 7203
27 15 2642
11 30 1636
76 15 3118
22 61 6447
66 77 6089
1 45 562
57 85 6204
52 67 474
7 20 2676
85 96 5416
14 80 720
11 40 4056
49 17 9372
1 48 5653
3 100 3012
73 91 8552
27 71 2697
55 56 8180
46 5 7506
57 83 8645
51 63 5761
7 90 637
59 20 7920
35 45 3485
3 23 5317
27 78 5131
46 59 4052
15 26 4069
50 84 2222
99 78 6615
52 19 7623
8 67 4863
42 25 8250
4 79 7092
7 38 1309
28 61 690
46 69 7653
3 74 3864
75 33 7515
17 97 6680
95 43 5632
85 94 4586
28 5 736
39 59 1355
37 66 239
28 36 99
90 83 6258
50 73 2935
93 7 4630
25 43 3763
44 26 1579
17 26 391
28 53 752
2 51 5850
8 81 227
3 93 2420
24 61 980
69 78 4279
33 13 6488
3 57 3201
28 48 7245
82 5 4110
93 41 4415
37 94 1846
80 54 1201
3 91 2076
1 4 8887
52 71 8853
27 72 5939
46 85 6401
15 1 5532
59 19 7922
3 97 986
25 79 2619
57 53 9277
33 90 1224
10 28 9069
4 71 5534
8 69 511
54 69 3699
75 34 5649
42 34 8441
55 48 441
80 13 2752
95 12 4291
17 81 667
35 98 5171
29 77 1622
3 6 1297
65 53 1658
7 40 1175
69 20 8541
11 38 2119
8 11 1941
47 74 6738
59 52 3319
88 90 4016
43 19 5624
62 72 8523
16 68 6307
51 48 2024
14 79 406
5 98 4228
9 25 9362
50 7 9377
24 23 9856
46 37 6937
11 80 8445
78 58 5390
60 96 7447
59 81 2143
82 63 7390
16 76 5888
50 83 8935
1 62 141
62 21 6530
18 24 9602
9 41 5311
18 95 4503
9 55 898
66 76 3320
65 6 5677
9 88 5791
39 71 5438
51 99 7618
85 43 2528
64 70 5108
66 94 7985
39 48 4504
86 80 9982
17 96 4291
14 93 6527
72 38 387
6 19 4871
27 70 2240
61 21 6115
46 61 4726
46 82 9177
49 74 912
2 48 6467
4 46 6623
94 6 3054
39 67 208
36 84 8862
22 96 8341
34 1 348
80 81 5391
27 95 7942
31 54 2010
49 6 6246
99 77 5191
35 15 1681
25 90 1922
2 22 981
15 42 7118
13 43 5891
60 83 9861
62 54 8577
75 64 3876
51 70 4364
89 20 8558
44 89 4518
81 70 7242
35 81 5297
3 66 9388
93 42 9482
93 79 7763
46 16 466
93 43 5010
46 29 8674
74 1 3284
48 83 7984
41 91 8080
84 1 3492
76 43 6846
31 83 6420
24 12 191
59 93 8588
64 30 4361
60 9 8553
75 55 4833
62 76 9551
46 35 233
55 54 3107
100 19 6884
29 52 3703
54 92 8997
32 33 6744
1 99 8631
37 81 2872
10 45 7459
89 15 3541
17 24 3742
26 69 4700
49 56 8837
30 83 9481
75 5 533
30 6 2951
29 49 9946
28 1 5542
66 56 1625
9 6 9582
52 95 3526
60 58 9704
7 13 9425
82 71 6723
26 98 2475
54 79 5967
54 78 5310
51 17 6835
51 5 4519
87 5 143
10 57 2737
3 80 1104
14 87 3249
62 59 5972
24 98 1158
99 25 8597
1 82 2715
53 71 9788
41 33 7821
39 24 6525
39 54 3328
65 90 1562
35 80 1225
51 82 8516
24 91 1042
74 76 8109
62 38 1467
21 43 7340
45 96 3
41 40 3091
4 86 6921
66 79 3528
22 21 9146
36 88 6345
18 43 6602
85 77 1620
14 70 2311
76 1 1911
35 57 4806
65 63 3182
37 60 8405
67 69 3894
60 6 637
27 38 8005
49 62 9866
93 91 1794
81 84 2954
99 31 8932
89 13 7933
3 53 774
48 96 5457
3 65 1261
55 57 2335
32 34 3033
67 90 6128
81 1 3376
29 50 1141
3 67 7594
82 26 715
27 81 1143
62 81 7036
16 57 3987
77 58 1022
34 97 2533
13 83 6683
49 60 3975
29 92 4152
24 45 5346
14 63 5886
1 58 5309
52 63 8527
47 85 642
1 41 5555
10 77 9163
100 54 4999
10 78 5420
67 43 7308
64 79 7952
39 79 4351
99 27 5240
23 1 8725
47 30 6159
14 11 2852
74 48 1059
41 57 9191
35 26 5332
28 97 786
97 12 332
34 64 2925
86 19 7853
10 16 7826
44 84 6313
62 42 8191
1 57 5200
9 58 8845
14 98 4874
31 72 9174
9 78 9349
74 77 219
16 83 1411
37 80 1009
100 53 8745
31 85 2053
7 53 6563
40 70 4259
24 80 3403
56 80 1982
8 15 7918
11 81 1354
39 77 2685
45 67 9509
56 15 6430
73 71 8843
7 5 2361
39 7 3840
62 51 8034
78 19 7692
39 15 977
27 11 4717
75 78 6968
32 67 8829
16 92 8894
87 71 9632
29 98 3372
14 31 445
34 79 8477
59 9 8245
48 26 9619
9 56 4177
74 9 8463
25 70 1029
15 11 5185
55 26 3559
76 68 9433
69 12 8100
32 42 4169
100 24 9187
73 83 81
28 40 8438
41 73 540
22 26 9117
45 72 7946
55 12 3321
33 95 7960
72 81 6658
41 6 7160
38 63 2345
74 91 701
11 1 8137
86 36 3413
7 19 7669
100 58 3317
41 61 2306
60 62 3652
46 9 6688
57 88 2751
75 48 8480
29 88 4932
86 88 8721
80 26 2656
94 21 9746
89 75 6101
31 80 4193
46 25 9656
31 97 1886
49 23 2292
26 5 176
42 12 1072
53 94 8724
59 82 8613
4 56 7964
74 65 7841
55 78 6559
99 58 1284
55 87 2152
37 62 3216
23 63 4796
85 23 4496
50 17 3917
86 68 2932
2 90 4260
10 36 7937
8 51 6248
50 21 6565
44 17 1588
32 92 9288
93 61 5667
91 1 68
45 43 571
53 30 739
46 33 9075
28 42 317
89 65 6840
48 33 3267
14 52 6324
40 77 5077
50 20 5558
73 6 6500
42 20 6148
18 57 634
45 88 5112
46 20 4111
4 100 8474
39 73 1670
51 43 1747
17 99 625
73 30 4886
32 41 6542
74 24 1472
9 95 5154
60 88 5825
97 58 5731
17 61 3090
4 5 8424
86 49 8647
47 55 1029
60 75 7711
1 53 666
88 64 7448
29 81 8282
70 12 1404
73 70 6523
92 6 4950
47 40 4595
71 6 6141
14 15 1273
2 77 9671
17 13 8051
36 15 7772
16 64 5819
51 42 8684
44 82 2884
46 87 6281
76 70 7157
82 54 905
79 69 4379
44 78 4133
14 85 2142
26 83 7272
32 56 5604
26 21 7295
94 34 3096
91 40 1334
40 71 6736
87 45 1520
53 26 9980
45 90 7765
31 96 5582
36 94 6997
27 58 1564
88 58 215
71 20 8401
78 21 8086
32 7 1516
38 97 2995
38 21 4227
50 75 2789
32 69 9018
3 38 8629
34 78 6912
91 70 4836
10 66 7312
17 15 6147
2 17 7468
7 67 4468
100 42 7052
68 90 1847
100 67 4952
25 30 5545
41 79 9118
66 52 555
24 6 2840
53 70 8566
65 79 8240
52 1 5927
2 20 6437
75 92 4571
8 46 43
60 84 2018
29 86 1568
8 60 1607
49 16 8585
8 80 6320
13 5 6044
81 52 100
66 24 9314
14 66 6622
29 94 2888
48 94 8331
17 66 5250
14 22 6152
85 26 9518
49 15 2561
7 27 8650
41 11 3338
77 1 3380
100 70 2053
3 99 1536
62 48 8331
4 7 7598
1 93 653
3 17 5237
28 15 437
67 20 5570
18 75 3476
99 13 6363
53 64 2006
60 85 8047
49 55 6406
63 77 376
39 84 5966
67 83 4364
39 40 8960
2 34 2285
72 91 407
21 12 9059
35 39 7950
14 76 7029
78 43 8299
26 63 2633
29 95 2278
88 78 4450
47 78 8502
55 83 4839
11 96 9451
36 14 1839
81 12 4570
32 21 1504
28 23 3374
56 6 2901
38 71 9101
92 30 379
53 54 8137
22 40 9537
2 81 5948
50 22 7965
64 43 2251
50 43 4306
39 95 2363
51 77 5008
93 52 4681
45 30 8328
1 100 5723
92 61 3640
92 96 6964
32 81 6130
8 68 2698
80 95 4913
92 67 3158
39 72 7348
29 15 3897
65 31 1787
57 81 8149
94 83 2399
21 1 2977
17 41 7600
70 19 4237
40 5 7547
66 96 9103
49 19 7611
26 34 6799
86 13 8203
52 69 4341
63 20 1287
56 64 4091
93 68 288
16 59 5603
14 27 2693
4 16 945
51 93 7965
1 85 4053
18 92 5625
56 21 2644
52 94 9775
2 86 9264
37 96 9607
58 1 5904
31 61 8314
36 78 872
32 77 5413
2 58 5661
14 1 4768
37 17 3552
35 11 162
18 91 7166
65 68 6528
100 64 7761
8 49 7755
75 72 426
68 63 6863
19 1 1717
59 97 3576
36 59 1417
2 24 6057
3 51 4863
27 94 5507
8 26 2696
2 28 465
16 52 4551
82 77 3641
4 69 4782
87 95 8603
22 43 9265
75 79 7425
66 71 8378
14 97 4881
48 19 3384
23 30 633
99 79 9546
89 77 607
24 38 2398
9 63 5206
49 21 1726
42 67 5949
72 84 5367
86 60 8892
51 54 8828
28 17 9479
75 24 2998
26 81 5606
38 6 6341
1 91 4714
80 64 9181
50 61 7757
47 71 770
40 23 395
37 88 9615
65 78 3465
29 69 7212
18 7 4166
28 64 7105
27 61 1993
4 97 9120
27 45 2722
39 87 5769
46 73 7497
35 67 7602
24 71 5504
39 78 8130
1 29 7147
1 15 6110
67 79 6879
89 7 8704
59 31 7836
29 13 2827
93 56 423
2 23 3079
46 96 1654
48 69 9901
28 80 6076
96 13 7259
89 33 2594
89 61 789
57 54 2792
51 23 6702
59 1 1558
60 12 3186
8 99 2669
4 84 1374
97 19 397
27 5 3186
88 79 4831
28 57 8741
94 58 2305
50 79 7552
42 19 4510
93 100 9802
58 43 1505
45 97 13
55 95 4283
29 90 5003
16 58 2475
50 82 7513
1 7 58
28 51 310
32 43 339
89 39 6832
10 62 3388
75 58 8344
4 1 3085
32 23 5815
92 64 5603
31 12 5678
26 52 6603
33 94 4746
73 81 8731
86 63 4512
75 6 7931
17 27 1399
50 42 5885
18 11 4680
81 88 936
65 64 7067
59 73 3420
66 38 3241
22 97 4618
31 26 4281
35 30 9394
37 63 2474
16 35 646
4 78 28
2 4 3828
28 39 3120
46 42 7540
1 74 3886
16 81 3429
10 76 7878
66 58 717
89 51 3168
58 98 6221
73 33 3801
82 12 8982
15 88 8175
96 43 5830
85 84 1936
80 61 9272
81 23 913
96 63 2799
53 67 7203
96 84 8663
17 95 8683
10 79 8234
16 41 9599
41 81 5750
67 95 1653
32 88 2839
74 84 6719
72 1 2286
2 31 8584
15 58 5545
85 13 2931
9 43 8611
67 78 9372
38 69 6050
25 71 6150
29 85 3257
60 80 5830
8 50 379
1 25 326
8 19 5349
49 71 2951
92 77 478
9 13 682
8 73 7478
88 67 6308
9 87 2617
95 84 6749
47 26 3572
29 79 5415
47 77 303
23 79 2234
73 64 449
53 6 8536
46 84 1832
4 41 2550
45 81 6541
17 21 1022
26 95 5621
91 34 8826
75 40 9605
28 7 1165
74 71 1756
30 21 4567
89 23 536
17 72 4157
47 28 7068
14 26 145
3 30 9986
8 88 7446
14 45 470
10 23 5334
75 83 6749
14 71 947
59 55 6015
8 62 4226
91 19 3606
97 90 4983
65 80 7326
83 6 7177
87 98 6749
29 28 3981
9 12 9411
65 38 7197
100 80 2516
62 52 7594
51 12 6099
16 74 5408
76 22 4968
57 70 1719
91 52 585
37 11 924
4 30 2883
18 12 8692
78 71 5491
4 47 9770
37 1 2848
76 64 2558
35 12 9914
99 64 2833
28 100 6356
2 10 383
41 72 4518
50 55 3104
33 91 1330
93 57 6884
65 25 3681
36 76 1287
14 69 1866
23 98 7358
16 26 8464
46 71 8614
29 71 1338
49 7 4226
29 27 2163
87 30 206
29 47 8171
67 19 8261
26 23 1965
27 83 9490
86 57 9979
15 96 2550
66 80 414
48 11 9213
44 60 1241
9 38 5904
27 80 8982
78 84 4089
2 36 4813
3 20 8896
31 40 3273
46 45 1168
35 96 5630
18 61 7791
67 63 623
9 20 6959
50 24 4674
51 19 4303
74 42 4598
60 51 6540
17 54 1661
37 35 9413
76 54 1505
32 58 9350
36 13 9990
22 68 3667
29 58 9555
80 97 8160
44 87 1927
89 26 1520
63 61 7650
50 98 8257
86 59 421
38 54 4415
27 52 3821
87 65 1661
24 30 318
75 82 2803
8 87 5749
87 6 5130
31 67 8050
79 84 9022
14 73 6298
48 31 3679
42 61 3164
8 39 3272
93 34 6990
10 63 4189
62 20 7575
10 65 1587
59 56 7080
53 96 5587
93 45 7351
52 12 8585
17 63 4936
87 11 7340
11 92 8603
56 5 843
24 72 1851
14 23 6882
87 41 8714
86 21 9500
28 82 5138
37 90 9134
51 27 3914
42 23 5311
16 90 794
55 42 583
64 96 4465
7 52 2895
96 58 2065
89 95 2514
8 23 8268
9 65 4714
41 84 6192
55 7 7783
94 19 7985
27 64 9533
32 87 1971
94 90 5559
39 36 7471
36 57 9051
85 70 7497
45 6 4821
36 32 7635
48 61 8785
73 21 2160
80 20 2589
12 43 5979
46 99 4011
37 67 9470
69 21 4692
57 72 9862
62 14 960
75 53 177
1 50 128
10 90 6270
15 70 7322
94 78 710
50 30 734
42 84 6568
75 69 2774
16 36 3247
56 92 4835
8 35 3839
18 100 5790
2 16 2617
15 98 1824
74 51 5323
55 71 940
93 1 7382
68 91 9145
86 17 9990
9 91 1231
38 61 3966
35 64 3976
66 57 15
11 53 6125
90 1 6564
62 28 5993
55 88 135
35 66 6034
18 88 7036
8 79 6349
80 77 3345
29 43 7212
49 100 6476
1 66 9614
62 93 4533
46 14 3537
9 94 347
94 5 1101
41 19 2663
41 83 9945
8 97 2287
14 48 6501
91 94 5734
16 93 1256
16 1 8324
86 42 7408
29 60 2195
8 22 2058
47 58 6553
62 32 8536
34 90 3288
74 6 6870
99 85 8863
47 15 3302
27 54 2994
86 84 5426
37 97 5646
80 88 9481
62 79 7811
22 5 2681
85 81 5829
45 77 1155
11 98 9892
39 90 8656
18 87 7120
45 33 776
89 25 2192
62 56 7466
87 40 8228
61 5 4854
6 1 3762
10 74 6867
7 42 7707
42 63 5848
91 79 8122
70 83 6030
76 6 9607
26 92 6668
16 11 8087
76 13 2511
64 90 5203
74 18 7726
75 56 9380
25 78 417
54 40 1027
49 32 2374
76 92 2194
15 31 3024
60 41 8206
27 85 5
32 97 5704
84 19 4034
40 88 7511
86 70 1947
16 89 9041
94 97 4631
78 20 9075
55 43 1232
2 91 8448
23 83 7302
35 94 2438
16 54 2210
16 18 4168
75 52 144
39 85 4409
11 25 8641
36 48 2525
2 35 4015
60 24 1660
65 11 612
12 98 6526
2 46 3214
7 1 4689
26 12 5905
55 27 3630
22 70 2068
90 71 4630
46 36 5824
2 84 5091
47 65 2835
16 95 2180
80 79 7147
11 5 3220
2 68 6042
7 79 9093
82 67 2260
31 73 672
65 20 8167
49 36 9844
16 39 5472
10 84 1821
48 79 8633
18 42 4033
58 84 2340
1 36 5128
10 59 8441
10 6 7333
32 24 7652
61 71 8807
81 5 8992
26 96 4615
66 78 5332
80 6 2206
8 58 9304
51 75 7589
46 83 2187
1 67 1371
63 95 2218
10 27 8010
44 79 2813
42 92 1405
31 81 189
80 52 9959
35 38 4624
53 52 6231
24 64 9052
41 98 3236
50 38 3254
81 63 3570
1 14 9431
50 47 5077
44 21 5390
22 77 8063
15 73 5461
3 58 4082
31 91 9542
99 40 253
55 84 1414
20 43 7193
7 34 9060
4 70 405
10 52 8160
73 52 743
94 96 8962
45 53 7463
86 99 8331
75 96 1149
35 56 5185
46 94 6901
24 20 5510
47 82 7997
17 5 8305
48 82 2051
2 85 7956
49 40 9280
1 2 4633
2 7 3359
64 69 2515
9 5 4238
28 45 6928
51 58 1945
4 57 9315
44 12 8670
48 34 6359
73 69 1127
89 90 2751
66 42 5900
39 41 1380
41 96 516
39 91 9445
59 12 6791
36 38 920
8 32 7604
2 3 3885
39 55 6234
37 77 1418
88 1 2216
7 80 3734
86 45 6602
47 42 5468
29 38 9243
37 39 950
60 35 3772
92 78 1293
55 52 5257
29 54 3051
99 1 5925
1 55 8615
78 1 1918
16 100 163
93 23 1895
16 45 3862
75 94 5829
66 92 6916
32 13 6573
45 91 6955
39 80 9666
27 67 2472
4 88 4686
37 99 181
62 97 1916
47 84 7828
72 67 7452
59 13 5871
15 67 1713
60 14 37
24 96 7288
38 34 280
66 26 3770
29 64 241
76 30 5747
47 93 3013
87 69 1191
2 1 5870
14 33 657
11 58 6447
65 70 8920
40 78 6582
46 65 1414
89 84 837
47 87 3096
87 67 9660
98 19 1051
1 30 5276
16 33 6575
41 1 3975
82 61 2230
87 52 2592
22 71 2798
9 21 3268
22 6 9124
47 53 1066
11 79 1095
37 7 2927
7 68 6936
68 54 2807
85 52 2964
26 94 4224
72 26 9438
4 19 6733
53 73 4464
4 52 5184
37 12 6097
51 32 2006
10 93 1053
24 78 6754
15 69 4805
50 37 6325
62 67 9687
44 32 6218
11 52 3513
72 97 9134
57 73 2229
68 88 915
33 52 4409
51 61 8803
36 43 4889
51 90 2990
66 34 7746
27 98 7687
44 22 6257
13 20 6869
48 63 5104
32 78 3704
4 73 6147
34 69 2039
65 26 2862
46 56 9110
18 5 6262
87 31 2300
56 94 2195
57 77 7078
46 17 7483
24 70 4643
44 29 9083
18 96 4888
68 96 7748
68 81 3887
82 13 1212
18 71 3786
50 34 6456
10 24 4724
59 77 2919
86 79 8684
65 12 1991
65 72 7327
52 34 3838
89 97 6879
35 31 317
59 68 1583
86 90 917
32 100 2925
57 58 4803
44 16 6020
76 96 6628
1 27 7302
57 79 4411
74 25 9490
36 82 2763
60 52 7024
25 20 8141
62 85 4957
18 97 4101
27 26 1975
89 67 5952
49 99 9536
60 77 6862
60 56 51
47 57 9774
7 56 4425
4 64 3837
3 69 2582
75 7 5501
3 94 6755
29 21 1265
9 19 7491
7 83 4082
94 92 1455
41 24 721
7 97 750
36 11 9389
17 67 7990
97 1 3674
66 23 544
93 77 361
4 34 6654
18 70 7845
15 94 4771
99 30 2495
65 98 607
1 71 1795
55 94 6987
87 85 1916
99 91 2247
76 88 8961
38 58 4219
10 60 1782
8 44 2175
9 67 4269
33 77 7908
26 88 2951
99 94 8105
57 23 489
49 27 8451
62 22 4860
60 23 8105
47 12 2293
29 53 5293
93 24 9559
50 31 9366
86 58 2394
9 42 5300
25 19 7355
39 61 2419
74 90 5843
22 63 7715
41 94 9072
97 70 3687
57 38 8838
37 25 7918
35 42 645
41 82 632
81 90 4904
99 100 2560
75 95 2878
14 41 217
46 88 3130
65 30 1012
14 40 2391
93 92 7399
97 30 8919
11 54 5341
9 68 5503
36 79 5759
24 13 144
93 58 6714
74 7 3863
92 90 2436
61 1 2006
15 79 9774
13 71 1801
89 31 751
33 61 5073
14 57 5507
89 57 3170
15 95 915
57 94 9574
46 52 8593
89 63 953
100 30 8411
49 91 6511
75 91 7949
33 78 9042
91 92 7766
3 78 6861
2 72 8271
8 83 7982
80 33 9990
26 79 5634
14 30 6724
7 71 7388
13 19 904
4 67 8417
51 7 2891
46 70 6662
55 5 8560
86 11 5956
35 51 525
27 53 7347
89 100 7962
75 12 6650
14 43 5500
16 30 8712
93 96 1722
65 83 1006
86 16 8233
62 27 8988
46 30 579
36 24 6826
29 99 6292
11 61 5341
17 1 9688
39 64 4240
91 20 734
16 9 3805
17 69 1100
37 79 9005
72 20 1787
48 67 7442
44 30 990
14 64 4862
96 98 4829
86 83 1894
44 45 3278
15 90 4071
33 23 4907
50 18 1837
60 69 27
76 78 5431
48 72 9184
22 12 4340
66 1 8432
76 82 1035
47 36 9403
32 11 153
46 91 2040
42 64 7636
46 74 9140
36 96 8971
74 66 813
8 7 5431
96 5 4311
48 15 500
46 38 6023
10 55 5045
36 92 4304
44 66 7122
87 83 401
36 45 2442
28 88 4563
60 5 1390
29 7 7304
2 67 5744
97 61 3283
70 58 6933
46 43 9814
25 21 8190
65 23 8770
93 30 6192
8 21 9972
7 11 4305
49 97 531
31 58 4756
36 19 5339
8 36 6286
93 87 4908
18 66 3730
86 12 3921
62 6 400
37 75 2700
38 78 4733
74 92 2182
27 84 3363
27 23 1584
31 43 8204
14 38 8407
80 21 5887
99 33 1678
33 63 8807
62 71 4681
49 78 2592
1 39 6548
51 88 1984
69 58 8335
97 67 6183
65 91 5268
39 99 4501
91 13 724
47 35 389
50 45 692
98 20 7047
47 88 1045
37 73 7575
47 97 1802
68 58 6383
94 20 3860
53 34 6710
14 21 6465
27 19 4132
9 48 3461
87 42 5516
32 20 5216
27 48 5642
86 31 8878
88 6 6799
56 95 3846
41 56 3636
68 73 2685
11 21 5523
34 20 8794
89 71 7365
35 6 8114
16 14 5342
50 71 5700
46 80 2801
91 25 1524
40 64 7320
80 70 7301
14 25 8599
33 26 7708
51 91 4344
48 91 5645
41 21 8753
65 5 8270
82 64 7447
10 69 1487
36 73 8481
66 87 508
50 68 7951
37 57 8964
56 19 3968
37 14 3467
60 39 4179
17 32 9609
87 57 8696
76 56 977
4 59 9806
11 69 2332
100 84 14
91 30 1680
31 5 1125
33 30 3730
60 61 9794
81 83 2818
4 45 9430
29 72 8946
79 12 693
22 72 6749
95 20 6246
3 14 9291
28 21 808
37 24 6941
47 21 4936
24 94 9560
75 77 1563
36 56 8734
86 100 1047
44 70 43
68 67 5593
28 66 8997
26 13 9007
100 61 5912
50 76 8815
74 20 9537
2 37 1872
28 79 7511
56 40 514
59 22 1678
29 33 6194
62 65 527
16 99 3357
3 84 7318
75 23 4256
3 72 9502
39 81 6488
92 13 37
35 97 8447
74 28 7180
29 96 3137
10 82 1044
11 71 6471
59 42 3945
81 25 4337
48 70 7758
77 21 9856
23 94 5899
18 99 2843
51 84 902
4 36 2293
49 65 8435
55 6 6251
8 53 1299
86 37 4346
34 5 1417
10 91 7188
17 91 2569
46 97 8927
35 78 7701
30 19 4246
85 92 1472
18 77 4579
36 75 3955
8 85 5142
57 80 8834
76 53 9808
35 22 1629
69 5 5223
64 95 4607
80 12 8808
16 19 4711
48 97 5650
39 30 1630
46 48 5007
55 96 9986
35 69 9387
46 62 4863
92 95 2236
82 42 2229
56 61 5764
10 85 4529
89 99 7015
42 98 8366
49 75 2179
87 15 7712
60 7 9783
45 1 9366
56 34 281
93 15 5061
38 92 7066
79 83 878
38 12 6533
31 88 1644
13 98 4832
37 15 1674
42 79 6830
60 20 992
32 94 3302
16 21 8404
24 26 5598
75 42 8461
50 93 3114
18 69 1247
75 97 91
83 1 8121
39 98 7585
10 75 9477
45 34 2983
76 57 9820
15 71 8058
4 89 5098
51 81 700
89 73 5072
24 19 3464
14 78 2879
25 12 2784
50 80 3246
23 78 2244
74 11 9416
62 55 4658
8 34 5662
15 61 293
22 25 1190
95 78 7305
38 33 1477
53 81 9215
3 96 486
87 56 2468
70 21 8868
44 69 8889
80 42 4417
1 35 7329
44 62 8355
4 58 5663
76 90 7419
75 54 6475
28 38 9599
49 54 3247
23 21 5809
60 54 5771
47 39 7656
86 98 7258
32 6 6470
37 84 2728
65 100 721
91 43 9348
40 19 1863
47 69 318
4 85 7944
86 25 7630
34 83 4976
25 58 3605
66 68 7922
36 65 2517
36 91 7261
32 83 5750
51 24 1732
23 6 7747
39 27 4569
82 81 599
45 64 2987
80 23 8985
18 64 7927
76 58 1341
27 34 1000
44 50 1697
99 73 4167
100 11 598
82 78 1296
45 31 9975
49 85 2720
91 23 8951
24 53 3585
60 45 9190
38 64 8030
10 12 4305
74 95 4889
4 11 6244
99 45 975
9 33 9184
60 53 3873
82 25 2302
3 56 2788
65 40 8147
22 87 4818
72 40 6401
40 67 248
68 23 6549
4 54 499
62 88 4817
46 86 3500
75 21 3485
74 45 3801
59 71 1426
87 90 1178
40 58 4800
28 32 9475
94 43 5344
18 84 1750
68 19 770
53 40 1671
16 24 821
69 1 6072
41 65 5255
24 58 6362
2 18 4102
83 58 5911
35 68 1251
32 25 6697
68 97 3237
29 75 434
35 65 570
86 15 5538
22 78 9574
35 20 5068
65 48 6708
89 80 5974
1 89 5315
66 91 9608
50 90 6472
76 40 131
23 12 3107
35 40 6308
50 13 284
55 66 885
16 97 7485
44 54 1435
31 52 359
99 42 9181
86 22 9536
15 84 7480
35 7 7203
14 32 357
89 64 3551
4 24 2457
8 66 6718
44 2 4004
27 30 4719
86 39 4320
3 28 701
100 81 7956
60 72 4754
2 25 7622
85 40 3493
56 79 679
4 42 9041
38 67 6552
4 53 3004
87 38 4355
48 57 6160
1 19 9475
27 88 838
44 55 9266
15 12 5782
27 90 7473
50 28 150
81 67 9619
65 58 8907
87 78 6860
82 11 5151
29 3 8443
86 55 691
24 69 2353
36 52 8799
32 65 4242
99 70 4809
93 55 1868
17 80 4597
27 73 9527
35 73 6188
39 53 1649
59 65 3834
59 54 7293
53 13 5622
32 70 3679
75 32 7971
60 70 4662
87 73 230
11 94 974
72 61 5369
16 34 6389
2 98 6800
5 84 2558
70 78 2007
65 84 8933
10 17 30
51 11 2156
74 94 8551
72 79 5288
97 21 5368
92 71 3701
77 5 3730
22 42 6058
49 58 6053
16 13 8880
93 40 6651
51 33 7213
29 84 748
76 97 7600
93 64 3092
11 12 3287
64 98 9248
35 70 6925
73 92 579
8 18 1222
38 73 6955
31 90 8549
60 87 2235
59 43 7185
32 80 5874
44 68 7603
17 40 9925
65 85 2673
18 73 6512
23 92 1931
15 85 1605
38 23 6541
59 7 439
90 19 6508
55 19 1829
73 84 2158
3 19 6560
75 90 1910
92 98 8215
8 47 8965
31 6 7142
23 88 1218
36 9 6177
86 34 7889
35 87 8817
10 39 5620
79 61 1175
3 92 4416
2 6 8897
7 45 8105
23 70 5637
53 43 5851
2 79 6653
93 73 4224
38 26 9387
46 100 8878
37 49 1826
51 95 5664
44 18 1550
92 97 4690
58 20 7594
50 72 9506
69 6 7582
20 1 4384
93 63 2365
49 47 9410
76 100 6541
51 72 8925
26 90 7672
50 60 1108
57 92 7889
92 69 4813
89 59 2325
86 81 417
30 43 9053
75 73 1141
62 12 2389
76 72 6579
24 52 1908
9 23 1285
7 43 4683
22 57 7545
92 43 3487
100 38 7687
50 96 1768
46 31 2874
51 71 6564
95 6 9945
75 30 8537
5 43 4465
62 45 986
59 58 2482
75 67 3970
38 91 8568
2 52 3218
90 6 6335
94 13 7977
35 59 6110
100 85 1611
24 57 2000
26 78 7217
86 54 5851
88 71 6812
22 95 5893
74 12 6267
35 28 5864
18 33 3385
35 63 8655
62 58 2442
28 85 5293
3 12 6291
79 58 3476
100 34 9189
10 71 9778
80 58 1162
65 21 7308
36 41 9003
49 38 4077
16 84 7252
51 85 3891
42 6 8541
56 97 8238
56 48 6372
2 82 8863
55 85 3157
54 13 5941
49 64 5197
66 41 1133
36 69 2051
36 99 3159
7 94 9485
52 64 5619
66 81 9009
71 43 6296
49 14 7864
53 61 1627
29 74 8512
23 90 1248
48 45 282
90 98 7305
87 77 2892
14 53 2924
45 80 781
99 53 2080
81 61 2701
52 79 1942
3 61 9387
62 17 1703
40 69 2371
75 100 2991
87 43 5593
31 21 911
60 22 7580
14 55 8317
65 94 9773
66 31 736
72 88 609
85 79 1321
49 12 1868
21 98 9011
29 100 4479
76 23 7704
15 81 982
36 12 3487
99 41 4000
10 99 8845
1 72 5114
39 33 2511
74 96 6444
56 71 1747
82 73 6167
34 63 9336
86 51 4670
42 94 6947
3 60 1415
35 84 3723
24 31 5241
64 1 802
50 19 1777
47 24 7611
13 95 3792
44 97 7370
10 31 8521
47 38 1371
60 92 2038
28 14 4646
3 40 8458
39 9 8998
93 22 5966
47 75 6677
46 90 8009
66 88 445
75 27 4381
32 91 8990
97 63 283
22 91 8380
81 98 4186
67 6 1748
89 91 7242
86 38 629
10 22 3494
87 61 3408
46 34 9964
21 84 4516
62 25 6707
53 12 7731
1 78 8238
22 83 1947
91 97 4884
50 92 14
31 63 5909
60 63 5027
28 18 3735
3 48 781
55 13 2749
85 83 2124
57 20 5426
5 71 1206
35 58 1122
52 20 1392
4 10 7882
34 96 5482
48 84 8188
44 76 2262
11 95 4471
44 41 8470
16 55 641
82 43 5008
75 57 218
44 57 4234
89 56 5636
62 5 63
66 83 3994
45 26 1952
17 45 4578
54 33 700
27 21 9682
76 95 9167
23 43 8998
73 13 4565
86 82 9181
90 13 4906
37 74 9591
59 5 9267
82 6 5686
32 90 2339
37 21 1391
67 30 1112
62 31 9896
73 79 2512
37 26 8855
26 77 7777
89 28 4345
65 45 7042
56 91 39
1 98 8815
28 98 1863
49 76 7031
2 15 174
41 43 8432
55 69 7617
46 6 5809
23 64 8495
27 92 1610
8 48 4112
15 25 9424
26 6 8661
51 67 145
36 80 4943
11 19 7658
32 48 1061
100 5 4123
42 77 8915
66 48 651
77 43 9741
29 82 4600
60 43 9341
28 83 1131
24 5 2063
50 33 9236
14 88 9994
87 21 7269
29 26 3365
93 97 4338
7 88 662
75 98 3403
9 98 9504
28 91 2525
59 72 433
29 16 9677
46 21 7308
29 23 8049
36 22 1838
36 72 2154
73 77 6010
26 58 2301
65 96 1578
63 6 4670
44 92 2446
46 26 6520
99 75 2327
20 19 3506
49 39 6994
22 54 7593
4 35 509
14 56 6734
93 31 8545
68 72 6201
8 6 4217
56 81 607
50 3 1789
79 30 4210
60 68 4228
64 19 5153
31 53 4900
12 19 4889
32 54 8555
64 83 4403
4 15 7413
53 83 5339
82 94 432
2 12 1073
49 45 9740
9 77 2269
6 43 3226
28 22 5749
76 26 4569
73 78 4803
36 33 419
57 31 7014
57 69 7674
2 29 9097
17 42 6872
9 24 1019
89 83 6690
77 6 7380
99 76 4105
44 99 5234
89 92 3580
32 53 8321
48 92 2192
91 96 1720
9 96 8882
68 92 6419
30 95 6872
87 92 3781
60 21 7660
62 40 1778
18 20 4536
2 32 1424
44 56 7117
54 84 4967
56 26 2496
50 58 6856
15 13 3587
60 18 5722
8 100 2604
82 92 8155
70 1 6876
50 85 9374
90 78 1521
33 34 902
42 81 8471
67 71 4744
74 27 1920
46 24 1512
76 65 2123
74 40 2376
16 23 6745
32 71 2054
25 98 7048
4 74 5288
62 1 3774
30 98 2282
10 20 8059
68 61 6997
93 76 6062
60 13 5718
16 27 8775
39 94 6949
52 43 7141
91 12 5891
51 20 1915
55 53 9637
18 48 9098
10 67 5501
86 20 5358
45 84 8053
89 21 8
93 95 2233
3 82 7427
75 65 7880
87 13 3134
51 87 5897
63 90 2623
8 65 1406
63 58 7408
81 71 1097
4 39 133
29 35 504
90 61 3150
29 20 7181
74 85 5791
13 1 3275
66 100 9462
1 43 201
66 63 6624
82 72 1875
59 23 5918
59 15 5398
75 19 8824
89 70 3059
16 70 7640
54 61 738
16 79 2695
29 9 3089
52 98 2591
29 22 4404
53 25 1141
79 70 2598
100 13 2988
45 63 8567
75 22 6829
40 13 6122
44 7 815
96 12 9451
77 83 3879
99 97 4574
74 80 547
55 98 4011
14 42 5077
37 83 48
49 34 1191
22 30 7220
50 25 9675
49 18 7004
23 13 7420
10 72 6298
18 13 8879
25 52 9690
2 41 1695
66 70 4054
74 52 2748
89 53 5686
50 78 1143
82 91 1794
97 78 8774
2 56 3733
31 95 6197
61 98 9914
60 91 2682
85 19 9184
86 69 8481
55 15 9510
46 60 1657
1 46 5647
86 92 5312
94 84 1887
62 99 221
47 61 5858
35 14 5898
97 5 1649
45 85 5906
57 90 3440
42 83 5220
39 12 5580
81 77 444
8 92 2640
96 70 1877
16 25 5674
38 96 2329
31 19 9923
85 67 9727
27 65 1428
76 71 1960
44 34 869
14 81 9573
2 57 733
71 84 954
68 1 2121
60 76 6998
89 17 9987
74 43 7656
28 75 1830
52 70 9497
54 64 9313
16 32 7477
29 40 4808
47 100 1199
68 34 7697
16 96 7018
17 100 3448
39 96 5697
17 43 9275
28 99 6888
69 61 917
15 64 4854
80 30 3683
83 84 3556
54 30 3082
49 79 9356
54 58 2236
7 41 9356
62 95 5434
29 76 15
16 63 1315
62 100 6302
96 77 9587
4 32 8399
3 22 3607
48 64 1707
46 95 5396
18 25 3594
82 79 9362
30 90 7226
1 84 9442
54 94 5026
74 62 1054
4 90 4249
60 27 2577
35 54 8750
79 21 7618
27 56 6024
65 19 4446
9 72 6892
2 11 9263
39 31 5362
42 5 8097
55 68 2945
99 82 5269
16 56 7530
22 48 8652
66 61 3856
50 87 6885
3 7 4085
60 66 222
69 84 4551
69 71 387
51 45 9808
57 25 2949
90 95 345
4 48 7866
85 61 4697
50 64 3938
54 6 3580
56 12 8274
68 31 3379
14 90 4957
22 98 9327
59 53 3980
34 61 7533
8 71 4428
74 15 1597
17 31 9909
9 57 8873
56 78 4841
10 19 9171
72 34 587
51 78 2937
86 47 8468
88 83 2207
17 73 467
100 91 7119
36 66 2415
74 69 3703
8 43 1204
50 81 2636
97 6 8254
72 77 7942
45 61 8796
89 88 7554
79 71 8286
40 61 3013
54 21 8602
100 15 2224
25 63 6592
39 22 6875
80 98 5602
71 1 7901
17 68 6201
31 33 9581
92 79 5433
83 19 628
46 39 7530
7 33 1693
100 6 5853
75 80 2370
100 68 864
72 63 2791
93 20 5306
72 52 9331
9 31 1349
72 42 2124
37 13 6449
37 68 3763
60 100 5827
56 65 4004
88 52 6399
65 92 432
32 31 1945
75 70 1546
74 56 4337
9 92 231
47 60 4558
74 39 9291
68 42 2454
9 70 7502
16 61 6165
15 21 4407
1 70 1754
29 55 8718
60 28 3988
10 35 7186
56 73 5697
59 48 7869
10 80 5231
29 48 7901
89 5 238
2 39 6094
1 64 691
88 13 1895
17 11 1776
9 73 2040
66 7 371
86 40 4576
72 54 5802
28 84 2549
52 78 8580
62 53 8552
3 75 2980
45 58 524
30 69 6449
10 29 3668
76 31 754
82 84 7359
64 67 2958
60 95 9559
1 38 1212
59 94 5475
92 21 3966
55 41 2965
99 48 544
82 31 4305
56 53 6502
24 85 6240
39 20 2173
72 64 1732
32 52 4141
97 69 8762
15 33 4177
18 32 1183
37 16 656
1 26 5952
78 12 3222
87 82 7378
50 65 6880
72 58 5376
89 52 9926
7 21 5459
42 13 279
91 26 9257
11 85 2334
29 45 3080
46 54 2925
89 24 3088
86 65 438
45 68 2234
45 42 2646
14 19 8001
16 77 4060
16 15 6611
55 30 965
18 67 4603
26 70 7267
47 43 3818
49 70 7195
2 63 9439
10 68 5550
36 20 7687
33 42 8200
50 86 6078
51 94 8869
7 54 5208
52 5 2030
86 53 2091
81 20 2585
49 82 5261
59 25 3818
55 79 2511
25 6 719
56 100 448
55 58 8119
44 11 3052
66 27 3527
24 43 7395
28 73 2491
80 72 316
66 33 5981
99 34 1489
33 19 8316
82 90 40
4 22 4451
51 68 5632
80 63 995
12 20 1718
99 90 9450
73 63 4541
49 20 1156
10 53 1351
67 21 2227
1 87 5708
48 12 7428
16 65 1095
1 6 7267
18 90 9457
16 91 9537
50 27 9851
93 69 1069
82 58 9706
38 84 8713
92 1 1787
47 94 154
2 100 6832
62 75 1191
53 79 32
37 3 578
17 57 33
47 79 348
49 13 6558
10 13 1521
89 11 8663
89 74 2950
36 63 2324
22 64 4295
23 67 3944
46 40 393
24 92 3744
96 78 4836
29 97 1548
51 31 5094
1 59 7062
29 59 3607
56 20 2521
15 5 4508
4 82 873
74 75 8330
21 5 397
2 27 7076
17 65 9398
59 11 102
30 63 2140
4 9 7537
66 85 6607
49 42 5323
47 64 5079
37 38 6639
54 77 5901
50 26 5111
1 77 6986
10 3 2458
74 38 2984
49 67 5648
94 69 5407
2 49 1659
11 78 6294
27 57 5702
17 93 2051
11 6 6389
74 31 537
1 21 9950
89 43 7834
86 78 3950
9 15 3557
35 100 355
4 81 4810
35 27 781
74 68 5036
10 87 5206
54 52 4208
74 13 785
55 34 5307
42 52 6348
28 96 4673
2 89 1914
16 85 8022
46 75 9751
44 71 4904
76 98 3922
87 1 1214
86 94 1889
55 64 2732
83 20 549
27 69 3888
15 43 4490
48 80 2207
99 84 182
100 78 6544
56 72 609
91 71 6570
35 25 7080
1 16 558
10 89 4404
26 67 7382
9 27 466
80 40 1110
8 78 2191
81 58 7599
62 73 2497
22 67 7396
48 5 1806
1 13 9633
35 41 9054
28 90 4505
62 33 4306
29 12 7319
44 53 8879
50 54 408
36 100 2222
5 19 2800
52 84 7973
18 80 4110
10 81 1883
3 98 4873
40 12 7998
91 83 2725
13 58 3431
47 25 4531
44 24 9268
7 65 4039
72 43 7452
9 54 6347
51 9 949
29 93 8207
49 77 80
15 92 7766
42 95 5668
8 2 2270
80 43 5364
11 90 4516
42 1 6017
32 1 3522
39 25 4149
49 90 5071
37 72 4378
55 25 4806
44 27 2389
87 94 3256
1 73 5213
91 88 4611
35 83 2408
3 39 9538
91 90 5072
59 83 4290
48 40 4410
56 45 9421
75 43 7014
99 7 7841
11 20 303
58 71 6281
41 69 1879
30 1 4107
51 97 8980
86 95 9179
18 40 2313
4 21 9059
24 63 6945
59 67 4333
39 100 7681
32 85 2308
65 69 8848
87 25 3697
37 19 2181
50 63 9348
16 43 8767
44 95 6559
24 84 4153
4 75 7508
66 97 9814
44 85 5718
22 85 8470
75 61 2221
62 82 5255
16 7 3541
56 1 6511
96 90 6016
95 98 9314
70 90 9876
93 65 3856
32 79 9616
70 43 2509
93 54 2087
36 81 3722
85 91 1488
38 88 1265
49 63 2387
29 25 6898
53 84 8209
22 38 6719
8 91 4578
33 43 6869
41 92 1918
28 92 8275
65 24 9049
37 30 1266
48 42 3393
28 34 5607
41 20 1770
36 6 900
16 40 1773
44 38 7487
55 76 9369
28 68 3993
40 97 9093
34 30 9262
75 63 6855
99 80 5109
59 87 8575
2 88 3083
65 82 8964
82 38 4542
15 78 5591
7 73 7402
27 6 4616
96 20 7078
39 43 8667
34 77 7002
17 20 327
57 91 3227
88 20 72
82 70 4905
10 100 95
74 67 8341
33 58 9531
48 58 5496
17 82 5958
59 38 2923
44 67 7454
37 100 7728
4 6 3823
93 90 9226
57 97 1566
14 9 9543
65 42 9571
48 25 659
68 71 5156
14 95 6425
4 83 5767
23 58 82
48 68 9507
35 61 1082
51 53 4624
1 22 1449
18 85 8484
73 23 9239
68 33 4878
41 48 7150
60 34 2592
1 97 5205
52 6 6728
16 78 9015
76 11 6461
28 77 3175
61 77 3707
70 13 5991
22 45 8670
72 71 9665
49 3 8913
76 41 2475
29 57 3744
46 67 9087
25 34 8053
55 63 5309
23 84 4982
18 15 7623
40 6 5967
81 97 137
66 65 399
70 6 1733
16 28 219
93 38 6258
86 43 2815
86 93 4842
49 1 7706
99 9 1298
92 20 432
86 7 2584
76 12 4799
25 64 9375
26 97 4140
9 97 7878
66 40 4741
86 85 600
2 55 1052
17 9 4799
4 25 6590
10 49 6073
100 83 4463
73 54 1854
2 5 8548
39 34 8206
99 32 941
36 87 6600
86 1 9867
36 21 5922
74 54 4222
45 94 5833
7 87 2410
93 72 4620
74 14 3918
1 9 2628
74 5 877
91 77 3084
37 28 3821
45 95 4935
31 69 733
35 18 604
10 42 7518
2 69 5531
14 67 6330
27 91 8009
82 19 3408
80 5 1070
95 19 8608
91 98 812
1 37 5869
11 83 5197
62 98 6884
74 34 6683
70 20 7050
51 30 5431
17 56 1241
55 61 4342
86 24 2030
29 61 1107
10 83 6615
78 83 2603
11 64 6939
27 25 9025
2 87 3575
44 49 7208
17 52 8004
47 9 803
93 19 291
32 27 1825
1 40 5737
14 58 1023
23 5 2428
35 55 9606
8 33 6553
35 76 8758
28 67 7614
56 31 6313
69 13 6179
32 84 6221
1 96 7124
65 54 8399
92 84 7769
47 7 4007
42 58 5082
49 87 1171
22 23 5790
89 40 6322
27 68 5512
57 13 4171
92 19 3780
24 90 8479
79 63 6774
35 72 7070
86 64 7503
58 6 348
39 42 4278
49 33 1858
74 30 1150
73 58 4568
44 93 3682
62 70 3239
55 21 5591
37 92 2462
16 87 2844
53 95 8495
37 87 7571
76 27 458
44 36 1159
86 74 3749
31 84 3030
21 20 4634
63 43 8500
56 57 799
45 79 4993
7 63 3581
26 1 1969
72 30 782
29 89 6254
84 43 3832
86 77 4952
87 12 33
41 97 2310
32 72 8077
16 12 3454
29 68 6164
99 69 8424
32 64 7731
14 92 8022
28 30 5926
64 61 2299
10 33 8055
37 52 9164
2 47 4241
18 79 6868
100 69 8359
50 52 2735
7 100 4438
24 68 5168
35 24 246
66 98 4539
63 19 8198
59 84 4879
22 73 3038
27 12 5348
8 63 9871
91 84 2970
47 56 7316
80 1 7004
2 26 9223
28 9 7499
50 23 1956
2 38 5607
68 78 9809
60 89 32
75 41 9060
96 6 2324
66 11 4808
28 56 6791
35 77 6697
54 96 7085
32 57 5441
50 97 4752
45 19 6248
68 98 9681
22 88 1619
37 27 958
33 96 8767
80 92 2409
43 1 6126
29 42 9012
38 94 6947
79 43 4323
49 94 243
83 71 6336
51 22 9670
62 94 113
11 13 9305
39 88 3337
47 54 7117
14 68 8527
3 18 835
3 1 5424
57 98 485
53 19 6995
25 61 1807
29 19 9544
44 15 5671
97 77 6614
87 97 2686
49 24 2367
11 43 50
3 26 4478
28 71 3470
63 12 6297
71 19 510
79 98 1441
51 1 3607
37 95 9277
100 23 3849
96 21 9732
74 53 4640
82 68 7147
33 40 4054
52 58 4882
73 20 3482
48 98 75
75 26 1347
9 26 2786
68 40 3411
2 64 8463
88 92 7664
22 84 597
47 73 238
67 61 8148
82 1 3944
68 13 2044
8 12 4043
37 69 9614
100 77 5010
47 67 6729
22 27 8332
33 5 5059
10 26 7558
47 6 1802
10 40 7708
92 70 8068
75 87 3242
38 79 1314
32 15 3696
22 33 3442
76 5 1045
59 32 8335
59 33 6940
18 52 1450
62 18 9569
29 32 421
99 67 7876
55 91 915
15 40 9558
29 70 7638
17 92 5729
93 70 7221
44 52 8234
63 98 5966
48 100 1720
37 70 2177
60 67 8009
15 23 5762
2 54 8142
4 91 9370
14 5 2490
48 54 6474
18 14 4429
46 41 6400
37 36 8275
51 34 2136
48 38 4467
52 96 7868
2 65 3449
97 71 8162
37 58 7661
44 73 845
47 14 6496
18 94 4600
62 41 8646
49 88 2416
28 31 1372
78 5 6521
4 77 3330
3 83 7281
50 12 4158
38 19 9058
29 37 4501
16 6 2391
38 77 1375
14 7 6220
22 11 920
38 83 5736
72 12 8333
46 49 9061
32 12 5105
7 64 7175
15 68 1886
56 54 9533
36 64 3574
57 45 160
40 96 8020
8 56 8040
18 55 4379
27 40 7820
93 33 6201
99 63 8391
76 73 5016
55 81 9048
59 61 9342
1 24 3661
47 70 1464
22 82 713
11 34 181
74 21 1145
47 96 7993
24 1 4338
86 14 6555
8 13 8845
77 84 3081
32 95 7929
74 22 1416
40 94 4000
2 70 3664
55 80 9749
46 64 9412
2 83 5121
44 39 6923
25 77 1298
48 20 1005
35 95 496
14 61 7809
18 76 9025
36 53 4887
99 24 8540
17 76 3196
95 1 1087
75 9 6930
33 6 8212
94 95 6486
56 23 6272
56 90 1872
76 79 7949
47 41 3336
9 64 2053
66 90 9094
85 12 7681
4 66 2742
16 22 5648
4 68 2877
18 30 5822
29 6 9928
87 53 4293
46 63 9821
4 43 9944
26 25 393
50 39 5585
22 15 5064
25 88 3667
50 16 3234
9 100 6068
65 13 4162
100 88 1042
29 56 1444
16 51 5400
53 5 9581
83 12 4640
11 63 6486
56 84 2863
28 95 2851
55 100 2971
76 21 9134
85 21 4722
60 78 7272
40 83 8821
47 32 3126
4 65 2717
2 33 6501
7 57 5868
89 41 4716
47 31 9378
13 78 1689
72 19 4643
94 79 3670
50 70 7862
17 33 4586
60 36 414
90 5 9798
62 61 6001
9 1 4080
8 30 3031
53 21 2069
1 61 4593
85 95 424
15 91 9864
40 63 9992
72 96 6357
61 83 4503
100 97 6477
16 48 9219
14 82 7353
54 25 5799
41 77 4704
23 95 8427
36 67 9422
28 6 3524
7 85 7904
55 23 2138
45 83 25
34 58 123
3 45 3205
14 24 5754
35 75 1812
57 33 7848
4 98 5775
8 42 6025
29 80 8785
49 5 6188
50 11 2174
1 94 4786
44 77 267
67 58 1556
81 79 3206
30 12 4859
27 20 1979
8 29 3069
39 93 1202
91 81 8335
56 96 3924
85 6 4030
74 78 3905
44 31 7628
80 67 9828
36 31 4960
51 38 2406
96 83 5602
22 81 8484
49 83 310
4 37 4091
41 71 4860
88 69 432
1 49 7296
89 79 6965
62 96 8595
86 87 1495
46 92 2739
94 77 971
17 48 279
37 91 8926
57 63 3144
17 79 1416
47 34 5544
89 78 4699
87 24 973
81 30 6754
35 88 3030
38 13 394
40 20 7955
86 66 7716
35 33 4317
35 92 1984
44 33 7973
39 1 8296
56 38 8163
9 61 2932
99 43 702
74 79 3764
74 98 7767
2 62 7363
53 20 7855
8 31 8978
59 64 7794
37 23 1502
18 51 5942
86 75 2741
94 71 2996
57 34 8680
11 31 63
100 52 3274
99 87 7605
14 83 9559
89 72 1042
26 30 9500
80 85 609
28 41 2014
89 19 6253
46 18 3638
61 12 2407
53 92 4207
50 36 7706
54 5 3075
15 77 6190
85 1 5678
87 48 1371
59 98 4353
89 18 8609
37 98 8424
12 71 4468
47 45 2728
87 96 5786
86 96 2322
47 11 1705
51 26 3579
28 55 3823
89 54 7647
40 92 2671
85 54 3170
50 94 6326
36 26 2734
42 30 6444
33 83 283
33 20 2292
22 41 7485
8 37 6134
47 72 9252
35 5 5850
18 19 2387
91 67 2890
75 31 4609
57 96 6593
36 58 595
17 94 4035
51 14 2783
93 81 6272
89 14 5405
17 14 3487
89 27 1232
39 14 180
81 34 7954
73 95 3959
53 98 5965
39 57 6628
17 6 2016
99 5 5896
9 71 6802
74 61 9662
47 91 8566
68 21 9972
42 21 2339
51 25 7651
48 78 2767
11 67 8973
28 65 6294
60 73 6603
10 51 5107
61 78 5546
96 79 2452
22 7 7493
10 30 4787
10 96 3412
74 59 437
68 26 5381
9 76 7447
70 98 9571
53 58 8004
31 38 9203
51 52 3057
59 90 5587
33 25 9383
10 47 7363
33 98 5898
67 12 5347
96 69 342
32 40 7913
44 6 1242
39 63 7143
57 30 3926
74 82 6160
93 82 3466
54 1 2616
49 53 3810
41 78 6232
18 22 7941
35 71 6456
9 32 9186
73 34 3047
45 23 8353
50 32 1638
86 62 6891
66 54 3139
79 19 1401
18 27 3679
68 85 4871
81 19 8847
10 15 3250
1 83 2874
11 42 8050
76 67 2658
18 81 4812
17 34 7432
100 40 20
28 52 709
100 26 9130
4 26 361
24 42 4973
17 85 372
44 74 3856
44 3 8898
27 43 6531
75 14 3673
51 21 1514
60 97 6692
34 70 6257
76 38 9454
18 6 9499
18 82 5442
62 77 8852
46 1 7851
17 87 3431
37 93 2094
72 53 989
49 98 4832
27 1 5772
59 69 5859
8 72 3678
60 59 9021
94 30 5084
7 96 8079
89 93 8031
80 69 9896
63 71 1862
74 41 8050
53 33 6956
68 53 992
10 32 4763
49 59 1929
51 73 1363
66 5 4970
10 1 826
24 25 4245
15 63 4994
82 24 8691
89 6 936
60 26 1250
41 27 4496
9 84 435
37 31 3044
64 21 3347
49 48 4637
86 61 6474
31 78 1792
47 18 5626
72 94 7657
1 23 7564
41 70 7836
49 69 7687
52 61 2936
85 42 2920
15 19 5765
82 21 966
50 89 9167
1 92 7627
46 76 5368
99 19 6122
29 31 8618
81 96 6482
86 56 8050
1 86 6332
82 95 1451
4 93 5228
73 40 576
29 34 6444
8 1 270
9 93 7863
100 73 4046
89 82 4766
10 86 4649
35 82 7089
24 40 4464
23 61 9286
4 49 9914
90 43 2608
47 76 1263
60 48 7571
65 71 6523
66 13 9098
17 22 5257
64 6 9458
7 69 2017
75 1 7373
3 34 6776
47 89 1183
22 34 1351
51 83 2143
59 85 3657
65 15 9968
50 99 8624
54 91 8058
41 42 6299
42 70 6426
93 26 9637
26 64 3226
79 78 9221
91 6 9907
57 21 1089
65 33 3266
89 34 1024
52 83 2089
66 67 354
46 28 1839
98 43 1374
8 82 6620
53 63 4446
81 95 2636
81 78 4190
82 53 968
49 92 1734
46 81 5798
48 1 6778
44 23 102
14 6 3170
35 62 3553
2 74 7637
54 83 4521
7 82 2047
67 5 1293
76 77 840
47 19 7022
15 20 5702
53 1 3491
100 95 9799
54 43 5339
8 64 6716
80 84 9019
8 16 1597
32 22 4156
62 90 2285
94 61 2620
42 88 6245
66 95 8990
72 92 810
8 61 3970
2 50 1961
94 63 1608
94 98 2958
35 34 6150
39 82 2575
56 58 1043
45 71 8299
26 61 5704
2 94 1144
68 5 7821
1 31 5608
44 83 8780
77 78 8693
38 5 7654
3 11 6424
60 65 5884
15 97 1027
33 71 2126
63 69 9374
18 17 825
27 77 3816
3 33 2442
29 36 6196
75 59 5412
21 71 6597
58 19 4832
77 98 8031
33 21 9193
67 84 173
60 79 5192
41 80 9515
80 38 2134
37 18 6799
36 54 2472
4 87 4635
67 1 9374
49 89 3514
7 23 2934
23 97 1429
22 92 1009
26 43 7106
49 80 7037
18 83 6141
48 24 5798
31 92 1042
66 53 2564
42 97 1681
62 64 8421
86 33 1041
34 92 7407
10 70 9245
31 13 4856
55 82 9848
74 17 5440
32 98 267
29 66 2796
74 73 6623
39 5 4649
76 20 1989
89 38 6796
65 95 9841
89 45 1503
25 95 8929
18 98 6639
90 84 326
66 64 3563
9 11 2364
17 53 3839
65 81 2848
35 19 3793
34 6 1199
47 16 9953
46 89 7181
98 6 7339
55 97 2102
10 34 8222
46 47 9903
72 70 3783
56 98 6642
93 32 943
25 83 7541
74 36 2239
79 13 2151
35 9 7388
40 81 4030
87 88 2417
48 6 183
27 96 653
8 24 7066
59 21 8523
93 27 7448
46 7 6906
55 77 6377
41 13 2728
73 67 9896
36 68 6702
35 74 6290
25 13 2260
50 66 6892
3 35 5490
23 19 2404
98 84 8091
37 42 5442
48 77 9584
44 13 5429
3 63 7544
22 24 4157
85 88 1683
55 73 7678
53 88 799
87 20 8978
63 5 5218
44 64 9389
55 38 1128
34 12 8957
62 34 3418
38 52 3544
61 58 5491
100 12 422
85 90 6961
44 100 4014
99 88 7869
24 34 218
66 69 390
59 78 596
16 72 114
44 81 3444
38 40 3238
8 28 8725
65 34 6687
10 14 8727
99 95 7480
10 37 1129
5 1 520
7 81 7063
29 63 6558
3 71 4415
85 53 7571
17 38 4592
87 70 8444
10 54 4721
57 84 3569
65 77 13
35 43 4109
1 81 1048
59 76 8969
86 71 3879
29 78 944
66 73 4460
83 98 4300
8 20 7904
82 83 8473
14 100 2169
56 30 8122
90 21 5214
62 30 9116
37 5 4587
75 66 5009
89 42 2353
73 26 9663
75 84 1696
16 82 7431
22 1 7142
35 53 2824
54 12 7951
8 84 556
4 96 5733
51 15 8717
73 98 8126
48 73 325
59 45 7161
82 33 2847
100 82 245
57 61 7173
100 79 6955
68 30 7645
7 70 6142
89 81 833
51 6 8588
17 88 6953
47 13 5133
85 30 2843
47 63 1777
16 60 3653
2 30 7316
10 95 6990
66 84 2768
98 1 1902
74 87 8351
57 12 1473
17 70 1564
9 83 46
54 70 5255
29 14 5057
10 9 9221
48 85 3205
87 27 5612
52 21 4954
53 77 1922
1 60 3738
51 57 1630
96 95 5434
51 100 6584
89 69 8226
82 52 2606
41 64 9890
2 92 5870
2 75 5099
99 68 7075
4 61 809
7 12 2051
3 77 2207
49 66 3652
31 64 3827
40 1 2211
40 34 967
75 38 7169
60 74 1330
18 68 9221
18 78 5519
50 53 2802
48 81 7136
50 91 5564
44 63 8057
23 25 2193
54 67 1136
44 80 7613
99 57 7804
67 13 2441
62 91 5886
68 43 1541
29 73 4070
60 94 1319
16 71 4476
74 23 8648
66 25 277
35 79 718
10 73 869
28 43 5375
44 91 7792
63 13 1678
31 34 7426
85 71 6350
76 91 1681
48 21 7604
53 91 8560
62 69 2647
91 69 4772
59 79 9889
88 94 8219
33 88 290
47 98 9043
72 33 5355
10 21 2205
18 63 3451
93 6 7547
46 55 3341
60 55 1063
56 25 1702
3 21 5781
72 6 3301
44 65 9595
99 96 6203
29 30 971
99 6 4070
95 5 4850
87 81 1247
7 31 1139
1 65 2070
65 57 6622
60 64 8930
75 88 3747
89 66 399
46 27 5279
44 58 1779
37 85 8002
3 54 3838
62 78 4426
62 39 2774
41 88 79
10 50 8996
3 15 9415
56 69 9121
55 24 4350
36 98 1620
23 71 8923
66 6 8248
68 6 1312
45 98 6337
10 41 9950
50 77 7092
44 5 9637
8 74 5896
74 72 9646
41 58 608
74 70 6317
55 33 4495
3 9 8206
68 12 7456
2 73 6565
62 11 1179
8 38 6385
9 69 6663
100 96 1577
50 95 1664
73 42 8442
36 7 5931
8 3 1853
68 83 9219
2 95 5056
38 98 1931
64 20 8214
5 12 4470
59 100 7403
37 47 8916
80 96 6089
49 95 6325
75 13 7163
87 63 7400
8 25 9014
36 34 3464
95 77 844
3 42 8650
28 27 9359
41 85 489
24 15 5609
36 27 5676
59 41 1336
11 91 3815
30 84 9483
38 1 7900
72 85 1345
18 65 5867
36 55 914
24 11 2922
50 41 3882
89 68 5707
7 6 5204
79 90 5735
33 64 4925
90 12 259
1 76 4017
99 26 9491
42 90 4728
29 41 7772
91 78 4758
97 98 817
99 65 448
13 77 1920
100 43 4568
4 55 9461
84 6 1736
21 6 5411
52 30 4463
3 73 7446
88 95 2252
2 9 71
46 77 9473
33 1 3587
64 71 237
72 5 8955
70 30 7838
64 84 1582
37 78 4822
37 54 8751
22 20 855
65 97 5055
27 42 810
85 20 6058
7 84 789
41 34 2086
96 19 6316
99 66 1158
29 17 1576
37 34 1043
41 23 5281
2 80 6333
73 90 8211
82 85 5728
37 6 4605
49 73 9131
91 5 1541
39 51 2692
81 13 893
56 82 6003
16 5 137
87 26 3144
46 12 2425
1 28 9610
32 63 6730
57 5 9014
1 68 8564
60 57 4567
3 62 595
41 12 9737
68 79 9670
72 95 7801
54 98 4792
51 92 479
11 72 3858
44 75 1932
51 64 2564
7 58 6525
46 19 9441
81 92 492
56 68 3919
87 79 4721
32 68 3176
39 83 8482
39 70 6801
72 23 4132
87 68 7612
60 19 4693
56 11 6823
26 40 8504
55 92 695
37 40 6960
61 84 1648
38 43 9471
41 52 2921
47 95 4729
57 71 8484
62 9 7836
15 34 5648
61 43 5430
4 92 7573
1 10 5317
7 78 3230
3 70 8716
29 5 2147
59 30 3439
74 33 6999
28 70 1062
31 77 6315
45 92 6440
18 93 7905
98 71 234
100 72 7512
10 98 7433
56 67 8715
94 12 664
59 66 1564
68 84 2678
76 63 5356
10 5 8387
47 80 1181
11 45 2402
80 83 1698
3 55 9180
76 69 1873
24 97 4618
31 42 261
60 81 356
49 11 2453
65 43 5908
93 53 2138
68 95 6377
2 78 7576
86 97 1719
68 94 5092
96 30 6074
75 45 1510
86 3 2091
7 91 7135
49 9 7824
73 5 4882
93 67 1392
73 94 4409
48 43 8745
49 61 8824
14 84 9475
80 90 9409
88 98 387
15 6 8504
85 64 4764
85 5 5125
35 1 6037
63 1 7166
50 5 6822
49 52 5216
4 27 9038
39 65 7791
8 9 1828
53 97 5745
31 70 244
99 15 7735
89 85 4234
68 25 6620
8 77 5310
90 58 5953
81 69 8064
48 90 7735
42 26 3814
44 48 6506
4 33 4870
73 19 1637
67 98 7739
40 98 2613
35 32 2398
62 36 6483
18 45 1436
54 19 8224
41 53 5891
86 26 8174
35 91 6728
10 25 655
33 92 3299
76 61 2764
9 80 4172
73 43 6472
100 57 4331
46 57 9561
18 56 4263
75 76 6159
65 52 5305
82 88 858
66 12 3893
16 20 5891
68 38 3829
47 81 5555
87 91 8195
89 76 1892
87 23 3289
81 43 2008
1 51 4749
100 94 4510
54 81 9996
93 66 2487
100 25 7122
68 80 2393
100 1 8970
65 67 4909
41 5 617
86 23 1212
63 84 9435
62 66 7344
44 40 8218
69 19 2733
80 73 6459
25 92 2389
44 4 5556
37 89 789
88 97 1949
16 67 6170
8 70 6947
10 94 3606
45 21 7027
49 57 7192
82 15 5848
99 71 856
74 58 2746
50 59 4042
15 53 9099
93 71 2386
54 88 6049
1 52 200
56 42 6896
66 21 6044
46 98 2686
55 70 369
14 91 4789
59 26 8007
2 19 1630
57 67 1757
18 23 5571
68 20 1064
36 51 9100
31 94 3788
69 77 148
30 71 1910
9 22 2529
3 85 5703
28 33 2698
86 41 829
86 9 1873
27 100 9645
54 34 4434
74 64 5251
60 32 6836
44 90 6633
23 96 2458
79 77 5933
1 88 674
52 92 7909
34 21 8318
48 95 6722
60 82 8108
16 98 1565
78 98 9118
99 20 7145
31 23 8286
33 97 3906
60 40 1504
70 63 9915
49 84 5662
17 75 7074
70 71 978
17 12 1113
97 43 7213
55 65 1125
36 1 3022
54 63 9741
47 90 3179
25 5 2071
29 24 570
96 97 1403
76 81 1715
75 93 1355
28 58 6654
82 96 4902
59 91 7988
87 64 9111
100 92 834
17 58 8661
16 38 3371
74 19 5504
14 12 1735
37 76 1478
16 31 7068
44 9 7204
1 63 4975
9 40 1705
41 45 1109
59 27 2830
1 17 1619
45 40 3122
66 20 9903
56 77 8948
69 98 586
11 77 3467
33 79 72
100 33 9959
54 71 3208
8 10 9603
77 71 2029
57 95 129
72 69 1005
3 36 3744
47 66 7835
80 19 7658
9 82 4997
51 65 5822
13 6 3121
87 33 2183
85 98 835
86 6 6491
3 81 7686
35 52 8921
2 97 4321
1 95 1105
57 42 6124
40 84 5647
75 71 2810
10 61 3584
22 80 8476
89 98 780
95 71 3057
36 71 4730
41 68 9728
88 30 3642
64 13 8196
64 12 6151
47 5 3600
26 20 1403
5 58 5753
99 83 5628
28 59 7883
56 24 6758
79 1 5723
49 31 5718
59 96 767
59 92 7072
10 11 7891
91 21 3887
1 20 9254
68 52 8725
75 25 6730
96 71 6939
16 62 3997
66 45 1050
3 31 4395
60 38 120
16 17 6696
73 97 7204
27 24 3703
10 48 1523
62 19 4336
99 59 3111
2 14 6252
95 58 4063
18 72 6752
97 79 4447
59 40 6565
8 40 6703
47 92 2202
53 78 2318
2 40 2331
86 67 84
9 52 9075
4 40 4405
50 1 2153
53 69 6193
93 94 1476
38 81 44
28 11 80
75 15 729
99 93 8768
55 72 6809
88 61 4019
8 76 9117
29 91 4210
75 68 8414
7 72 9236
45 78 7257
99 14 1969
91 64 9291
44 72 8779
54 26 2656
74 81 2401
9 53 5030
4 62 6718
52 97 5505
39 26 5828
37 61 3283
7 92 2207
99 11 8029
50 40 1952
89 1 4537
62 63 4465
49 96 7378
44 47 5294
32 45 6617
56 83 3570
45 38 3121
60 98 6660
27 82 3649
86 76 202
24 81 1780
28 19 6809
87 19 4220
23 20 896
76 52 1018
1 8 8985
17 84 6483
50 51 4626
17 59 7306
62 23 5773
35 48 3404
44 19 9961
54 95 4526
94 70 4785
55 20 3031
88 19 30
80 53 613
22 56 6313
40 43 2236
60 1 8641
72 13 4616
3 16 3125
48 88 9457
82 97 1993
93 48 8418
3 25 6074
1 75 1914
2 93 7890
3 27 9085
37 51 5563
57 6 8091
87 84 7216
65 73 8723
11 68 2311
39 19 8111
74 93 6093
99 61 7647
57 52 946
100 63 718
51 80 4952
34 84 3070
82 30 4122
44 98 4913
82 20 7595
44 35 5258
45 20 7943
55 1 3976
8 59 5870
66 32 607
70 69 6212
51 96 863
72 78 1574
14 65 5688
73 61 319
87 80 3566
5 6 457
47 51 2744
22 100 5479
93 78 8346
41 67 1829
86 91 7393
59 57 6437
62 43 9044
49 81 2468
31 25 5099
55 31 3507
21 83 8560
88 84 2745
45 13 804
88 21 9277
25 94 7697
13 21 3873
53 42 9750
99 56 8961
37 55 1468
38 95 5008
61 19 3255
36 23 1795
2 42 877
34 13 213
15 54 8006
85 25 8091
37 43 1786
90 77 3693
32 30 8410
65 1 1703
91 61 4149
39 38 7505
86 28 3533
65 61 2495
96 61 9333
40 30 7278
7 98 5283
28 81 4729
92 12 9745
18 38 381
14 96 4587
21 58 8304
89 62 3125
1 34 5390
32 82 7580
3 5 7173
32 38 9262
79 6 7330
8 57 2485
11 70 7081
48 52 8689
88 70 5739
4 29 8876
62 26 9565
22 58 2303
76 7 3233
68 69 4008
22 13 440
22 90 3278
40 25 8769
18 36 2142
66 30 3778
82 69 6273
2 60 5675
38 70 2624
17 71 1958
82 34 2952
3 59 7906
27 13 6686
22 31 9048
28 93 8286
41 90 7624
15 83 7351
12 1 7763
4 38 9365
89 9 1282
37 33 4935
4 60 4978
11 23 8611
4 17 7420
50 69 8411
25 1 7299
86 72 9510
99 12 7286
85 58 3216
11 97 1813
95 61 6870
13 84 7223
4 80 2252
92 63 147
17 98 5991
50 6 746
31 71 277
59 6 8615
23 52 2772
99 52 2900
2 61 572
8 54 2075
31 30 806
8 27 3609
11 26 1122
22 65 5443
39 76 1232
44 46 8472
62 24 3205
89 48 596
22 79 9753
91 42 8140
57 15 1926
46 22 4716
18 34 1911
72 73 336
41 38 8366
44 96 1420
1 54 3973
14 77 7933
54 97 9584
26 19 842
64 77 5155
76 24 8188
56 88 7341
55 32 7497
60 90 8933
30 20 7617
40 79 6112
8 4 1704
44 10 6868
8 52 3035
73 88 3778
63 83 4025
25 69 6644
16 75 1251
93 13 9468
33 12 4227
64 97 9722
47 52 2672
16 94 4823
56 52 5826
25 84 7163
87 54 3100
99 55 541
28 12 9073
57 1 3435
76 80 5259
18 53 6845
5 83 7407
39 45 3191
85 73 2780
15 72 8248
29 62 4698
30 13 967
3 52 1940
34 15 2 78 93 72
